0.17424 -0.08645 0.14515 -0.04522 0.01074 0.18912 0.00868 -0.22762 -0.07364 -0.10219 0.26603 0.20632 -0.01449 0.05068 -0.08268 0.11448 0.04211 -0.22991 0.08463 0.13805 0.15332 -0.23360 0.01241 -0.28914 -0.04489 0.05235 0.10977 -0.05325 0.11676 0.07516 0.19290 0.05072 -0.13050 -0.05171 -0.08115 -0.03308 -0.08008 -0.02231 -0.10966 0.24454
0.09069 0.16935 -0.14751 0.14129 -0.06638 0.03110 0.09921 0.18487 0.28107 -0.10436 -0.13231 0.11527 -0.04674 0.16412 0.07799 0.10491 -0.14024 0.11931 0.18562 0.09513 0.01139 0.16966 0.06347 0.03154 -0.05320 0.07450 0.24325 0.07063 -0.18275 -0.12454 -0.17514 -0.04077 0.18811 -0.13957 -0.06118 -0.00816 -0.03272 0.20945 -0.07761 -0.20777
-0.12679 0.02164 -0.12170 -0.03657 -0.08696 0.17253 0.09399 -0.07481 0.02330 0.14360 0.04546 -0.09181 -0.09202 0.02369 -0.24552 -0.03563 -0.13968 0.07922 -0.16220 -0.15582 0.10709 0.00656 0.00300 0.11148 -0.05456 -0.00272 -0.22081 0.11773 -0.06413 0.25327 -0.05826 -0.05906 0.10104 0.05233 -0.04996 -0.38024 0.02021 -0.06745 0.04939 -0.02981
-0.14526 -0.06321 -0.14647 0.13038 0.00947 0.11316 0.20237 -0.10909 -0.14136 0.17724 0.06109 -0.10253 -0.03006 0.08148 -0.21931 -0.11894 -0.14340 -0.02883 -0.12884 -0.23944 0.03927 0.14339 0.03128 0.19977 0.04329 0.11811 -0.30199 0.07263 -0.00034 0.33238 0.05983 -0.11084 0.14170 0.06290 -0.00354 -0.39354 0.04479 -0.15353 0.07795 0.06054
0.18220 0.25773 -0.19617 0.25843 -0.09542 0.09113 0.10138 0.24238 0.36395 -0.02976 -0.10309 0.18015 -0.07564 0.20048 0.15968 0.19186 -0.22572 0.16865 0.19303 0.13870 0.07197 0.16904 0.04989 0.01121 -0.01238 0.14230 0.31541 0.16632 -0.22886 -0.13283 -0.19196 -0.02678 0.21078 -0.20718 -0.01723 -0.10586 0.03416 0.29090 -0.10048 -0.26829
0.01060 0.07197 -0.13993 -0.00639 -0.08919 0.06664 0.12641 -0.10670 -0.03376 0.00603 0.10105 -0.05803 -0.02147 -0.02617 -0.16083 -0.03771 0.01861 0.11197 -0.11118 -0.13803 -0.01863 -0.00303 -0.07580 0.28537 0.09243 0.10544 -0.17018 0.17550 -0.06340 0.21603 -0.01030 0.00937 -0.03682 -0.02101 -0.10529 -0.44066 0.13992 -0.08211 0.02124 0.12844
-0.14344 -0.20236 -0.20204 -0.13567 -0.04648 -0.06037 0.20345 -0.13498 -0.08855 0.11848 0.24053 -0.03847 -0.04976 0.16547 -0.14278 -0.06203 -0.12804 -0.02410 -0.18206 -0.12302 0.06340 -0.15962 -0.03895 0.17779 -0.05614 0.20386 -0.29212 0.15540 -0.14808 0.28734 0.01577 -0.01340 0.10442 0.17887 -0.06177 -0.42069 0.05768 -0.11551 0.08446 0.12686
0.10046 -0.02912 0.06454 0.07125 -0.06421 -0.28144 -0.04607 -0.15727 0.04929 -0.17903 0.03889 -0.04518 -0.23044 -0.20807 -0.08622 0.26355 0.09947 0.03836 0.03530 -0.06844 -0.15109 -0.20839 -0.20297 -0.01875 0.01586 -0.20756 0.27164 0.13559 0.00331 -0.25420 0.30435 -0.04672 -0.07589 -0.03651 0.25638 0.37880 0.13177 0.03114 0.11140 -0.05364
0.18487 0.05665 0.13238 -0.12693 -0.14795 -0.12664 -0.11274 -0.10344 0.04960 0.04411 0.01010 0.02932 0.00578 -0.18884 -0.13158 0.17144 -0.21108 0.05118 0.16009 0.02398 0.14266 0.08316 0.06374 0.01871 0.12250 -0.21825 -0.15900 -0.13335 0.13711 -0.11677 0.00804 0.28316 -0.04119 -0.06961 0.06412 0.14628 0.10395 -0.12062 0.10173 0.00328
0.15131 -0.01123 0.02678 -0.05609 -0.08945 -0.25721 -0.02430 -0.06731 -0.02824 -0.09990 0.05635 -0.04805 -0.10482 -0.17362 -0.14077 0.32438 -0.02940 0.04672 0.07861 -0.10473 -0.14523 -0.19550 -0.26051 0.06302 0.01893 -0.14217 0.16337 0.19787 0.02748 -0.20871 0.25533 0.03567 -0.10996 0.02454 0.23989 0.20673 0.17299 -0.03309 0.07150 -0.08207
-0.15980 -0.11384 -0.35776 -0.00942 -0.00197 -0.03280 0.05171 -0.05605 -0.13845 0.12095 0.02524 -0.01893 -0.08661 0.11490 -0.14939 -0.07673 -0.02793 0.05147 -0.10438 -0.13476 0.06175 -0.00737 -0.04970 0.31232 -0.06418 0.04865 -0.20249 0.17616 -0.04823 0.23391 -0.08314 -0.07545 -0.02231 -0.02266 -0.16159 -0.57842 0.08110 -0.13673 0.02268 -0.01495
-0.02220 -0.09748 -0.12316 -0.00952 -0.03187 0.11213 0.07754 -0.03373 -0.16159 0.10962 0.26619 0.00061 -0.03140 -0.02030 -0.12694 -0.07194 -0.01498 0.12470 -0.14094 -0.08341 0.10270 -0.04218 0.03236 0.26967 0.02240 0.16584 -0.27887 0.09378 -0.01052 0.33437 -0.09138 0.06335 0.06421 0.07799 -0.04936 -0.47833 0.11209 -0.10252 0.00482 0.16521
0.01239 0.04579 -0.14886 -0.17629 -0.08255 0.07223 0.19073 -0.14201 -0.05994 0.10376 0.18069 -0.09033 -0.08827 0.11952 -0.25556 0.00571 -0.05923 0.00870 -0.13453 -0.14019 0.01012 -0.13488 -0.04056 0.28781 0.00548 0.19291 -0.24371 0.14934 -0.17205 0.18376 0.02228 -0.14686 0.14054 0.16774 -0.03885 -0.35308 0.13559 -0.08611 -0.06605 0.14486
0.15924 0.10928 0.11690 -0.19725 -0.05809 0.26652 -0.19913 -0.15847 -0.09708 -0.12828 0.09159 0.10569 -0.27997 0.00018 0.01623 0.06527 0.06723 0.16303 0.22704 -0.06392 -0.07839 0.02806 0.08778 -0.05610 -0.02987 -0.19756 -0.03186 -0.06677 0.19660 0.04454 -0.19678 -0.09428 -0.22319 0.21875 -0.09550 0.27629 0.19222 -0.15226 0.14556 -0.04467
-0.10192 0.00821 0.07724 -0.07077 0.18164 -0.30133 -0.20844 0.31511 -0.12954 0.03582 -0.00404 0.09177 0.18715 0.05252 0.18707 -0.16401 0.15984 -0.21522 -0.16356 -0.03875 -0.08109 -0.01195 -0.13927 -0.32754 0.14266 0.07368 0.08137 -0.17884 -0.07191 0.03743 0.09159 0.02275 -0.05607 -0.12277 0.06332 0.22780 0.09755 0.15017 -0.01207 -0.46758
-0.23155 -0.11801 -0.21486 -0.24427 -0.13718 0.03980 0.09255 -0.06785 -0.10106 0.13785 0.13499 -0.00977 -0.08343 0.16733 -0.23479 -0.04677 -0.09693 0.01708 0.09110 -0.13880 0.01042 -0.18430 -0.11762 0.22917 0.00078 0.16703 -0.17571 0.18315 -0.03187 0.11968 -0.15720 -0.11462 0.06432 -0.00091 -0.15491 -0.38245 0.13897 -0.13078 -0.13908 -0.06310
0.26987 -0.04496 0.14722 -0.14173 -0.02018 0.02962 0.33774 -0.05440 -0.00224 -0.06210 0.12036 -0.08248 0.07264 0.16582 -0.07931 -0.05421 0.02591 -0.02554 -0.01660 0.02355 -0.27783 0.19982 -0.01576 -0.04813 -0.09214 0.08539 0.06534 -0.25361 -0.25690 -0.22774 -0.00440 -0.06968 -0.18300 0.25353 -0.12057 0.20765 -0.14388 0.01864 0.18605 0.12606
0.05001 -0.06889 -0.10486 0.00210 -0.10656 0.08918 0.10656 0.00466 -0.08626 0.18379 0.08618 -0.00208 -0.07613 0.20030 -0.21025 -0.06992 0.01192 0.06237 -0.04926 -0.07605 0.00823 0.06913 -0.05354 0.16198 0.15277 0.22940 -0.37269 0.03881 -0.07241 0.34410 0.02132 -0.06336 0.11739 0.08626 0.03123 -0.41824 0.22727 -0.06600 -0.07006 0.15843
0.18898 -0.15330 0.08115 0.12744 -0.01477 0.03543 0.09841 -0.05327 -0.15784 -0.37177 0.00296 0.12502 -0.29940 0.05346 0.26610 -0.13647 0.15688 0.01693 0.19504 0.04699 0.10783 -0.04942 0.19421 0.05934 -0.00730 -0.16996 -0.07798 0.05795 0.03970 -0.08468 0.12773 0.19204 0.21196 0.00470 -0.24214 0.23448 -0.18557 0.10494 0.16720 0.20786
-0.14410 -0.19809 -0.18616 -0.07190 -0.08836 -0.02896 0.18066 -0.05697 0.05239 0.20960 0.08019 -0.07013 0.10329 0.20524 -0.09588 -0.02911 -0.16492 -0.04746 -0.13575 -0.04280 0.07696 -0.08870 0.00661 0.19490 -0.10150 0.10606 -0.23661 0.24411 0.03392 0.28826 -0.05373 -0.01833 0.00442 -0.04583 0.03986 -0.49270 0.03511 -0.10559 -0.06047 0.00815
-0.27186 -0.17842 -0.28809 0.03456 -0.25658 -0.14950 -0.16542 0.30939 -0.18259 0.10952 -0.20281 0.06750 0.29640 0.07708 0.28310 -0.22450 -0.08040 -0.12936 -0.15415 -0.17810 0.13952 0.04303 0.26487 0.14421 -0.27502 -0.07479 0.32674 -0.18865 0.34383 -0.04626 0.21504 0.12987 -0.27250 -0.32833 0.24137 0.00579 0.11270 0.21801 0.30089 0.24363
0.16928 0.12124 0.29225 0.03224 0.00883 0.12360 -0.12475 -0.20753 0.08725 -0.04185 0.00529 0.19912 0.03671 -0.25843 0.02366 -0.18099 0.03787 -0.14787 0.21238 -0.26126 -0.07707 -0.20659 0.16593 -0.04574 0.01233 0.08922 -0.13427 -0.13635 -0.13267 0.06911 0.11020 -0.16452 0.05540 0.26794 0.15879 0.23528 0.06885 0.18603 -0.02763 0.08488
0.05282 -0.07664 0.11323 0.07542 -0.01215 -0.16774 -0.06696 -0.11426 -0.00383 -0.09161 0.13709 -0.13395 -0.20937 -0.09560 -0.17354 0.17266 0.08055 -0.06530 0.00083 -0.11599 -0.15462 -0.14420 -0.19743 -0.04619 0.01826 -0.13179 0.23184 0.10945 0.00540 -0.24956 0.22977 -0.03110 -0.10305 0.03305 0.22009 0.30936 0.11481 0.03119 0.09737 -0.05328
0.20682 0.21929 0.10886 -0.27609 0.07416 0.01195 0.03683 -0.03322 0.05177 -0.03706 0.05100 0.15811 0.19065 -0.10125 -0.19274 0.05824 -0.11830 -0.07622 -0.15950 0.00248 -0.16003 -0.03568 0.03318 0.33682 0.13979 0.17014 0.14598 0.04771 0.09879 -0.08865 -0.07241 0.12966 -0.01437 0.12616 0.12922 0.38486 0.04545 -0.05520 -0.10923 0.36509
-0.03855 -0.05884 0.06392 -0.15294 0.16052 -0.07345 -0.06109 -0.17714 0.00429 -0.05523 -0.28129 -0.11113 -0.03954 0.13688 0.23170 -0.00446 0.10213 0.03359 0.07928 -0.08228 -0.08278 0.04851 -0.07583 -0.12234 0.11092 -0.12706 0.08764 -0.00587 -0.08738 -0.04132 0.05741 -0.03060 0.28706 -0.05416 0.11623 0.07624 0.00623 0.00203 -0.21492 0.19516
0.29895 0.21532 0.16397 -0.37580 -0.14362 0.21462 0.00304 0.13202 0.04745 0.00943 0.03106 0.06917 0.19756 0.25157 0.11763 0.11423 -0.20499 -0.16108 0.23324 -0.15586 -0.07092 0.05749 0.11271 0.04640 -0.04329 0.20413 0.06098 -0.04849 0.13125 -0.35106 0.01785 0.14635 0.08283 0.29409 0.01681 0.11126 -0.06501 -0.25101 0.14177 -0.03898
0.28150 0.01899 0.09531 -0.05337 0.01218 0.02810 0.27536 -0.06313 -0.05555 -0.07099 0.10116 -0.05468 0.21574 0.16107 -0.10754 -0.05345 -0.01087 -0.09643 0.05499 0.06282 -0.27237 0.18698 0.03504 -0.03726 -0.18014 0.02183 -0.03062 -0.20251 -0.26428 -0.27413 -0.01813 -0.05960 -0.26545 0.27268 -0.07454 0.13570 -0.19383 0.00732 0.08986 0.17293
-0.21531 -0.08700 0.22606 -0.22637 0.19098 0.00911 0.24780 0.20933 -0.16663 -0.05079 -0.02038 -0.08338 0.13375 -0.18848 -0.21338 -0.20084 -0.06290 -0.29657 0.06480 -0.21144 -0.04243 0.05700 0.14647 0.28450 0.21853 0.04186 0.08584 0.09199 -0.04112 0.12505 -0.02872 -0.01846 0.03702 -0.14127 -0.07560 -0.23862 0.15664 -0.23683 -0.04598 -0.08212
-0.12429 0.02726 -0.24596 -0.08340 -0.06382 0.16828 0.15744 -0.11653 -0.06755 0.05267 0.18418 -0.01293 0.02318 0.13891 -0.22379 -0.11567 0.02680 0.15083 -0.07574 -0.08583 0.01179 -0.10092 -0.01766 0.20975 -0.02795 0.05475 -0.27229 0.19101 0.04961 0.15195 -0.00740 0.02357 0.05447 0.05875 -0.09423 -0.39337 0.05952 0.04927 0.00776 0.22940
-0.23322 -0.12306 -0.01981 -0.28681 -0.15957 -0.10486 -0.23015 0.14255 0.03413 0.29455 -0.11384 0.19695 -0.07694 0.02558 -0.02029 0.13736 0.06741 -0.08959 -0.11404 0.10532 0.05678 -0.17079 -0.09729 0.12835 -0.25140 -0.25101 0.03187 -0.00383 0.22019 0.00196 -0.00540 -0.02671 0.21933 -0.15514 -0.00813 -0.04350 0.27300 -0.22810 -0.19244 0.12034
0.06712 0.03343 -0.07502 -0.05411 -0.12823 0.24737 -0.22223 0.35941 -0.28915 0.40768 -0.00453 0.19853 0.05629 -0.02773 -0.01682 -0.26743 -0.19517 -0.28335 -0.11132 -0.25293 -0.21456 0.22888 -0.00516 -0.02242 -0.14102 0.14938 0.20423 -0.24736 0.12853 -0.12844 -0.16060 0.03109 -0.17707 -0.08501 -0.13522 0.05986 -0.13476 0.04763 0.14039 -0.06668
0.24570 0.22457 0.23488 0.03619 0.03197 -0.02098 -0.26067 -0.11505 0.09426 -0.06755 0.20580 -0.07574 -0.01249 0.00246 0.11398 -0.12711 0.05865 -0.09949 0.11083 0.38193 -0.21596 0.14265 -0.30020 -0.26560 0.20688 0.04069 0.23969 -0.12185 -0.05821 -0.07940 -0.28299 0.12475 0.00189 0.02631 0.20528 0.24152 -0.08643 0.11818 -0.00261 0.30905
0.17157 0.12887 0.24572 0.09738 0.08502 0.15719 -0.13582 -0.24540 0.06386 -0.07989 -0.03113 0.18185 0.00683 -0.32077 0.04805 -0.21050 -0.00300 -0.10138 0.30520 -0.27436 -0.05192 -0.25930 0.12252 -0.08601 -0.00367 0.06377 -0.14620 -0.06645 -0.13257 0.11620 0.08747 -0.24492 0.11682 0.29396 0.20882 0.26832 0.01764 0.27580 -0.08487 0.08999
0.01493 -0.03178 0.04153 -0.12826 0.23091 -0.23737 -0.17165 0.21532 -0.26580 -0.10222 0.03787 -0.00523 0.00990 0.03099 0.07622 -0.24825 0.20477 -0.27432 -0.09631 -0.08669 -0.13332 -0.12139 -0.11386 -0.39857 0.10618 0.02770 0.04455 -0.16868 -0.22933 0.00876 0.11754 0.01623 0.02686 0.02658 0.00381 0.18576 0.04465 0.08415 0.07710 -0.40502
-0.15059 0.03310 0.19038 -0.21937 -0.17324 0.00222 -0.09593 -0.29222 0.23713 -0.22847 0.04277 -0.20913 -0.06632 0.11869 0.07507 -0.14407 -0.06636 0.30433 -0.10924 0.24157 -0.18887 -0.17522 -0.14059 -0.05338 0.01358 -0.02501 -0.28084 -0.00622 0.22648 -0.05214 0.23467 0.26154 -0.18860 -0.09078 0.09034 0.14005 -0.23277 -0.26317 -0.00715 0.15115
0.05594 -0.09658 0.00849 -0.30381 0.00469 0.25440 0.15149 0.04582 -0.15171 -0.09813 0.19288 -0.01976 0.17215 0.08749 0.07383 0.09828 -0.13460 -0.08924 -0.01280 0.01284 -0.16102 -0.13422 -0.00027 -0.12090 0.01007 0.05425 0.00200 -0.07071 -0.18780 0.12203 -0.19752 0.12223 -0.06832 -0.28245 0.13167 -0.09459 0.25983 -0.10668 0.06191 0.22242
