-0.21828 0.03099 -0.16747 -0.37307 -0.05503 -0.00584 0.05469 0.07715 -0.02335 -0.10938 -0.04059 0.24280 -0.22566 -0.14550 0.00512 0.07661 -0.04236 -0.20253 0.05140 -0.28064 -0.02967 -0.22498 0.10281 0.10030 0.02592 -0.02517 -0.19385 0.06841 0.13057 -0.00866 -0.26802 -0.19926 -0.03650 -0.07652 -0.03646 0.15877 -0.19731 0.14488 0.18618 -0.34145
0.01860 0.10008 0.08214 -0.01789 0.04130 -0.23313 0.00062 -0.07437 0.04950 -0.10176 0.20505 -0.23631 -0.20000 0.07593 0.19008 -0.22122 0.04417 -0.40949 0.32140 0.21113 -0.16951 -0.16816 0.11544 0.12630 0.13605 -0.31887 -0.14683 -0.22354 0.19222 0.08485 -0.00635 0.15477 0.12989 -0.25663 0.13248 -0.24340 0.16253 -0.00164 -0.00038 -0.20788
0.06565 0.12868 0.02347 -0.11649 -0.16131 -0.11634 -0.22800 -0.13808 -0.11575 0.12979 0.08385 -0.24235 -0.08106 0.11680 0.16236 -0.10811 0.16444 -0.17569 0.27243 0.16671 -0.10576 -0.07714 -0.01479 -0.08293 0.12230 -0.32391 -0.00176 -0.16029 0.23384 0.28703 0.10475 0.11624 0.22942 -0.14569 0.10180 -0.09900 -0.11399 0.16348 0.21239 -0.11886
0.22125 0.24421 0.08377 0.04095 -0.24238 0.14590 -0.10813 -0.25950 0.16844 -0.09828 0.01069 0.01788 -0.14216 0.09111 -0.04537 -0.02970 -0.23483 -0.13743 -0.06560 0.02511 0.09821 -0.15389 -0.02540 0.07216 -0.02956 0.11002 -0.09560 -0.32989 0.12511 0.08763 0.20842 -0.05801 0.10935 -0.16612 -0.10888 0.08482 -0.02837 0.13744 -0.09324 0.12238
0.12717 -0.14237 -0.03423 -0.15410 0.04345 -0.01483 -0.00133 0.10460 0.02979 -0.01845 -0.10226 0.10281 -0.28810 0.04429 -0.19790 0.09799 -0.09189 0.02445 0.03856 0.11975 0.08008 0.07715 0.02816 -0.18970 0.06116 0.12937 -0.03543 -0.06353 -0.02225 0.10886 0.04974 0.01620 0.00612 -0.02395 -0.05504 -0.30835 0.03962 -0.05416 0.01130 -0.10568
0.05031 0.20950 0.00809 -0.14272 -0.03551 0.05457 -0.04320 -0.06364 -0.19088 0.20346 0.13586 -0.31820 -0.24423 0.03627 0.02723 -0.07210 0.08945 -0.22771 0.22628 0.18151 -0.19995 0.04486 -0.17662 0.12260 0.08063 -0.34377 -0.08672 -0.12407 0.08791 0.13148 -0.06506 0.00966 0.23380 -0.22885 -0.06799 -0.14928 0.09377 0.09341 0.24609 -0.17996
-0.12851 -0.25859 0.16769 0.35030 -0.16039 -0.16916 -0.07430 -0.04502 0.08861 -0.06964 -0.21466 0.11672 -0.24830 0.18255 0.06340 0.32860 -0.13749 0.36707 0.04037 0.23679 0.18706 -0.03338 0.04206 -0.08059 0.21712 0.14117 0.08179 -0.16131 -0.17717 0.02894 0.11262 0.07950 0.00565 -0.10736 -0.02763 -0.19793 -0.07378 0.10906 0.06592 0.21943
0.18405 -0.34038 0.20891 0.13942 -0.00631 -0.02302 -0.11711 -0.08160 0.01877 -0.05531 -0.06169 0.21760 -0.19616 -0.01768 -0.24759 0.09921 0.04851 0.09452 0.11687 0.24509 0.05600 0.06685 -0.11097 -0.16311 0.17247 0.11396 -0.12793 -0.06996 -0.07703 -0.13234 0.10465 0.23909 -0.00335 -0.07524 0.06149 -0.20332 0.01245 0.06250 -0.12081 0.11955
0.14735 0.21326 0.09744 -0.09331 0.18358 -0.15063 0.14389 -0.04471 -0.01706 -0.17056 0.19609 0.04337 0.03939 -0.19641 -0.19084 -0.29375 0.11242 -0.19923 0.35451 0.05712 -0.12473 -0.01321 -0.04908 -0.01052 0.05796 -0.32976 -0.07356 -0.31043 0.09272 0.07064 -0.01964 -0.08133 0.26476 -0.24383 0.05564 0.00012 -0.04325 0.21701 0.10946 -0.05400
0.06848 -0.22837 0.09592 -0.01000 0.09505 -0.07777 -0.15579 -0.03316 0.11319 0.05756 -0.11035 0.16564 -0.20673 -0.01457 -0.00550 0.13504 -0.05557 0.04472 0.18178 0.14011 0.16293 0.13212 -0.08611 -0.06741 0.11212 0.19912 -0.20676 -0.20427 0.02102 -0.08309 0.09717 0.31428 -0.04311 -0.13951 0.05741 -0.08743 -0.13274 0.01013 -0.23891 -0.12567
0.02023 0.22790 -0.01917 -0.24855 -0.06244 -0.00172 -0.20443 -0.07515 -0.07040 -0.15819 0.06729 -0.07193 0.03976 0.04329 0.16127 0.14266 0.13110 -0.27319 -0.16946 0.15018 0.07283 -0.25966 0.17935 0.02552 -0.11985 -0.15380 -0.07886 0.18219 -0.13287 -0.29031 0.16210 -0.06441 -0.09389 0.17001 0.02470 0.06993 0.02740 -0.10583 -0.05230 0.31155
0.13788 -0.04314 -0.01496 0.16867 -0.00442 -0.04543 0.08111 0.03680 -0.22260 0.00705 0.14396 -0.40219 -0.09748 -0.06556 -0.10100 -0.01206 -0.07911 -0.01552 0.07734 -0.03470 0.09954 0.03215 -0.08756 0.20914 0.00852 -0.08231 -0.14203 -0.30001 -0.02020 0.03987 -0.00492 0.22629 -0.00743 -0.00949 -0.14418 0.13515 0.05703 0.06255 -0.12727 0.10487
0.04232 -0.25578 0.00590 0.07288 0.04453 0.20706 0.10639 -0.05191 -0.11049 -0.14233 -0.24324 -0.27888 0.18161 0.01817 -0.13157 0.04399 -0.02914 0.13364 -0.18841 -0.09061 0.04661 0.09746 -0.07686 -0.04874 -0.15228 0.15601 -0.10740 -0.00735 -0.28777 0.02509 -0.08579 -0.01555 -0.00255 0.25832 0.10588 0.00972 0.11030 0.06990 -0.00126 -0.15668
-0.05367 0.30742 -0.03865 0.19618 -0.28388 -0.19593 -0.08256 0.23232 -0.23843 0.21905 0.13216 -0.16362 -0.26505 -0.08432 0.06477 -0.14522 -0.21074 0.10621 0.00440 -0.12616 -0.04235 -0.21365 -0.05580 0.13349 -0.25174 -0.24045 0.04826 -0.04475 -0.00810 -0.09208 0.21566 0.22329 -0.06351 -0.18939 0.20064 0.04248 0.12735 0.15638 -0.29121 -0.13610
-0.22024 0.02064 -0.13013 0.00962 -0.05415 -0.10262 0.16861 -0.19694 -0.14780 -0.32042 0.12717 -0.18636 0.31229 -0.21379 0.04612 -0.11250 -0.16373 -0.13922 -0.01327 -0.25747 0.04823 0.18807 0.03515 -0.09162 0.03492 -0.16360 0.03686 -0.13431 -0.16302 -0.19331 0.14537 -0.08414 -0.25376 -0.06916 -0.22332 -0.08202 0.23225 0.16090 0.00061 0.24757
-0.04058 -0.13073 0.17878 0.14650 0.02117 -0.22617 -0.05026 0.10066 -0.22945 0.10912 0.46525 0.04350 -0.04462 -0.01609 -0.11574 0.11877 -0.07819 0.23225 -0.18917 0.25173 -0.09564 0.01639 0.15856 0.06501 -0.35296 -0.22680 -0.02186 0.21838 0.11821 0.21409 -0.08664 -0.01099 -0.26716 -0.05036 0.19804 0.13460 0.20820 -0.04428 -0.11175 0.06544
-0.00688 -0.27022 0.14853 0.12821 -0.02508 -0.22563 -0.06367 -0.02927 -0.07838 0.07360 0.46796 0.09829 0.28553 -0.07866 -0.25255 0.09512 -0.04050 0.00815 -0.14064 0.05131 -0.12456 0.11458 0.13174 -0.04267 -0.28637 -0.07802 0.03147 -0.02717 0.17909 0.32948 -0.13059 0.11509 -0.35627 0.19726 0.16236 0.24693 0.17959 -0.13867 0.10023 0.27887
-0.13709 -0.12807 0.18145 -0.13890 -0.02787 -0.33561 -0.22792 0.19061 -0.12043 0.13580 0.33346 0.20113 0.02999 -0.19863 -0.02880 0.05341 -0.16041 0.22022 -0.05162 0.03768 -0.08467 0.06776 0.08824 -0.22591 -0.40920 -0.25978 0.22893 -0.01658 0.21790 0.01148 -0.02915 0.05057 -0.12070 0.06582 0.28074 0.17972 0.09351 -0.07038 -0.14953 0.15565
-0.16636 -0.12314 -0.10209 -0.02514 -0.06163 0.15084 0.03169 0.08050 -0.05216 -0.13461 0.12091 -0.06859 0.08558 -0.21679 0.06978 -0.06857 -0.03744 -0.20412 -0.11897 -0.01015 0.22368 0.03753 0.06682 -0.07633 0.05927 0.01857 0.07549 0.01482 -0.23265 -0.07735 0.00818 0.17370 0.06982 0.04689 -0.12363 -0.05662 -0.21937 0.02118 0.13585 0.05273
0.11833 -0.26072 0.23256 -0.07707 -0.17616 -0.16330 -0.16406 -0.11039 0.02441 0.05457 -0.13387 0.22504 -0.12009 0.12032 -0.13417 -0.13656 0.07883 0.16246 0.02981 0.24589 0.17436 0.09736 0.05876 -0.04721 0.03725 0.05782 0.00576 -0.07645 -0.07094 0.00008 -0.14573 0.22596 0.03752 -0.12110 -0.10942 -0.13123 0.05883 -0.11710 0.12210 -0.00882
0.25613 -0.25492 0.13069 0.04859 0.18479 0.13924 -0.23914 -0.18302 -0.07022 0.28372 -0.26060 0.17568 -0.23742 -0.05142 -0.02173 0.00110 -0.03351 -0.06380 -0.08207 -0.14155 0.25153 0.15306 -0.04586 -0.13324 0.02120 0.29161 -0.18461 -0.03957 -0.22021 -0.10069 0.28132 0.04329 0.21324 -0.23085 0.02943 -0.25400 -0.23751 -0.08619 -0.23573 -0.19300
0.06619 0.09228 -0.12859 -0.02200 0.09277 0.40812 0.34144 0.04233 0.10656 -0.17618 0.10116 -0.24707 0.14293 -0.05536 0.02793 0.10555 -0.14479 0.16225 -0.12031 0.11273 0.25713 0.09804 -0.25659 0.09589 -0.19346 -0.10879 -0.11282 0.04617 -0.06498 -0.00259 -0.03234 -0.27335 0.19277 0.18393 0.06561 -0.01759 -0.01374 -0.02552 -0.10883 -0.33418
-0.08762 0.04615 -0.18315 0.03179 0.11583 0.14126 0.00154 0.14016 0.30999 -0.13102 -0.18535 -0.06390 0.03855 0.13232 -0.23431 0.21542 0.10127 -0.03720 -0.01557 -0.09745 -0.18711 -0.07214 0.01100 0.07032 0.28460 0.05576 0.07292 -0.08343 -0.00296 0.21317 -0.00546 0.04376 -0.19114 0.19957 -0.12941 0.11786 -0.05689 -0.04286 0.10176 -0.22853
-0.20304 0.07686 0.15275 -0.27077 -0.24689 0.01823 -0.13151 -0.24929 -0.12950 -0.13471 -0.14159 0.16502 0.10341 0.10384 -0.00008 0.15010 0.16076 0.01415 -0.01477 -0.37498 0.17828 -0.26025 -0.05837 -0.16945 -0.22119 -0.26255 0.00581 0.03142 -0.16817 0.07085 -0.16044 0.17041 0.01252 -0.15770 -0.26189 0.07707 0.14408 0.17018 0.06338 0.26757
0.11125 -0.13906 0.01766 0.01427 -0.05654 -0.04468 -0.25279 -0.16562 -0.24723 0.05355 0.09951 0.18984 -0.14646 0.07455 -0.18271 -0.18189 0.15978 0.05242 -0.01059 0.23437 0.02581 0.14374 -0.11667 -0.00332 0.04034 0.01037 -0.09505 0.06000 -0.12343 -0.02781 -0.12398 -0.03272 0.07641 0.02803 0.05106 -0.20480 0.17590 -0.04678 -0.07934 -0.14969
-0.01115 -0.12224 0.09694 0.16882 0.15469 0.23039 0.30766 0.00830 0.15717 0.13893 -0.27991 -0.18299 0.06343 0.05264 0.04151 -0.09601 -0.01683 0.09043 -0.05398 0.07989 0.06142 -0.02195 0.09393 0.16164 -0.08896 -0.03910 -0.15807 0.27955 -0.05714 -0.04933 0.04996 -0.03989 -0.07893 0.19829 0.25477 0.02331 0.11446 0.03868 -0.07861 -0.32011
0.06301 -0.03397 0.09558 0.24342 0.10590 0.06326 0.23176 -0.02662 0.06861 0.05965 -0.04004 -0.08965 0.05300 0.02016 -0.01883 -0.05778 0.18070 0.11418 0.02812 0.00316 0.16711 0.12708 -0.04760 0.09660 -0.00262 0.22836 -0.28853 0.02517 -0.00019 -0.04628 0.10823 -0.11325 -0.21494 0.16298 0.17118 -0.06892 0.03953 0.14778 0.18684 -0.25213
-0.00212 0.15165 -0.12086 -0.17012 -0.05333 -0.08344 -0.24703 -0.08321 -0.10244 -0.23871 -0.02129 0.00579 -0.01590 -0.04962 0.10395 0.05202 0.25541 -0.23362 -0.13115 0.07104 0.00406 -0.25739 0.17130 0.00278 -0.01352 -0.10861 0.07162 0.16816 -0.13644 -0.22996 0.16962 -0.13367 -0.14347 0.14690 0.05909 0.17219 -0.06485 -0.15089 0.07847 0.20035
0.11066 0.31990 -0.14595 -0.10415 -0.14171 0.10696 -0.09449 -0.23906 0.00623 0.16930 0.07937 -0.03053 0.06410 -0.03995 0.19428 -0.23555 0.03830 0.05567 0.17185 0.01423 -0.24785 0.02849 -0.08836 0.09175 0.13023 0.05067 0.11056 0.14171 0.27985 -0.04400 -0.13869 0.00196 0.29744 -0.14396 -0.14733 0.15796 -0.10379 -0.16058 0.03539 -0.03771
-0.02448 -0.18782 0.27250 0.12450 -0.11891 -0.17360 -0.19146 -0.05923 -0.07530 -0.06633 0.36320 0.22288 0.06588 -0.20157 -0.06750 0.18017 -0.11793 -0.05851 -0.10155 0.14910 -0.13049 -0.11679 0.14953 -0.07314 -0.22170 -0.13169 0.01293 0.21338 0.07621 0.12199 -0.09724 -0.13345 -0.27543 0.01277 0.09494 -0.00042 0.06913 0.01290 0.02416 -0.02596
0.13975 -0.02426 0.17229 0.27878 -0.07495 0.19720 0.32038 -0.14420 -0.05713 0.00079 -0.02019 -0.23080 0.10002 0.00468 -0.12131 -0.19541 0.19782 0.30471 0.00279 0.06128 0.17135 0.23173 -0.01238 -0.08875 -0.28152 0.23866 -0.23130 0.03081 -0.35333 0.13401 -0.13419 -0.31715 0.02084 0.14061 0.16639 -0.14790 0.27498 0.03111 0.14601 0.02833
-0.14020 0.08189 -0.14111 -0.05219 0.04653 0.04061 0.07854 0.14906 -0.08025 0.12137 -0.02980 0.01167 -0.01449 -0.12095 -0.05897 0.09064 -0.06807 -0.00311 -0.19246 -0.09257 -0.03750 -0.05084 0.07398 0.14452 0.36038 -0.12873 0.16720 0.13899 0.09235 0.21508 -0.06265 0.12627 -0.09599 0.22098 0.04542 0.07629 -0.06601 -0.09690 -0.05942 -0.29420
-0.16647 -0.08398 -0.00763 -0.04339 0.07273 0.02266 0.02098 0.04617 -0.08156 -0.22486 0.02264 -0.12125 0.06947 -0.00226 0.05370 -0.02494 0.08050 -0.01231 0.03672 -0.12247 0.12986 0.09829 0.00551 0.09065 -0.10856 0.15504 0.12707 -0.01090 -0.29857 -0.19275 -0.01089 -0.10160 -0.11027 -0.02912 -0.12268 0.14409 -0.06364 0.11066 0.02631 0.20667
0.17465 -0.12023 0.06981 -0.06573 0.10874 -0.03726 -0.30079 0.03679 -0.04261 0.12417 -0.14882 0.00108 -0.23016 -0.01411 -0.14669 -0.22982 0.10996 0.07146 0.05439 0.28581 0.09818 0.09132 -0.14049 -0.19925 0.09857 0.22112 -0.00294 0.04596 -0.06099 0.00124 0.16609 0.24099 -0.02853 -0.21613 0.09281 -0.00489 -0.00184 -0.11735 -0.01580 -0.03045
0.16057 0.01229 0.15335 -0.00177 0.14458 0.34241 0.25135 -0.18115 0.20397 -0.10772 -0.03617 -0.31975 -0.08268 -0.18295 -0.15519 -0.14875 -0.17878 0.08332 0.03162 -0.14925 0.07499 0.24634 -0.10842 -0.05296 -0.01016 0.09014 -0.12001 0.15439 -0.33604 0.09517 0.05657 -0.00810 -0.00261 0.32487 0.07157 -0.20368 -0.05693 -0.05714 -0.00785 -0.18557
-0.13546 -0.26328 0.27578 0.29840 0.17372 -0.16810 -0.20856 0.00870 0.23930 0.04530 -0.31670 0.04213 -0.10786 0.13645 -0.07308 0.07151 -0.15790 0.21611 -0.26766 0.04068 0.21986 -0.03606 0.20345 -0.03639 -0.10980 0.05941 -0.03104 0.01996 -0.21916 0.08961 0.03837 0.09500 -0.05064 0.11922 0.08823 0.12391 0.08818 0.09189 -0.02785 0.29648
-0.04776 0.14745 0.20123 -0.05233 0.15215 0.01146 0.15456 0.22747 -0.19444 0.27401 0.12563 -0.27404 -0.13037 -0.02544 0.11641 -0.23525 0.00461 -0.25264 -0.14344 -0.03966 0.13521 0.10212 0.06647 -0.05729 0.11968 -0.07538 -0.23341 -0.05569 0.09967 0.12388 0.01128 0.00454 0.03071 -0.04903 -0.23645 -0.03290 -0.24547 -0.03210 0.16073 -0.09216
0.01584 0.13888 -0.00094 -0.06599 -0.19973 -0.08263 0.06017 0.08637 -0.20284 0.05141 0.04162 -0.21865 -0.19225 0.04013 0.12130 -0.15873 0.00066 -0.14724 0.10342 0.17791 -0.03895 0.03320 -0.13306 0.12391 0.13052 -0.26748 0.00187 -0.05164 0.14812 0.20009 -0.08598 -0.02679 0.08989 -0.20735 -0.03159 -0.19585 -0.06041 0.10491 0.17961 -0.01959
0.13171 -0.10096 -0.02711 -0.00106 -0.17556 0.15228 0.26001 0.06156 -0.08833 0.13842 -0.09522 0.02199 0.03561 -0.27367 -0.13929 -0.00801 -0.02187 0.01118 -0.19497 -0.13039 0.13932 0.01144 -0.19122 0.11432 -0.03343 -0.02087 -0.15378 0.14138 -0.10776 -0.01828 0.05924 -0.12009 -0.06412 0.08809 0.16535 0.04401 -0.05463 -0.02781 0.09000 -0.40479
-0.31470 0.21296 -0.06540 -0.07461 0.09884 -0.04178 -0.04846 0.05438 -0.19776 -0.13785 0.18675 -0.00502 0.19169 -0.07053 0.16302 -0.14200 0.01346 0.12316 -0.01676 -0.25578 0.29853 0.11630 -0.04420 -0.04985 -0.07489 0.07480 0.32162 0.05911 -0.09919 -0.15655 -0.17125 -0.02462 0.17281 -0.14651 -0.18540 -0.03665 0.11748 0.13324 0.07204 0.01459
-0.05036 0.18575 -0.20128 0.08545 -0.09256 -0.06069 0.00960 0.42867 -0.02509 -0.06580 -0.17603 0.15848 0.25667 0.12668 -0.22752 0.17435 0.09949 -0.05150 0.03692 0.09451 -0.26983 -0.15676 -0.01924 0.22646 0.12459 0.01744 0.14995 0.09665 0.21557 0.06730 -0.15005 0.03127 0.03557 0.15549 -0.13519 0.16970 -0.06046 0.21988 -0.10034 0.04753
-0.21002 0.09259 -0.08020 -0.13961 -0.04689 0.11850 0.21713 0.14690 0.00362 -0.17052 -0.05518 -0.03297 0.10957 -0.10049 -0.00681 -0.07794 0.15534 0.25587 -0.15598 -0.32593 0.31518 -0.05528 -0.03994 -0.05950 -0.07250 0.00874 0.32029 0.05701 0.11296 0.10852 -0.10197 0.03865 -0.18831 -0.14283 0.03482 -0.10399 0.13840 0.17142 -0.23453 0.24870
-0.09978 -0.22344 0.06582 -0.01782 0.09975 -0.00172 -0.03341 -0.01064 0.04271 0.12909 -0.07354 -0.14247 0.04757 0.14449 0.03836 -0.01384 0.03511 0.33224 -0.13185 0.07453 0.19327 0.08076 0.02520 0.05047 -0.16366 -0.01867 -0.07992 0.06873 -0.20558 -0.03304 0.03015 0.02605 0.09501 0.17682 0.08010 0.08460 -0.07049 0.13055 0.05971 -0.31155
0.05395 0.06169 0.01862 -0.17388 -0.20349 0.12769 0.23688 0.10029 -0.05332 -0.18443 -0.18731 0.06908 0.09178 -0.09917 0.03631 -0.02872 0.16830 0.11349 -0.19222 -0.17635 0.01229 -0.03734 -0.05650 0.01142 -0.04714 -0.05750 0.21365 -0.17022 -0.03927 0.04392 -0.07381 0.04878 -0.07422 -0.07202 0.11487 0.05033 -0.00869 -0.11454 0.01012 -0.00189
0.19460 0.03726 -0.15504 -0.05027 -0.03568 -0.09998 -0.05062 0.33179 -0.04688 -0.02781 -0.04522 0.07392 0.08757 0.14719 -0.28591 0.29887 0.06371 0.05107 0.04219 -0.07182 -0.24832 -0.23131 -0.00245 0.16084 0.30662 -0.17051 0.17801 0.03884 0.18053 0.12919 0.00746 0.07555 -0.02294 0.23684 -0.07900 -0.01353 -0.08379 0.21390 -0.06066 -0.08127
0.29117 -0.16726 -0.04630 0.11362 -0.04465 0.22747 0.17604 0.12523 0.06300 -0.19821 0.11476 -0.06569 0.10849 -0.04051 0.15393 0.01478 0.14407 0.07856 -0.08651 -0.12210 -0.15860 0.01626 -0.19062 -0.11765 -0.20685 -0.06933 -0.00955 0.11094 -0.28775 -0.19662 0.01893 -0.03927 -0.03647 0.27389 0.14883 0.09627 0.02087 -0.05341 0.03442 -0.15207
-0.22806 -0.05143 -0.19502 -0.04651 -0.14331 -0.13396 0.12810 0.07721 -0.00756 -0.28444 0.02018 -0.22129 0.18897 0.00575 -0.23790 -0.21844 -0.02263 0.00957 -0.00385 -0.30310 0.04654 0.06654 -0.03725 0.03715 0.13124 -0.09286 0.24224 -0.04492 0.04902 0.22270 -0.03865 -0.04421 -0.25272 0.07110 -0.32207 -0.01758 0.14427 0.20470 -0.07940 0.12826
0.08113 0.34042 -0.03251 -0.18379 -0.23975 0.14305 -0.14970 -0.06499 0.00279 0.31037 -0.06884 0.14794 0.13021 -0.09743 0.14751 -0.14930 -0.02833 0.17330 0.25331 0.00033 -0.16905 0.10571 -0.04007 0.08312 0.10975 0.13978 0.09298 0.15246 0.16609 0.01637 -0.19097 0.03410 0.30409 -0.19864 -0.17668 0.15462 -0.13228 -0.00026 0.08345 -0.06512
-0.06532 0.17855 -0.17902 0.00556 -0.00689 0.17345 0.17721 0.21866 0.12287 -0.20626 0.04129 0.04000 0.06489 0.02962 -0.02389 0.00981 -0.09841 -0.01566 -0.05390 0.04719 -0.27362 -0.07924 -0.05813 0.27580 0.28054 -0.06353 0.13458 0.06902 0.17203 0.10973 -0.07211 -0.06137 -0.11251 0.10711 -0.05704 -0.03781 0.03395 -0.03947 0.00718 -0.05258
0.15259 -0.06512 0.04393 0.06688 0.03553 -0.12784 0.05447 -0.01176 -0.14379 -0.16392 -0.23398 0.10318 0.19799 0.05423 -0.20935 0.22818 0.00565 -0.01289 -0.10631 0.09651 -0.25964 -0.25194 0.09026 0.17012 0.22124 -0.12297 0.20287 -0.10751 0.16549 -0.03752 -0.06783 -0.01537 -0.14580 0.21466 -0.06405 0.04285 -0.04499 0.16160 0.03828 -0.17295
0.06413 0.25198 -0.19296 -0.00797 -0.18204 0.14065 -0.03007 0.14658 0.09160 -0.01660 -0.12291 0.14184 0.06344 -0.12599 -0.01012 0.18712 -0.03275 0.13321 -0.21815 0.11541 -0.16388 0.02039 0.09964 0.25559 0.20598 0.18367 0.34647 0.09052 -0.01858 0.11600 -0.15339 -0.20763 -0.15017 0.23670 -0.07860 -0.01602 0.07432 0.05677 0.22237 -0.20623
-0.12233 0.03626 0.00488 -0.09671 -0.04166 0.03899 0.27175 -0.05213 0.04548 -0.20144 0.08729 -0.18949 0.08474 -0.21477 -0.02832 -0.01866 -0.14667 0.13864 -0.05723 -0.20638 0.22110 -0.03487 -0.12001 0.10499 0.11337 0.02690 0.12685 -0.05903 0.09954 0.05386 0.18012 0.01488 0.03524 -0.07710 -0.01956 0.12288 0.06222 0.15895 -0.12896 0.23455
0.09837 -0.08819 0.07942 0.10285 0.09697 -0.04765 0.14378 -0.16036 -0.20211 0.18117 -0.04522 -0.17726 0.13514 -0.02279 0.12224 -0.09398 -0.05268 0.20186 -0.09289 -0.11316 0.09034 -0.00404 0.06788 0.24218 0.05167 -0.01928 -0.21055 0.13721 -0.03045 0.03663 -0.11918 -0.03779 -0.17366 0.16669 0.14016 0.07899 0.26544 -0.16996 0.21354 -0.26217
-0.13860 0.14260 -0.13598 0.00679 -0.05760 0.05115 0.19683 0.25103 0.06010 0.01613 0.08458 0.19170 0.20443 0.12376 -0.16300 0.18426 -0.04697 -0.06335 0.09740 -0.02046 -0.20607 -0.25776 0.06173 0.17495 0.19744 -0.09877 0.12151 -0.03972 0.04060 0.13146 -0.14253 -0.12796 -0.04547 0.12993 -0.22118 0.29423 -0.08716 -0.13068 -0.08413 -0.23975
0.01897 0.47433 -0.25343 -0.02944 -0.03672 0.12162 0.00418 -0.18996 -0.03410 0.27348 0.03155 0.04777 0.12308 -0.13243 0.19868 -0.32368 -0.02298 0.13792 0.17377 0.18501 -0.23151 0.03353 -0.11191 0.14037 0.16433 0.06637 -0.01247 0.14879 0.24997 0.11292 -0.14500 0.02698 0.23854 -0.05188 -0.06926 0.21328 -0.18342 -0.15942 -0.14827 -0.10615
0.02248 -0.08189 -0.03227 -0.14656 0.29952 0.13782 -0.04604 -0.29836 -0.16706 -0.03352 -0.27010 -0.23322 -0.11120 -0.26099 0.16255 0.26672 -0.08466 0.28135 0.12245 0.24232 -0.09757 0.18055 0.15125 0.25891 -0.11484 0.27397 0.30605 -0.37442 0.11237 -0.24777 -0.07260 0.25166 0.18671 -0.15974 0.10436 -0.39641 -0.18763 -0.30843 -0.29316 0.18361
0.11127 -0.37653 0.22029 0.21944 0.20992 -0.24578 -0.37505 -0.10931 0.17315 0.12364 -0.10986 0.15322 -0.20965 -0.14837 0.16633 0.13766 0.11978 0.07736 0.02445 -0.06486 0.05489 0.00040 -0.10540 -0.09911 -0.09648 -0.18063 -0.28107 -0.23689 0.01270 -0.33991 0.11225 0.23497 0.04232 0.11692 0.10168 -0.01729 -0.18009 0.25894 -0.28426 0.27001
