0.25876 -0.21543 0.15258 0.12430 0.03402 -0.14066 -0.09401 0.08299 -0.03615 -0.01183 -0.08578 -0.10541 0.00599 0.22302 -0.24449 0.20139 -0.06067 0.15270 0.11033 0.04744 -0.02768 0.14054 0.30533 0.12761 0.16061 0.07311 -0.11816 0.08100 -0.07853 0.00909 0.22161 -0.04698 -0.06590 0.07127 0.01467 -0.23087 0.05830 0.31168 0.03910 0.09159
0.24212 -0.21415 0.05290 0.16676 -0.03610 -0.16422 -0.12801 0.08406 -0.06745 -0.00544 -0.13057 -0.05378 -0.07998 0.13873 -0.25506 0.19184 -0.02803 0.12535 0.12620 0.05810 -0.00069 0.12800 0.26249 0.15993 0.15855 0.16585 -0.14752 0.05823 -0.13616 0.04350 0.19072 -0.03283 -0.05450 0.17618 -0.09337 -0.24794 0.09542 0.31802 0.04062 0.10083
0.11760 0.18909 -0.05603 0.05252 0.26525 0.03448 -0.36548 0.04259 0.23597 -0.29252 0.15324 0.01753 -0.13694 -0.02060 -0.17312 0.03567 -0.05779 -0.07857 0.19942 -0.04063 0.09337 0.14985 -0.14641 0.03550 0.04574 0.11996 -0.27575 0.02776 0.12950 0.09080 0.00966 -0.01552 0.11343 0.13007 0.18526 0.41161 -0.15908 -0.24160 -0.18950 0.12937
0.27428 -0.27134 0.03296 0.17746 -0.03463 -0.15611 -0.09323 0.03239 -0.14893 -0.00369 -0.15407 -0.07475 -0.05993 0.17662 -0.26499 0.20412 -0.04495 0.20279 0.16672 0.06345 0.04444 0.09118 0.30937 0.15892 0.17858 0.14099 -0.22869 0.03626 -0.07191 0.07318 0.21580 0.00250 -0.09421 0.10341 -0.10465 -0.25894 0.12471 0.33735 0.05283 0.09197
0.26390 0.02864 0.08586 0.14413 0.04564 -0.11760 0.01158 0.10438 -0.08939 0.01718 0.01850 -0.00246 0.07227 -0.11991 0.21982 -0.06203 -0.10210 -0.05016 0.13161 0.04257 0.10750 -0.10057 -0.11978 -0.08136 -0.22889 -0.11716 0.06025 -0.02355 -0.19693 -0.13044 -0.17772 0.16117 -0.00768 0.07549 -0.13537 0.00055 -0.09205 0.07628 -0.15974 -0.07279
0.25049 -0.11434 0.17347 -0.24063 0.07903 0.02218 0.19764 0.04490 -0.19326 0.17663 -0.16884 -0.14778 0.00220 0.06293 0.07644 -0.02181 -0.02465 -0.02404 0.04270 -0.02796 -0.06459 -0.10416 -0.22956 -0.04391 -0.34915 -0.28634 -0.14948 0.23907 -0.16492 -0.20943 0.05107 -0.22115 0.20794 -0.04901 0.17761 -0.06926 -0.15605 0.04263 0.12567 0.02139
0.33465 -0.19641 0.12874 0.14751 0.04680 -0.16317 -0.13620 0.10468 -0.07202 -0.02587 -0.13676 -0.07858 -0.02021 0.15388 -0.35374 0.11972 -0.06631 0.14038 0.16548 0.10471 -0.00591 0.16717 0.26501 0.16079 0.19688 0.14836 -0.18838 0.04021 -0.14806 0.03744 0.25972 -0.06126 -0.01885 0.14292 -0.06432 -0.22607 0.04858 0.33015 -0.02357 0.12125
0.16146 0.12430 -0.01357 0.08439 0.22843 -0.01035 -0.37695 0.05420 0.17249 -0.23804 0.12591 -0.00793 -0.13058 -0.00375 -0.20713 0.06831 -0.02170 0.03228 0.24583 -0.05809 0.01005 0.13380 -0.11235 0.05292 0.10933 0.11825 -0.27102 0.04875 0.05002 0.11676 0.06585 -0.02232 0.06707 0.15056 0.18668 0.25712 -0.11603 -0.15846 -0.18895 0.12387
0.32243 -0.22062 0.06545 0.22275 -0.01100 -0.19864 -0.14129 0.04006 -0.11816 -0.00478 -0.20997 -0.05950 -0.04986 0.16760 -0.31825 0.14175 -0.05968 0.12153 0.14497 0.07273 0.12559 0.11582 0.31558 0.16450 0.17529 0.19744 -0.16946 0.03548 -0.15112 0.07510 0.22561 -0.04850 -0.04988 0.09005 -0.08164 -0.24491 0.14400 0.36094 0.02724 0.08027
0.08394 0.09106 0.09274 -0.09607 -0.09256 0.00972 0.24572 0.22941 0.05317 -0.03951 0.14441 0.10186 0.04514 0.02919 -0.01576 -0.14256 -0.04258 -0.04400 -0.04731 0.04437 0.09420 0.12994 -0.03642 -0.01828 0.09235 -0.30628 0.01896 0.11049 -0.23465 -0.16654 -0.09018 0.11331 -0.02650 0.00007 0.06793 -0.07300 -0.22986 -0.08111 -0.02993 -0.12596
0.05665 0.17428 0.06746 0.03111 0.17758 0.04509 -0.03669 0.05564 0.21963 0.19899 -0.13711 -0.12372 -0.08538 -0.02359 0.32589 0.11365 -0.14615 -0.11261 -0.20606 0.03407 -0.19532 0.01571 -0.19554 0.13841 -0.23542 0.10981 0.00503 0.08886 0.35165 0.20966 -0.31143 0.13384 -0.05521 -0.14949 -0.30049 0.11533 0.04898 0.01952 0.05471 -0.11417
0.21397 -0.14877 0.00577 0.14827 0.01995 -0.15960 -0.10650 0.09656 -0.08982 0.04090 -0.12467 -0.04189 -0.05191 0.11819 -0.31415 0.19751 -0.01007 0.13818 0.17803 0.05405 0.07185 0.06065 0.32953 0.12410 0.25694 0.22379 -0.20767 0.01007 -0.12218 0.00530 0.20331 0.00696 -0.08795 0.17801 -0.04497 -0.18189 0.13583 0.28914 0.05023 0.10495
0.29162 -0.33313 0.10471 0.16809 -0.11087 -0.25226 -0.07848 -0.01482 -0.05020 -0.01373 -0.16227 -0.07525 -0.09520 0.13744 -0.26044 0.17236 -0.01296 0.20668 0.11777 0.13724 0.05199 0.11153 0.32111 0.20825 0.14336 0.20546 -0.23410 0.10351 -0.14935 0.09332 0.18947 0.03631 -0.03870 0.15792 -0.10492 -0.23834 0.13683 0.27689 0.08875 0.06752
-0.09671 0.22774 0.19006 -0.05204 0.15163 -0.13659 0.07076 0.02244 0.10980 0.31243 0.25156 0.04374 -0.04202 -0.15360 0.09263 -0.04720 -0.03245 0.13421 -0.09794 0.00963 -0.15123 0.05543 -0.09685 -0.05431 -0.02034 -0.24648 -0.03645 -0.07459 0.21719 -0.14190 0.01285 0.20241 0.13920 -0.09216 -0.25156 0.10127 -0.17511 0.01104 0.01841 0.11274
-0.12540 -0.07122 0.06283 0.02530 0.09762 -0.16043 0.05965 -0.03999 -0.07459 0.29520 0.07595 0.10502 0.27018 -0.03681 0.24817 -0.28570 -0.26943 0.03305 -0.04712 0.05534 -0.10636 -0.06005 -0.11456 -0.00164 -0.09300 -0.04073 0.16812 -0.16347 0.16615 0.15321 -0.12589 0.15494 0.22835 -0.05753 -0.31653 -0.00923 -0.03256 -0.13547 0.06111 0.02733
-0.25982 -0.17577 -0.32758 -0.09635 0.05202 0.26980 0.25009 0.14098 -0.06026 0.18061 -0.02952 -0.04472 0.25112 -0.21411 0.05763 -0.08162 0.16194 -0.18143 0.07139 -0.23622 -0.24722 0.10403 -0.30316 0.06908 0.04195 -0.13361 0.31500 -0.00634 0.10603 -0.22248 -0.05500 0.05535 -0.04077 -0.00490 0.15878 -0.14884 -0.03429 0.04209 -0.01795 -0.12960
0.11738 0.23342 0.12865 0.07094 0.24699 -0.15562 0.19136 -0.21860 -0.06330 0.28714 -0.07095 0.10455 0.28777 0.11852 0.21128 -0.03900 -0.11237 0.15479 -0.09113 -0.02250 0.09869 0.13997 -0.11813 -0.07665 -0.16361 -0.17598 0.05828 -0.12659 0.21398 0.17398 0.09320 0.02951 0.09370 -0.12876 -0.33563 0.00353 -0.15541 0.16571 0.10386 -0.02187
0.25027 -0.15600 0.07307 0.18819 0.01691 -0.24348 -0.11299 0.07792 -0.11202 -0.02734 -0.06120 -0.01023 -0.05155 0.14564 -0.37264 0.17941 0.02140 0.15581 0.11143 0.08284 0.06472 0.10244 0.31186 0.10074 0.26410 0.19324 -0.23801 0.01515 -0.16428 -0.00601 0.27382 -0.02293 -0.09606 0.20902 -0.07687 -0.26751 0.10753 0.35962 0.02462 0.13653
0.19928 0.11827 -0.00673 0.13581 0.25278 -0.06046 -0.39851 0.05525 0.15530 -0.23776 0.07115 -0.05762 -0.13430 0.04405 -0.30770 0.10888 -0.01614 0.08102 0.23863 -0.01300 0.07077 0.17227 -0.05569 0.03535 0.19558 0.15577 -0.35553 0.04737 0.05052 0.14583 0.10412 -0.01261 0.00816 0.15461 0.20759 0.22748 -0.09708 -0.04569 -0.14336 0.15729
-0.16698 0.11366 0.06827 0.01021 -0.06162 0.09216 0.28508 0.11582 0.11486 0.03937 0.17741 -0.07704 0.11753 0.00727 -0.08685 -0.15533 0.26573 -0.28923 -0.13805 -0.07555 -0.15650 -0.17041 -0.19752 -0.30025 0.00248 -0.05377 0.16531 -0.19434 -0.14422 -0.10489 -0.03463 0.02903 -0.18401 -0.01379 0.23018 0.29501 0.03740 -0.07467 -0.11907 0.04656
-0.23934 0.10819 0.10209 -0.09287 -0.15645 -0.10417 0.08998 -0.09440 -0.18116 0.08379 0.11736 -0.18395 0.03971 -0.01686 0.12979 0.00905 -0.15322 0.12990 0.07561 0.11717 -0.04963 -0.02952 -0.12866 -0.30796 -0.14235 -0.05025 -0.01313 -0.12759 0.05001 -0.03043 0.06764 0.17500 0.03887 -0.04283 -0.06625 -0.04311 -0.03904 -0.06027 0.02045 -0.00827
-0.32860 0.19306 -0.27988 -0.12055 -0.12057 0.18503 -0.13431 -0.26835 -0.04746 -0.12550 -0.18438 0.21157 -0.02685 -0.00397 0.45144 0.02198 0.02168 0.03701 -0.10476 -0.21735 0.23116 -0.19985 -0.16402 -0.01443 -0.15458 -0.22906 0.09857 0.03051 0.11018 -0.17087 -0.03148 -0.19602 -0.25675 -0.29690 0.03682 0.17286 -0.07931 -0.04500 0.07348 -0.05757
0.01278 0.12285 -0.15482 -0.21797 0.10820 0.29551 0.22068 0.06649 -0.23270 -0.20694 0.15613 0.03557 0.25491 -0.28971 0.20829 0.21243 -0.04632 -0.20308 -0.34680 -0.06736 -0.01544 -0.20387 -0.29623 -0.27276 -0.16932 0.07725 0.28715 -0.08537 -0.10405 -0.01162 -0.25905 -0.01668 -0.12651 -0.06424 -0.22978 0.14251 0.08185 -0.22649 0.11725 -0.13345
-0.24239 0.16914 0.07026 0.02143 -0.07207 0.10083 0.29680 0.05664 0.13647 0.07173 0.18311 -0.09411 0.12515 0.03381 -0.09913 -0.18876 0.28523 -0.30405 -0.15444 -0.10320 -0.17204 -0.19893 -0.23191 -0.33604 0.00832 -0.04023 0.19230 -0.24997 -0.11387 -0.08575 -0.03654 0.02959 -0.22689 -0.05359 0.24512 0.34759 0.04024 -0.07792 -0.10553 0.05503
-0.22463 0.13725 -0.16404 0.00906 0.03778 0.06300 0.10190 -0.14041 -0.27453 0.10845 -0.00864 0.07632 0.13665 0.04756 0.18435 0.12845 -0.02557 -0.07025 0.03476 -0.14943 0.21069 -0.13850 0.08004 -0.01188 0.11723 -0.15164 -0.12894 -0.08228 -0.08578 -0.00329 -0.17495 0.06137 -0.21148 -0.15368 -0.14895 -0.18074 0.16153 -0.00101 0.08409 -0.24126
-0.03826 0.28321 0.11159 -0.00156 0.16150 -0.08755 -0.05683 -0.05718 -0.22130 -0.09905 -0.01911 0.22432 0.12226 -0.02234 -0.04892 -0.09195 0.03125 0.05822 -0.29113 0.03579 0.06258 0.33280 -0.23608 -0.07259 -0.08385 -0.22001 0.05321 0.07113 -0.04495 -0.06548 0.03228 0.03781 0.07147 -0.10353 -0.09869 -0.07647 0.00100 0.13206 0.08389 -0.04316
-0.09161 -0.05206 -0.02309 -0.27707 -0.05191 0.16820 0.22927 0.01728 -0.11892 0.08202 0.08067 0.17743 0.12714 -0.15733 0.36226 -0.20658 0.04306 0.04529 -0.12815 -0.05299 0.00513 -0.20720 -0.21814 -0.14417 -0.08920 -0.28957 0.22982 0.08659 -0.08035 0.02008 -0.03614 0.00269 0.14917 -0.10574 0.02422 -0.22205 -0.11662 -0.26320 -0.09350 -0.08604
-0.05417 0.16559 -0.11417 -0.01250 -0.31449 0.03735 0.27182 0.08034 0.02019 0.08919 -0.05509 -0.15113 -0.04209 0.20569 0.09518 0.03946 -0.11333 0.18856 -0.06998 -0.11361 -0.07546 -0.24894 0.10552 0.13542 0.05404 -0.13647 0.10735 -0.11091 -0.05745 -0.09799 -0.24283 0.36868 -0.10154 -0.33348 -0.07088 -0.14379 0.25020 0.04258 -0.02378 -0.20454
