-0.13796 0.23211 -0.05357 -0.24574 0.12304 -0.26314 -0.04482 0.15341 0.16373 0.19271 0.09537 0.03533 0.05631 0.06660 0.16968 -0.00693 0.03759 0.10372 -0.23007 -0.11666 0.17166 -0.04693 -0.02267 0.19152 0.08912 0.19794 0.00586 0.27605 0.23097 0.12774 -0.05648 0.12300 0.06014 -0.19430 0.17686 0.03915 0.07232 -0.15154 -0.35823 -0.02272
0.01277 -0.28259 0.13869 0.16614 -0.18939 0.10721 -0.27019 0.09918 0.12121 0.05029 -0.14216 -0.06019 0.01439 0.19002 -0.20389 0.17255 -0.08133 0.13951 0.12275 -0.05776 0.20171 -0.09630 0.06129 0.06657 0.13132 -0.16965 -0.03736 -0.13405 0.07802 -0.24222 -0.22705 -0.10141 0.03531 -0.06427 -0.04962 0.14126 -0.37123 0.10471 0.09961 -0.21944
0.04226 -0.11132 0.07546 0.24503 -0.02092 -0.04708 -0.22349 0.19401 0.07104 0.02414 -0.04711 0.10121 -0.18591 0.19342 0.15889 0.23090 0.11190 0.23140 0.09413 0.03015 0.05483 0.05101 0.01625 0.07183 -0.17928 0.04061 0.11953 -0.21860 0.17861 -0.18026 -0.18358 -0.12187 -0.25927 -0.08077 -0.01416 0.22031 -0.22777 -0.06976 0.03556 -0.15713
-0.05485 0.02701 -0.00511 0.07907 -0.12787 -0.10959 0.06992 -0.11350 -0.12142 0.27231 -0.26092 -0.02285 0.24831 -0.32927 0.10686 -0.25338 -0.08165 0.12276 0.01614 0.14408 -0.15794 -0.11298 0.15361 -0.16574 0.03006 -0.05041 0.23477 -0.16542 -0.20259 -0.11930 -0.06535 -0.18512 0.16836 0.15005 -0.25622 -0.05988 -0.06414 -0.13030 0.02436 0.12423
-0.17215 0.05652 0.06696 -0.35795 0.24414 -0.08613 0.05276 -0.12226 0.05484 -0.04852 0.20854 -0.16959 0.18792 -0.20653 -0.14724 0.07512 0.10826 -0.13179 0.00523 0.05786 -0.02750 0.22586 -0.06321 -0.02493 0.15265 -0.03581 0.32572 0.13676 -0.01876 0.04101 -0.08867 0.10005 0.36473 -0.16957 0.24695 0.08017 0.03632 -0.13292 0.10097 0.31290
0.10246 -0.06205 -0.22981 0.03053 0.12900 -0.13884 0.05668 -0.06016 0.01672 0.05882 0.16924 0.08839 0.02957 -0.07291 0.00300 -0.00369 -0.06204 -0.05768 -0.18908 -0.05491 0.03429 0.16555 0.11530 -0.11944 0.13368 -0.05390 0.01707 -0.09203 0.21282 0.12381 0.02414 0.01830 0.11350 -0.00230 0.18766 -0.19926 -0.27812 -0.25922 -0.18078 0.05922
-0.21904 0.10713 0.10118 0.13238 0.28402 -0.14475 -0.00144 -0.01877 -0.18920 -0.11351 0.03265 0.02674 -0.12540 -0.20895 0.13414 0.03542 -0.00326 0.08918 -0.06327 0.39297 0.08410 0.07179 -0.10890 0.01952 -0.09161 -0.08036 -0.00015 -0.16076 -0.05165 0.11291 -0.14516 -0.32157 -0.07665 -0.01796 0.02542 0.07949 -0.10308 -0.18273 0.00881 -0.02352
-0.01527 0.01298 0.12421 -0.17974 0.14382 -0.02927 -0.13708 -0.14531 0.08376 0.06335 -0.03331 0.04988 -0.03890 -0.05331 0.05920 -0.05997 -0.00927 0.07753 -0.03317 0.22899 -0.07737 0.18362 -0.06706 0.06204 0.12261 -0.20519 0.15635 0.01496 -0.17091 0.14780 0.13995 -0.15121 0.18430 -0.16979 0.18065 -0.16733 -0.29023 0.12124 -0.27626 -0.00374
0.08503 0.15153 -0.20555 0.15768 -0.21851 -0.06341 0.16913 0.07097 -0.17311 0.21033 0.01038 -0.17982 0.10709 -0.07082 -0.09257 -0.09405 -0.22100 0.07307 -0.11673 -0.13007 0.13855 -0.25890 -0.03970 -0.18178 -0.10803 -0.08830 -0.15696 -0.25207 0.09485 -0.00424 0.14419 -0.05054 -0.03419 0.16514 0.05685 0.00691 0.09056 0.02449 0.03651 -0.08916
0.05859 0.22765 -0.17376 0.06511 -0.18805 0.09589 -0.07304 0.00822 0.02434 0.07713 0.00675 -0.12206 0.15302 0.15946 -0.08030 0.05865 -0.28907 0.12580 -0.23705 -0.10231 0.11786 -0.01992 -0.03532 -0.10582 -0.00465 -0.12543 -0.19345 -0.27748 0.20623 0.02549 0.34554 0.00091 -0.19136 0.15702 0.16401 -0.14256 -0.05606 -0.01984 -0.04452 -0.03447
0.13564 0.07432 -0.21532 0.10678 -0.13205 0.03114 0.14462 -0.21648 -0.19746 0.29954 0.05558 -0.07525 0.13493 0.10364 -0.07487 -0.15468 -0.36062 0.10701 -0.05478 -0.00033 0.21862 -0.16582 -0.14373 -0.22274 -0.12221 -0.08486 -0.20192 -0.28088 -0.01968 -0.13374 0.18490 0.01380 -0.02861 0.17123 -0.01415 -0.02369 0.02525 -0.13522 0.00742 -0.06941
0.08036 0.17691 -0.23736 0.14174 -0.17322 0.13625 0.15031 0.02516 -0.07904 0.25794 0.06406 -0.05098 0.14565 0.09027 -0.05768 -0.10905 -0.15875 0.05996 -0.13517 -0.00423 0.29890 -0.29045 -0.06782 -0.22689 -0.02435 -0.02169 -0.09681 -0.30815 0.03919 0.07891 0.14316 0.00627 -0.10660 0.13232 0.06471 -0.06829 -0.06799 -0.03279 -0.02970 -0.01399
-0.25593 -0.05313 0.05511 -0.32703 0.32803 0.03198 0.05667 -0.06870 0.24383 0.08019 0.13373 -0.04264 -0.04093 -0.14084 -0.15011 0.03145 0.17489 -0.05361 0.06980 0.03072 -0.09043 0.26523 -0.01869 0.00961 0.20958 -0.09227 0.10220 0.06504 -0.08745 -0.07846 -0.07504 0.20282 0.34861 -0.07536 0.11713 -0.10999 -0.06213 0.04055 0.11979 0.30545
0.10762 0.11903 -0.07345 0.10634 -0.36805 -0.03841 0.20973 -0.05832 -0.23142 0.15720 -0.03279 -0.11232 0.17377 0.05102 -0.05739 -0.02380 -0.21888 0.06198 -0.13802 -0.05613 0.18889 -0.35380 -0.06517 -0.27760 0.08015 -0.02356 -0.27230 -0.26968 0.14842 -0.08537 0.13500 0.06274 -0.08241 0.30186 0.06117 -0.00004 -0.04363 -0.11098 -0.10488 -0.16189
-0.05074 0.13302 -0.27468 0.07726 -0.14221 -0.04506 0.18227 0.07849 -0.16886 -0.13429 -0.04531 -0.10825 -0.03916 0.08551 0.27537 -0.07040 0.17463 0.09594 -0.14053 -0.15440 -0.17769 0.04862 0.15810 -0.39047 -0.24736 0.05330 -0.15562 0.09466 0.15915 -0.06809 0.07293 0.20816 0.06762 -0.04934 -0.11190 0.24067 -0.09392 -0.04330 -0.19483 0.17716
-0.10971 0.16062 -0.23119 0.06907 -0.10533 0.06801 0.21057 0.20330 -0.06451 -0.09583 0.02674 -0.07248 -0.03993 0.18260 0.24813 -0.09368 0.09732 0.12519 -0.07583 -0.15473 -0.18291 -0.10858 0.17123 -0.29018 -0.27202 0.04501 -0.21343 0.02585 0.12318 -0.05129 -0.03794 0.15504 0.04641 -0.14681 -0.15073 0.21380 -0.00035 0.01951 -0.20663 0.16014
-0.00867 -0.19183 0.00342 -0.01939 0.02331 0.14746 0.28011 -0.23559 0.06980 -0.06437 -0.02215 0.05019 -0.18579 -0.21329 -0.10367 -0.06647 -0.00586 -0.20375 0.10784 -0.38378 0.02185 -0.19822 -0.04701 0.22535 0.04470 -0.13186 0.17811 0.14403 -0.07500 -0.05161 -0.08137 0.23946 -0.03118 0.01623 -0.11589 -0.10817 0.13647 -0.17949 -0.08664 -0.02582
0.13564 -0.07200 -0.33271 0.21665 -0.10503 0.19379 -0.20361 0.05221 -0.14122 0.19032 -0.07333 -0.24972 0.05597 -0.37063 0.00496 0.03396 0.10553 -0.04697 0.14583 -0.11474 -0.27766 0.08313 0.01838 0.26661 0.01295 0.07001 -0.05537 0.10783 0.07289 -0.07895 0.20854 -0.09216 0.06623 0.10889 0.09966 0.05920 -0.10500 -0.12740 -0.10292 -0.22938
-0.21634 0.10261 0.06951 0.12253 0.13917 0.17078 -0.09596 -0.22874 0.30170 -0.11362 0.02630 0.24590 -0.29138 0.16103 0.09604 0.06916 0.11370 0.00571 0.07530 0.04540 0.01550 0.22036 0.12603 -0.17193 0.08379 0.00832 -0.08426 0.11682 0.21145 -0.03759 -0.02830 0.09993 -0.27495 0.08982 0.25774 -0.16150 0.13066 0.21506 0.00618 0.06013
-0.06212 0.03347 -0.00361 -0.15167 0.11602 0.06652 -0.00409 -0.03037 0.00533 -0.00981 0.08943 -0.01357 0.09826 -0.10768 0.02717 0.01154 0.09863 -0.00579 -0.00492 0.02516 0.02245 0.20219 -0.03863 0.14405 0.22389 -0.14127 0.06041 0.18405 0.09448 -0.02578 -0.20680 0.03065 0.19253 -0.25735 0.14438 -0.01496 -0.05302 -0.17532 0.02693 0.22977
-0.20992 0.07148 0.23496 -0.18763 0.19150 0.12495 -0.04119 -0.12195 0.08815 -0.03945 0.03205 0.07687 0.04509 -0.17456 -0.05038 0.12506 -0.03052 0.02016 0.01356 0.24391 0.04737 0.18591 -0.05889 -0.10516 0.30087 -0.02732 0.10788 0.13235 -0.02318 -0.04321 -0.21010 0.02174 0.15279 -0.12642 -0.07807 0.15914 0.07596 -0.18212 0.07430 0.22203
0.00683 -0.16194 -0.21831 0.25104 -0.02880 0.04500 -0.19083 0.02158 -0.17194 0.19250 -0.07858 -0.28681 0.05676 -0.38898 -0.15156 -0.01989 0.09520 -0.05738 0.22111 -0.09704 -0.31387 0.10236 0.06308 0.26267 -0.01085 0.05476 -0.09700 0.15756 0.00303 -0.04403 0.04029 -0.11425 0.05277 0.11178 0.04061 0.11852 -0.06673 -0.13335 -0.04534 -0.03863
-0.06955 0.26324 -0.20493 0.28345 -0.04657 -0.05645 -0.09875 -0.11339 -0.12366 -0.16414 0.21224 -0.12669 0.03381 -0.10820 0.14566 -0.03397 0.25309 0.07463 -0.10145 -0.23523 -0.18718 -0.10922 0.29927 -0.14431 0.00126 0.01688 -0.28902 -0.12867 0.25584 -0.05501 0.15237 -0.11533 -0.11374 0.01950 0.28973 -0.03519 -0.02730 0.08678 0.06448 0.10125
0.01510 -0.09743 0.12332 -0.15051 -0.02190 0.10603 -0.35719 0.17160 0.13352 -0.00353 -0.04514 0.22394 -0.08877 0.10711 0.18315 -0.18675 -0.09369 -0.09600 0.04536 0.23775 0.00667 -0.10530 0.17716 0.11192 -0.13394 -0.21425 -0.08984 -0.31051 -0.18529 -0.33027 0.16791 -0.16526 -0.14222 0.20943 -0.25375 0.27117 -0.02685 0.12293 0.04503 0.09906
-0.03928 0.12614 0.05009 0.05733 -0.09904 0.06961 0.13399 0.30255 -0.09147 0.08175 -0.20847 0.24928 0.18728 0.02284 0.11100 0.10031 -0.14147 -0.23078 -0.10319 0.00969 -0.29171 -0.16656 0.17150 -0.08965 0.10318 0.14737 -0.04186 0.03989 -0.12597 0.13116 -0.26853 -0.20362 0.05673 -0.13155 -0.18288 -0.04927 -0.22942 0.25439 -0.11193 0.00112
0.12329 -0.17398 0.11692 0.01973 0.02988 -0.16492 -0.12687 -0.31095 0.17878 0.18201 -0.04785 -0.26544 -0.08484 0.21459 -0.35171 -0.01724 -0.13435 0.03032 0.11330 0.03754 0.29883 0.16216 -0.13664 0.08732 0.09174 -0.10653 0.09963 0.09591 -0.24763 -0.02093 0.00095 0.05340 -0.02315 0.00735 -0.27431 0.13166 -0.08519 -0.08042 0.30846 -0.09822
-0.20301 -0.01698 0.08216 -0.10332 0.18118 -0.21955 0.20795 0.05226 -0.00154 0.11906 0.08932 -0.11766 0.00944 -0.19854 -0.17082 -0.06140 0.00841 -0.05971 -0.06459 0.08407 0.05154 0.16893 0.03220 -0.04902 0.01816 -0.04267 0.09949 0.00858 -0.02295 0.17748 -0.21346 0.03210 0.24222 -0.11739 0.04672 0.10775 0.03739 -0.16645 0.10885 0.27629
-0.03076 0.07262 0.12150 -0.13584 0.04995 0.00992 -0.03976 0.03026 -0.17316 0.06323 0.01950 -0.11347 -0.11726 -0.18469 0.04805 0.18787 0.11945 0.11667 0.01423 0.19729 0.06495 0.14112 0.06578 -0.10494 0.14429 -0.06005 0.26479 0.18781 0.09166 -0.06315 -0.19999 0.13791 0.29190 -0.13902 -0.02801 0.22381 0.05791 -0.10174 0.04319 0.25855
-0.09071 0.05765 0.18140 -0.28496 0.14451 -0.06774 0.00990 0.06115 -0.00315 -0.01297 0.11829 -0.10474 0.05969 -0.38517 -0.13348 0.02220 0.13204 -0.08157 0.05006 0.19452 0.05292 0.15426 -0.13581 -0.01760 0.11809 0.01666 0.21835 0.09332 -0.00617 0.02201 -0.10249 -0.09388 0.19370 -0.10135 0.10330 0.06210 0.07415 -0.06579 0.07972 0.27534
-0.00583 0.04419 0.07157 -0.28649 0.20756 -0.05882 0.01388 -0.06518 -0.07054 0.13228 -0.08301 -0.14767 0.15142 -0.05187 -0.13063 0.01516 0.13490 -0.00402 0.09327 -0.01477 0.10724 0.04184 -0.09611 0.09586 0.11478 0.09222 0.14042 0.12386 0.00206 -0.04341 -0.13386 -0.09995 0.23703 -0.13693 0.11266 -0.01471 0.10872 -0.04599 0.11049 0.20024
-0.11269 0.04310 0.28630 -0.33909 0.20365 -0.19079 -0.01585 0.16670 0.02860 -0.04971 0.09967 -0.27296 0.01376 -0.11279 -0.13447 0.08283 0.25910 0.13595 -0.13499 0.18063 -0.06897 0.01374 -0.04663 -0.08317 0.06303 0.06115 0.33188 0.27992 -0.06065 -0.05713 -0.15282 -0.03076 0.43570 -0.13138 -0.07303 0.08574 -0.04603 -0.04103 0.16322 0.18238
0.10048 -0.17824 0.23187 0.02996 0.13188 -0.08612 -0.22829 -0.03702 -0.14791 -0.12028 0.01349 0.06288 0.16711 -0.12341 0.10230 0.17660 0.05113 0.17851 -0.08049 -0.06103 -0.03319 -0.06265 0.02026 0.04357 -0.06698 0.17189 -0.05326 -0.26534 0.31463 0.06860 -0.10159 -0.02042 0.21874 -0.18199 -0.01011 0.08744 -0.25605 -0.21682 -0.13905 -0.04010
-0.05001 0.16795 0.11008 -0.29241 0.22401 -0.03829 0.02675 -0.01854 -0.00040 -0.01558 0.10048 0.06089 0.09384 -0.19622 -0.07501 -0.04253 0.11517 -0.08348 0.05802 0.18740 0.09823 0.09232 -0.01940 -0.08269 0.05567 -0.04438 0.13374 0.10369 -0.09095 -0.12268 -0.08660 0.05290 0.24846 -0.10212 0.05374 0.01299 0.12154 -0.03697 0.04360 0.20240
0.17011 0.16431 -0.11586 0.05636 -0.14115 0.08700 0.14405 0.00117 -0.03878 0.27610 -0.11910 -0.09003 0.12479 0.01986 -0.08709 -0.12524 -0.29063 0.12953 0.06941 0.05318 0.19550 -0.21802 0.01450 -0.19277 0.00474 -0.05727 -0.06014 -0.40578 -0.00846 -0.13536 0.29199 0.00972 -0.03950 0.15796 -0.06189 0.03473 0.11125 -0.00668 -0.06666 0.03442
-0.00155 -0.07658 -0.04071 0.09324 0.01484 -0.01413 -0.10083 0.22668 0.05787 -0.24401 0.14572 0.16616 0.05029 0.00418 0.03137 0.04066 0.02492 0.14890 0.10297 -0.15639 0.14740 0.15819 0.11273 0.08896 -0.15836 0.29280 -0.04216 0.30568 -0.06530 0.16795 -0.02523 -0.37935 0.06319 -0.23053 -0.00494 -0.05241 0.01491 0.12379 0.17320 -0.11884
-0.04231 -0.15304 0.00176 0.14829 -0.06581 0.07642 -0.25009 0.08995 0.01549 0.12356 -0.09564 0.12903 -0.18998 0.08877 -0.07946 0.16826 0.00637 0.25517 0.01427 -0.17496 0.02226 -0.00206 0.00762 0.02686 0.03403 0.05715 0.07074 -0.16035 0.29372 -0.21796 -0.22244 -0.04548 -0.13852 0.05050 -0.03056 0.15834 -0.39669 -0.19057 0.04230 -0.24863
-0.27810 -0.03022 0.17086 -0.30659 0.17261 0.11323 -0.14590 -0.09214 0.01448 0.19301 0.00562 0.08370 0.12052 -0.07594 0.03349 -0.03421 0.09947 -0.02979 0.02038 0.20900 0.01033 0.09938 -0.15163 0.07320 0.34603 -0.05065 0.11499 0.23381 0.01821 -0.11905 -0.05308 -0.00003 0.13294 -0.20982 0.06409 0.04058 0.03365 0.02133 0.05132 0.21799
0.08451 -0.07525 -0.34052 0.27351 -0.03099 0.04593 -0.31761 0.01666 -0.10322 0.09147 -0.17012 -0.24878 0.05587 -0.26522 -0.05448 0.11844 -0.00226 0.06369 0.18709 -0.10234 -0.28943 0.04932 -0.02314 0.25937 -0.02554 0.07705 -0.02589 0.13586 0.14841 -0.04021 0.16348 -0.10051 0.09402 0.10660 0.08491 0.17377 -0.13329 -0.08606 -0.03605 -0.14293
-0.24022 0.25201 0.15427 0.20319 0.13264 0.23749 0.01711 0.02285 0.10252 -0.11675 -0.14008 0.23132 0.13270 0.05031 0.13957 -0.07317 0.13674 0.08368 0.02134 -0.03773 0.04054 -0.00329 -0.02122 0.27639 -0.06346 -0.02101 -0.06598 -0.15786 0.20574 0.02404 0.14790 -0.12263 -0.18853 -0.11491 -0.01568 0.21076 -0.23331 0.09195 0.00548 0.00322
-0.05401 -0.08430 0.02927 -0.10723 -0.00309 0.11753 -0.34553 0.20754 0.06138 -0.00003 0.02492 0.19809 -0.10424 0.16060 0.26605 -0.17287 -0.07509 -0.04949 0.07975 0.27755 0.06728 -0.07354 0.06016 0.05257 -0.10246 -0.30506 -0.10778 -0.29360 -0.23060 -0.30606 0.10075 -0.16973 -0.18147 0.11613 -0.24205 0.28208 0.06614 0.03127 0.07880 0.06556
-0.11306 -0.15101 0.06080 0.17997 0.06400 0.06228 -0.25453 0.02472 0.07998 0.09167 -0.05378 0.07580 -0.16868 0.11529 -0.10143 0.16486 0.09715 0.26171 0.02776 -0.11602 0.06855 0.04991 0.08892 -0.03204 -0.00650 0.06695 0.16148 0.01515 0.27207 -0.34253 -0.19756 -0.05971 -0.08298 0.03254 -0.04232 0.10061 -0.38418 -0.11611 0.04847 -0.10747
0.13728 0.02833 -0.14880 0.16044 -0.25829 -0.04755 0.18764 0.09526 -0.28075 0.43904 -0.07367 0.09197 -0.00198 -0.02136 -0.18767 -0.04354 -0.24394 0.13428 -0.15463 0.07310 0.16888 -0.08864 -0.16744 -0.00677 -0.04438 -0.11422 0.01153 -0.12900 -0.09206 -0.00860 0.17101 -0.03905 -0.08248 0.07872 0.02472 0.09547 0.09287 0.05548 -0.00728 -0.06555
-0.02981 0.03337 0.14731 -0.26667 0.25547 -0.11973 0.06499 -0.16652 0.15297 -0.19899 -0.03192 -0.05245 0.09518 -0.30472 -0.10009 -0.08949 0.15012 0.05674 -0.04731 0.23280 -0.15950 0.17621 -0.25805 0.12513 0.21270 0.14225 0.03107 0.17801 -0.17722 -0.12825 -0.18114 0.20881 0.28675 -0.25223 -0.06264 0.09319 -0.01635 -0.02612 -0.03563 0.35313
-0.02125 0.04908 0.22902 -0.38128 0.04167 -0.06978 0.08083 -0.12346 0.07549 -0.13785 0.14365 -0.04698 0.04928 -0.17767 0.01068 0.02952 0.14313 -0.00999 -0.05748 0.10534 -0.07479 0.18588 0.02952 -0.07689 0.22961 -0.05285 0.20723 0.15811 -0.15575 -0.01867 -0.25938 0.09087 0.10939 -0.09548 0.11325 0.01733 0.04675 -0.02512 0.08168 0.32089
-0.04102 -0.11294 0.04363 0.07903 -0.01260 0.03678 -0.06535 0.24105 0.17748 -0.17784 0.20043 0.15202 0.09041 0.05392 -0.09049 0.07393 -0.07045 0.18865 0.05855 0.02797 0.12676 0.21469 0.11839 0.12371 -0.10808 0.23181 -0.05908 0.29159 -0.06143 0.08921 -0.10754 -0.45462 0.06740 -0.26598 -0.10884 0.01699 0.01833 0.14466 0.14795 -0.11332
0.05920 -0.03014 -0.22224 0.16895 0.13685 0.10646 0.09742 -0.02088 0.01200 -0.12237 -0.12233 0.28002 -0.22399 -0.10001 -0.11836 -0.07939 -0.09784 0.12209 0.04513 0.11987 0.17722 0.09442 -0.06913 -0.17552 0.24829 0.19243 0.03859 -0.16156 0.01540 0.04042 0.03186 -0.00030 -0.09522 0.06720 -0.04637 -0.05764 -0.16555 0.08538 0.12395 0.12273
