0.22637 -0.26726 -0.07134 0.06949 -0.32164 -0.02158 0.28863 0.14984 -0.26788 -0.25967 0.00801 0.22052 -0.04682 0.16796 0.26442 0.18718 -0.22067 -0.03782 -0.14142 -0.11577 -0.14108 -0.35854 0.33966 0.28772 0.11146 -0.35290 0.07841 -0.28114 -0.30233 -0.14876 -0.30740 -0.25952 -0.06890 -0.08353 -0.04627 -0.23585 -0.43389 0.24962 -0.03523 0.38529
0.30917 -0.01968 -0.03841 -0.05613 0.23151 -0.44041 -0.00502 -0.21346 0.02872 0.13538 0.28953 0.33302 -0.02879 0.14968 -0.16139 0.34514 0.07552 0.24546 0.21688 0.05992 -0.06832 -0.09235 0.12191 0.17117 0.12668 0.09356 -0.18593 -0.19047 0.00664 0.27883 -0.26961 0.14696 0.07720 -0.39747 0.02256 -0.10664 0.27382 0.33864 0.11031 -0.01495
-0.01247 0.14566 -0.08290 -0.10413 0.30575 0.06722 -0.27162 -0.01344 -0.35279 -0.15976 -0.34077 0.26690 -0.03626 0.11841 -0.04762 0.02416 -0.27500 0.11879 0.08522 -0.07602 0.19646 0.05429 0.00072 0.28382 0.07692 0.04012 -0.12693 -0.17537 0.08527 0.02820 0.12534 0.09764 -0.24648 0.19745 0.25984 0.11318 0.04585 -0.21309 0.26331 -0.39127
0.02961 -0.02466 0.03144 -0.01473 0.22599 -0.09954 -0.15651 0.00253 -0.04823 -0.26157 0.21074 -0.25946 0.12587 -0.27718 -0.01111 0.11031 0.06853 -0.01862 -0.22703 -0.39001 -0.14754 0.21679 -0.12479 -0.21109 -0.15247 -0.20635 -0.14187 0.08031 -0.20506 -0.18620 0.08948 0.13581 0.24968 0.11945 0.09758 0.18776 -0.01419 0.24233 0.14953 -0.19541
0.21826 0.13076 0.04467 0.06948 -0.03909 -0.13861 -0.04313 0.00228 -0.18960 -0.06719 0.10233 -0.02384 -0.11060 0.17598 0.01708 0.10949 0.22274 0.26192 -0.22963 -0.25387 0.06456 0.25706 -0.16622 0.10353 -0.05900 -0.13677 -0.02580 0.03843 0.08113 0.27919 0.03430 0.11094 -0.32342 -0.21197 0.14882 0.23330 0.34626 -0.32155 0.19687 -0.30650
0.25695 -0.15456 0.22083 0.07548 -0.03259 -0.09087 0.08073 -0.08168 -0.16722 0.14071 0.08844 0.30015 0.18969 0.21383 -0.11924 0.28815 0.11947 -0.06468 0.08025 0.01655 -0.03036 -0.17855 0.11261 0.25174 -0.23447 -0.04785 0.28163 -0.15680 -0.03045 0.02587 -0.14454 0.15346 -0.28194 0.03709 0.24399 0.05278 0.27618 -0.52183 0.23102 -0.25085
0.01394 0.21436 -0.06710 0.02473 0.09712 0.13648 0.09860 0.23215 -0.09110 -0.07486 -0.03337 0.16747 0.15967 -0.24765 0.13066 0.24298 0.06643 0.01390 0.25627 -0.17710 0.03480 0.26188 0.03353 0.02495 -0.00818 0.12235 -0.07158 -0.26186 0.09085 0.15896 -0.08146 -0.02857 0.18933 -0.09442 0.25142 0.04596 0.08886 -0.43801 -0.18557 0.03351
-0.17754 0.21858 -0.01201 -0.11173 -0.01284 0.23571 0.24414 -0.13272 -0.29557 -0.16065 0.04469 0.29131 -0.11110 -0.15856 -0.00330 -0.07337 0.07405 0.03975 -0.11468 -0.20095 0.07488 0.36015 0.04452 0.12321 0.00156 -0.10326 -0.25610 -0.11151 0.18091 -0.00746 -0.11547 0.25250 -0.01264 0.02600 0.02227 -0.20892 0.01442 -0.40258 0.20487 -0.30204
0.30987 -0.06355 0.28549 -0.08018 0.12809 0.13616 0.20330 0.17343 -0.21874 0.00579 -0.14221 0.03532 -0.01916 -0.00799 -0.03953 0.17764 0.11185 -0.10575 0.20944 0.01838 0.17206 0.01350 0.15987 -0.07422 -0.00392 0.06118 -0.06932 -0.29042 -0.00957 -0.12421 0.05467 -0.01796 0.02048 -0.10805 0.03543 0.05937 0.16348 -0.42228 0.08096 -0.20583
0.29294 -0.10110 0.11778 0.04742 0.16974 -0.01546 0.01020 0.23332 -0.19829 0.14144 0.15101 -0.00427 0.15875 0.24699 0.16758 0.07977 0.03990 0.17255 0.14407 -0.19484 0.02005 0.01891 0.01418 0.27517 -0.13466 0.13844 -0.10684 -0.08745 -0.13002 0.00959 -0.17392 -0.18037 -0.24769 -0.19287 -0.06184 0.23571 0.10189 -0.32016 0.14680 -0.17560
0.16102 0.06283 0.35847 -0.02422 0.43679 -0.17693 0.16531 0.07147 -0.43612 -0.12185 -0.14707 -0.19285 -0.00952 0.25201 0.19914 -0.10114 0.12845 -0.17864 0.10038 0.27455 0.16685 0.09612 -0.18816 0.04201 -0.20901 0.28842 0.02298 0.29868 0.01204 0.18502 -0.32003 -0.19405 -0.20861 -0.04388 0.02652 -0.02854 0.10068 -0.02412 0.00931 -0.23273
0.15497 -0.08844 -0.13369 -0.19681 -0.05600 0.16082 -0.16186 0.22490 -0.20513 -0.06504 0.02683 0.28177 -0.11247 -0.19590 0.09556 0.27278 -0.31922 -0.16314 -0.06620 0.01216 0.16620 0.29632 0.15667 -0.26600 -0.14040 0.17359 0.02587 -0.21953 0.22804 0.29269 -0.11172 -0.00223 0.25213 -0.16003 -0.17512 0.01431 0.24701 -0.18220 -0.28708 0.05950
-0.03393 -0.25354 0.08647 -0.11125 0.04759 -0.37630 0.10443 -0.06417 0.30706 0.06434 -0.17876 -0.00452 -0.29422 0.08931 -0.23878 -0.35723 -0.22259 -0.09522 -0.18518 -0.04538 0.23281 -0.22299 0.25808 -0.04173 0.25325 -0.01639 -0.21420 0.18746 -0.23268 -0.29592 0.29953 -0.35910 0.21076 -0.20289 0.15465 -0.29116 -0.03646 -0.03542 -0.31608 -0.25363
-0.11758 0.19885 0.04057 -0.21227 0.17806 -0.08499 -0.14992 -0.17541 -0.20131 0.10578 -0.16474 0.31718 -0.21225 -0.08815 -0.19631 0.38973 -0.14177 -0.21097 0.11621 -0.33508 -0.18674 0.08364 -0.04453 0.11833 -0.19011 -0.18580 0.14329 -0.30040 -0.13441 0.21525 -0.06913 -0.03721 -0.13564 -0.08154 0.27022 -0.07314 0.09460 -0.45701 0.16239 -0.21392
0.20940 0.01365 0.25011 -0.22353 0.26924 0.21194 -0.13452 -0.10731 0.33084 -0.06806 0.02878 0.33730 -0.27771 0.04370 0.08087 0.28954 0.29555 0.13012 0.00398 0.23360 -0.19848 -0.17784 -0.01334 0.20725 -0.17084 0.14233 -0.09764 -0.16920 0.07930 -0.06984 0.03569 -0.01594 0.27255 -0.12478 -0.06514 0.10690 0.16121 0.07019 0.10539 -0.16627
0.29287 0.26330 0.34337 -0.15915 0.30107 -0.17711 -0.14924 -0.20771 -0.17682 -0.22801 -0.28425 0.08180 -0.00120 0.25243 -0.10086 0.16349 0.13170 0.24148 -0.06252 0.03736 0.11121 0.08160 0.16284 -0.14694 -0.18909 0.24361 0.05574 0.14676 0.22840 -0.28452 -0.07939 -0.17658 -0.03625 -0.07983 0.12443 0.02015 -0.13787 -0.28027 0.18865 -0.33397
0.12900 0.34770 0.11769 0.03348 0.26748 -0.22010 -0.07447 0.12363 -0.30998 -0.07673 -0.29709 0.32884 -0.03502 0.10716 -0.17171 -0.06272 0.36239 -0.17012 0.18607 0.11460 -0.11061 0.19290 -0.24999 0.05080 -0.15861 -0.13460 0.08143 -0.34987 0.10395 -0.26743 -0.14373 0.18417 -0.30618 -0.14889 0.06922 -0.00652 0.09151 -0.29805 -0.03958 0.07210
0.00559 -0.07271 0.01057 0.18945 0.23758 -0.25535 0.08848 -0.06036 0.24950 -0.11975 0.08662 -0.27978 0.20914 -0.33940 0.27118 0.01701 -0.15037 0.00639 -0.01810 -0.30378 -0.04167 0.18605 -0.17748 -0.28297 -0.24498 -0.20466 0.08818 0.12102 -0.36472 -0.03794 -0.09401 0.29686 0.17216 -0.16987 0.28920 0.32176 0.23800 -0.01011 0.21089 -0.32537
-0.14977 -0.08319 0.24292 -0.16886 0.00185 -0.30209 -0.15605 0.23950 0.27569 -0.08788 0.12601 -0.21543 0.22036 -0.07830 0.15551 -0.17189 -0.02545 0.17084 -0.19676 -0.41039 -0.21305 0.23412 0.15011 0.03965 -0.16301 -0.09281 -0.07572 0.11559 -0.27343 -0.17164 0.15470 0.12582 -0.20781 -0.27845 0.07454 0.18089 0.07731 0.07892 0.32872 -0.32635
0.19738 0.06792 -0.05010 -0.21218 0.19830 0.22735 0.06560 0.16398 -0.02736 0.17719 0.16328 -0.15874 -0.04067 -0.27162 0.05841 0.17394 -0.10457 -0.11152 -0.07985 0.17468 0.17119 -0.34478 -0.17819 0.14148 0.04302 0.30150 0.14915 -0.13380 0.11593 -0.06975 -0.26055 0.22553 0.03699 0.08217 0.16123 0.11629 -0.05092 0.21309 0.51216 -0.30697
-0.15858 0.01163 0.25625 -0.03426 0.31780 0.12793 -0.02243 -0.20323 0.26096 -0.27652 -0.17696 0.11821 -0.20735 0.37587 -0.08109 -0.05389 -0.07199 0.24743 0.00780 0.06482 -0.16867 -0.01273 0.09839 0.21046 0.11831 -0.03319 0.18318 -0.07749 0.22925 -0.21749 -0.05266 0.05227 0.26078 -0.04977 -0.14921 -0.06000 0.32021 0.18691 0.23883 0.08490
-0.04234 -0.05827 -0.19118 0.06072 0.24903 0.27452 -0.06401 0.21726 -0.00886 0.00192 0.22272 0.08019 -0.42552 0.11870 0.10499 0.15153 -0.24500 0.05788 0.31958 -0.17744 0.16944 -0.33109 -0.26947 -0.06637 0.16660 0.07283 -0.04209 0.16013 0.12678 -0.34610 -0.20893 -0.27372 -0.06460 0.45316 0.28936 0.04809 0.41447 0.01940 -0.19809 0.02536
0.37054 -0.13338 -0.35333 -0.21180 -0.10294 0.06878 0.20312 0.17027 -0.13641 0.16766 0.08906 -0.34624 0.09550 -0.03289 0.19194 0.05443 0.18087 0.04560 -0.00140 -0.02076 0.26056 0.08422 -0.04297 0.24691 0.01448 -0.01450 -0.21511 -0.22961 -0.04855 0.08126 0.11181 0.33845 -0.13084 -0.11934 -0.17693 0.22525 0.15295 -0.13731 -0.04787 0.03422
-0.08897 0.01699 0.02765 0.26620 0.06008 0.17037 -0.18610 -0.05239 -0.10481 -0.01813 -0.31935 -0.04546 -0.07902 -0.17756 -0.15987 -0.25376 -0.25161 -0.12199 -0.05567 0.21914 0.22917 0.18594 -0.40714 0.22831 -0.08785 0.02211 0.13845 -0.27974 -0.17411 0.20091 0.29385 0.23866 0.08568 -0.03328 0.15361 0.07177 -0.30660 -0.04190 -0.24914 0.01508
0.21363 -0.27876 -0.01470 -0.28325 -0.31053 -0.04627 0.07974 -0.20661 0.02600 0.22769 0.20590 0.29444 0.34743 -0.30536 -0.15380 -0.39175 0.04370 -0.19655 -0.10762 0.34993 0.05837 -0.16114 0.29172 0.20790 0.10670 0.16477 0.35426 0.03461 -0.02631 -0.26861 0.21140 0.26509 0.16125 0.21976 -0.09560 -0.19599 -0.24574 0.05545 0.19977 -0.06147
-0.06963 -0.02560 -0.08757 -0.15994 -0.06526 0.15868 0.11286 0.12334 -0.03409 -0.11454 -0.07417 -0.12989 0.06826 -0.12909 -0.24465 0.03440 0.40477 0.20517 -0.16951 -0.22302 -0.27306 0.25127 0.18748 -0.08201 0.27649 0.23994 0.29545 -0.01054 0.07845 -0.25487 0.13764 -0.10013 -0.21443 0.14751 0.06639 -0.18104 0.04462 -0.21657 0.19832 -0.23024
-0.00003 -0.18467 -0.03070 -0.33035 0.27600 0.40093 0.21008 0.33242 -0.03546 0.26798 -0.14881 0.34588 -0.06642 -0.12928 -0.27616 0.10848 -0.20765 -0.22796 -0.24911 0.08262 -0.15521 -0.06884 -0.21925 -0.16357 -0.16300 0.25893 -0.09059 0.17224 0.14058 -0.02176 0.00787 0.39600 -0.37447 0.01369 0.05157 -0.33687 -0.22458 0.18260 -0.00700 0.24231
0.28725 0.22723 -0.34827 -0.14312 0.11291 0.26621 -0.10952 0.01338 0.02878 0.12911 -0.26935 0.28440 0.02985 -0.21958 0.02242 -0.27238 -0.14706 -0.13267 0.19668 -0.37327 0.25067 -0.02714 -0.07693 -0.15983 0.28413 -0.18925 0.07314 -0.33269 -0.15851 0.08525 0.09753 -0.22492 -0.21927 -0.17209 0.03953 -0.15945 -0.20704 -0.13566 -0.08379 -0.01317
0.07318 0.20357 -0.33721 -0.04303 0.00956 0.05884 -0.17331 -0.08562 -0.08653 0.11548 0.12892 0.18056 -0.11470 -0.11828 0.01753 0.00218 -0.25228 -0.05765 0.13249 0.01259 0.23616 -0.04565 0.19857 0.07130 0.21011 -0.08822 -0.19042 -0.28910 -0.03929 -0.25489 -0.06971 -0.17560 0.04890 -0.25647 0.10850 0.03201 0.12518 -0.19330 0.24982 0.17024
0.30687 0.20894 -0.23182 0.12004 -0.06408 0.24837 -0.19027 0.10256 -0.00668 0.08623 0.00270 0.27662 -0.15267 -0.01095 -0.05917 -0.13554 -0.16300 -0.22165 -0.22319 0.19733 0.24460 0.11772 0.22344 0.07672 0.28253 -0.29280 -0.20775 -0.26738 0.03996 -0.15739 -0.01413 -0.27854 -0.16554 -0.15962 0.15671 0.11983 0.11996 0.13312 0.08737 0.25950
0.09133 0.25825 0.01347 0.16351 -0.26226 -0.13890 0.19259 -0.31801 -0.23462 -0.03291 0.21490 -0.12644 -0.05448 -0.05182 -0.08576 0.26793 -0.15585 0.06974 0.38931 0.08694 -0.04133 0.08793 0.08539 0.14755 -0.22216 0.06301 0.25343 -0.11077 -0.06440 -0.19134 -0.09492 -0.16472 -0.11221 0.01745 -0.14155 -0.29720 -0.04015 -0.09508 -0.10269 -0.10483
-0.02590 -0.04423 0.08972 -0.16514 -0.18641 0.21420 -0.13334 -0.20772 0.01374 0.22297 -0.00988 -0.24151 -0.10099 -0.11448 0.13464 0.00703 -0.30630 -0.21719 0.17661 0.12678 0.02608 0.15267 -0.29299 0.10098 -0.18152 0.26393 0.08876 -0.19983 0.29044 0.31249 0.01536 0.23678 0.03826 -0.12991 0.00093 0.02925 -0.24218 0.10881 -0.22827 0.28353
0.36098 0.32496 0.12971 -0.08540 0.28244 -0.22447 -0.24661 0.16459 0.11313 0.09914 0.29566 -0.24335 -0.14200 -0.05132 0.19808 -0.15343 -0.25825 0.06889 0.08838 -0.19202 -0.20785 0.01331 0.17443 0.00808 -0.07672 0.18157 0.42398 -0.14812 0.23736 0.27629 -0.21330 -0.02548 -0.12917 -0.02252 -0.04144 0.36390 0.08557 -0.11588 0.40462 -0.21543
-0.35499 0.04822 -0.14561 0.12677 -0.11420 0.17208 0.17891 0.02660 -0.24254 0.11501 -0.15103 -0.05638 0.02761 -0.01658 -0.18805 0.04781 0.14990 0.23946 0.13237 0.02705 -0.27828 -0.23403 0.14752 -0.19589 -0.26161 0.15967 -0.04423 0.29385 -0.11155 -0.35031 0.20004 0.01174 0.09626 0.32264 0.40438 -0.22450 0.32032 -0.02485 -0.03436 0.01079
-0.14618 0.04982 -0.14362 0.00692 0.03905 0.05015 0.00772 -0.14463 -0.00100 -0.09712 0.20107 -0.19684 -0.25864 0.08636 0.23782 0.09570 0.05948 0.29931 -0.24051 0.27610 0.03224 -0.25035 0.36674 0.07176 -0.00331 -0.42213 -0.10280 -0.24683 -0.22268 -0.01876 -0.20904 0.28271 0.21088 -0.07391 -0.12927 0.32483 -0.24725 -0.04323 -0.40967 0.22073
-0.15886 -0.14149 -0.24842 -0.24403 0.28934 -0.38736 0.09371 -0.05315 0.25030 0.15091 -0.19454 0.07642 0.29316 0.02379 0.12979 0.21950 0.21401 -0.01326 0.32005 0.12114 -0.03966 0.19521 -0.23954 -0.06267 0.26494 0.34368 -0.18968 -0.12189 -0.24665 -0.23850 0.06257 0.11307 -0.16513 0.03059 0.18818 -0.12391 0.10106 -0.20220 0.21091 -0.21628
-0.21445 0.17680 -0.03611 0.15115 -0.20538 0.04948 0.03679 -0.04365 0.08871 0.17599 -0.10088 -0.17469 0.12875 0.12615 0.38057 0.04063 -0.20945 -0.10745 -0.28093 -0.09710 -0.08612 0.03383 -0.17486 0.27630 0.19699 -0.02464 0.23098 -0.06343 0.30114 -0.22445 -0.16866 0.27895 -0.20796 -0.03576 -0.02131 -0.15178 -0.07684 -0.08449 0.02300 0.22214
0.04940 -0.10007 0.00100 -0.08706 -0.05306 -0.14643 -0.05094 0.26820 0.27884 0.10217 -0.27863 -0.04973 -0.26256 0.08738 0.08497 0.23502 0.15346 0.08246 -0.20114 -0.23253 0.42861 0.15086 -0.15715 0.02080 0.03569 -0.21166 0.38134 -0.15176 0.16149 -0.17857 0.18686 -0.01221 0.15610 0.16330 -0.03467 0.11814 0.14021 0.09203 -0.16694 -0.36408
0.02166 0.22281 -0.22487 0.30875 -0.20950 -0.31206 0.34068 -0.37234 -0.25152 -0.00036 0.29181 -0.25170 -0.21260 0.13474 0.02049 -0.00477 0.14248 -0.01714 0.39875 -0.06499 0.07505 -0.02784 0.05023 0.28412 0.03208 0.19958 0.39631 -0.02602 -0.02990 -0.31632 0.11165 -0.12941 -0.22961 -0.22929 -0.14331 -0.11796 0.17062 -0.18992 -0.32540 -0.09418
-0.21423 0.01077 0.17909 0.13350 0.07691 -0.09542 0.03941 0.08054 -0.16620 -0.11500 0.08876 0.00746 0.04895 0.15926 0.13000 0.01565 0.17951 0.29071 0.05822 0.25757 0.07281 0.19392 0.14544 -0.21389 -0.14167 0.10832 -0.34204 0.04560 -0.14729 0.11111 0.10643 -0.03789 0.16146 0.22960 0.34747 -0.28034 0.15801 -0.25363 -0.09992 -0.16353
-0.08607 0.17658 -0.09282 0.04717 0.05777 0.06635 -0.03549 -0.04677 0.07953 0.34824 -0.01302 0.02329 -0.33990 -0.20964 0.13553 -0.09433 0.09208 0.02436 -0.09276 0.16433 0.11084 -0.18889 -0.12797 -0.06635 -0.19601 0.05759 -0.17092 0.17409 0.04892 -0.08536 -0.06830 -0.21493 0.07595 -0.10768 -0.10611 -0.12344 0.22725 -0.02622 -0.04382 0.01205
-0.23527 0.07317 -0.37635 -0.32410 -0.24091 0.04637 0.18196 0.11248 0.22725 0.00190 -0.18154 0.16144 0.07116 0.20424 -0.25321 -0.38073 0.20851 -0.23631 0.01406 0.12593 0.22980 0.06285 -0.08464 -0.02553 -0.01481 0.21216 0.15922 0.30473 0.23563 0.01902 -0.28862 0.04812 0.39050 -0.10521 -0.14408 0.05479 0.26907 0.30446 -0.28873 0.01547
0.20004 -0.25720 0.17932 -0.33920 -0.18127 0.28537 -0.27350 0.01628 0.21569 0.31265 0.23224 0.24925 0.18896 0.16529 0.08703 0.40915 0.22376 0.02170 -0.17683 0.00904 -0.00395 -0.16460 0.06988 -0.23095 0.16434 0.05475 -0.26878 -0.23097 0.15838 0.25760 0.01784 -0.00514 -0.18154 -0.11507 0.17236 0.16940 0.30942 -0.01287 0.33621 -0.05776
0.00787 -0.07611 -0.01555 0.26974 -0.01542 -0.16655 0.22085 0.01352 -0.00783 0.26650 0.24077 -0.15205 0.09405 0.23372 -0.35374 0.13659 0.16396 0.28824 0.11777 0.29499 0.07548 0.12155 0.03384 0.10534 -0.27985 -0.16552 -0.20691 0.25821 -0.08514 -0.03885 -0.02982 0.21010 0.17660 0.16900 0.39123 -0.33383 0.36550 -0.09197 0.20039 0.23108
-0.07112 -0.24038 0.07558 -0.03193 -0.16349 0.02560 -0.20774 0.02061 0.07208 0.32089 0.13877 0.13642 0.10695 0.15144 -0.00388 0.35863 0.23244 0.15145 -0.25275 -0.03931 0.01609 -0.09654 0.04667 -0.13592 0.15788 0.07795 -0.23446 -0.13028 0.16094 0.32157 0.00047 0.07178 -0.01351 -0.14929 0.30427 0.04552 0.36047 -0.16256 0.23921 0.16983
-0.21000 -0.01231 -0.05720 -0.25499 -0.00896 -0.02907 -0.13295 -0.01076 0.15436 0.27482 -0.21512 0.05960 -0.17715 0.18024 -0.07160 -0.06330 -0.02046 -0.07075 0.09723 0.17650 -0.12224 -0.04652 -0.01034 0.24025 -0.09050 0.18394 0.17472 0.21091 -0.04008 -0.16596 0.27017 -0.04115 0.00451 0.29826 0.30789 -0.21800 0.20699 0.12634 0.08777 0.09817
-0.07428 0.09183 -0.13740 0.10610 0.01224 0.01465 0.03606 0.11889 -0.16068 -0.05018 -0.17979 0.15806 -0.04029 0.18449 -0.13258 -0.11149 -0.17022 0.22950 -0.10859 0.23848 0.09575 -0.00280 -0.00422 -0.00620 0.19446 0.17712 -0.33319 0.22046 0.12675 -0.00817 0.10525 -0.19562 0.02612 0.04539 0.15406 -0.32307 -0.15447 -0.03936 0.12451 0.16923
-0.10262 0.13047 0.21020 0.10447 0.18833 -0.37750 0.16124 -0.17133 0.11447 0.02002 0.14644 -0.21900 -0.09079 -0.11345 -0.23932 0.25233 -0.01902 -0.02495 -0.26304 0.22494 -0.07478 0.12113 0.05482 -0.03379 0.06034 -0.01691 -0.03365 0.15784 -0.11800 0.09517 -0.23114 -0.07835 -0.13640 -0.02358 0.19291 0.00969 -0.20773 0.06965 0.20084 0.00281
-0.06206 0.21442 0.21536 0.14100 0.15784 -0.35518 -0.19572 -0.18718 0.18319 0.23540 -0.03503 0.04731 0.14396 -0.20210 -0.28085 0.30604 -0.18524 0.01187 -0.06185 -0.01348 -0.22183 0.22009 0.29826 -0.31675 -0.10058 -0.14796 0.10644 0.05291 -0.03025 0.07057 0.06080 0.11695 -0.21042 0.21443 0.22618 -0.14800 -0.15942 0.28670 0.02471 0.20325
0.08271 -0.06597 0.17710 0.17314 -0.02915 0.13912 -0.30380 -0.10796 0.15722 0.00333 -0.33396 0.18234 -0.10407 0.10466 -0.20185 -0.15401 -0.12180 0.27014 -0.30144 0.21931 0.06649 -0.13903 -0.19707 0.09400 0.03670 -0.12161 -0.32119 0.27173 0.19720 -0.20840 -0.20152 -0.08241 0.15015 0.17754 0.21957 -0.31570 0.07994 0.02509 0.18365 0.21522
-0.17436 0.12806 0.20085 0.34255 0.05287 -0.15316 0.18031 -0.21860 -0.02425 -0.04729 0.02526 -0.02198 0.09740 0.28424 0.31849 0.23583 0.02437 -0.06704 -0.23600 0.05382 0.06970 -0.28009 0.20518 -0.03030 0.02012 0.21900 0.16253 0.18100 -0.04622 0.03313 0.32068 0.09981 0.20144 -0.03108 0.12653 0.27102 -0.14880 0.06931 -0.04630 0.12659
-0.23662 -0.42042 -0.22531 0.14289 -0.11750 0.05865 -0.08186 -0.06986 -0.31656 -0.15280 0.09833 -0.05904 -0.06853 -0.11981 0.27347 -0.09661 -0.29065 0.02338 0.19111 0.13956 -0.18175 0.14763 0.26127 -0.05611 -0.02884 -0.10194 -0.23344 0.20482 -0.13744 0.09222 -0.06378 0.10203 0.14923 -0.21219 0.05699 0.25380 0.01375 -0.21323 0.03724 0.15129
0.20654 0.22494 0.21124 -0.24965 0.15012 -0.11970 0.07926 -0.02874 -0.26666 -0.29203 0.14074 0.34907 0.29672 -0.05141 0.16243 -0.09307 -0.04962 0.10171 -0.09417 -0.09213 0.14230 0.28379 0.06561 0.17109 0.02333 -0.17034 0.24909 -0.07439 0.07862 0.17432 -0.16016 0.09058 -0.20622 -0.22636 0.39550 0.10186 0.34729 -0.35429 0.25851 -0.23272
0.18300 0.19932 0.03712 -0.18752 -0.06377 -0.17614 0.03618 -0.09288 -0.19636 0.11462 0.04151 -0.24737 -0.31565 0.01286 -0.14885 -0.24195 -0.02752 -0.04733 0.08012 -0.04913 -0.05302 -0.02530 -0.20796 -0.08064 0.04646 0.12788 0.29458 0.07592 -0.19586 -0.30171 -0.36224 0.17877 -0.33124 -0.06981 -0.18133 -0.15429 0.30150 -0.32180 -0.36198 -0.07862
-0.19129 -0.13423 -0.26787 0.32159 0.14271 0.12399 -0.04963 -0.28863 0.00919 -0.15792 0.08416 -0.02149 -0.04554 0.16734 -0.29021 0.32210 0.07275 -0.28322 0.15530 0.23886 0.05105 0.28235 -0.11100 0.00290 0.03114 -0.01681 0.36313 -0.01679 -0.17098 0.10495 -0.14430 -0.09141 -0.12874 -0.06656 0.25170 0.28087 0.30455 -0.41344 0.07175 -0.12084
0.22810 0.03338 -0.11164 0.31844 0.00864 0.26177 -0.28143 0.19813 0.10572 0.15226 0.08125 0.05197 -0.12637 0.21361 -0.16897 0.00749 -0.15188 -0.18277 -0.00433 -0.27641 -0.16133 -0.01188 -0.16012 0.08977 0.27798 -0.20584 0.17192 0.26815 -0.14644 -0.15528 0.06638 0.13348 -0.37595 0.25360 0.12581 0.07534 0.19849 -0.33638 0.20850 0.01328
-0.36813 -0.02735 0.38381 0.13153 -0.00755 -0.24093 -0.06800 -0.18872 0.12480 0.01240 -0.24824 -0.23079 0.01576 0.03128 -0.38380 0.16922 -0.02721 0.08965 -0.18725 0.03184 -0.08312 0.13205 0.07484 0.23556 0.02790 0.13287 0.16668 0.20308 -0.17029 0.19536 0.23613 0.06555 -0.27665 0.26412 0.34133 -0.21575 -0.09995 -0.09907 0.13289 0.17015
0.03079 -0.05313 0.00736 0.03338 -0.24065 0.14635 0.17698 0.06803 0.40509 -0.20264 -0.30086 0.16462 0.10376 0.27402 -0.20930 0.02716 0.05110 0.42930 -0.15753 0.09503 0.11984 0.08495 0.29370 0.11712 0.13065 0.05342 0.13965 0.14577 0.03741 -0.16551 -0.08949 0.27292 0.20794 -0.08460 -0.15207 0.20984 0.02562 -0.02777 0.13497 0.16296
0.09844 0.13918 0.07375 0.22258 0.21380 0.29936 0.33413 0.14835 0.21869 0.13308 0.17005 -0.23812 -0.00137 -0.21904 0.29868 0.02050 0.02918 -0.14765 -0.35569 0.21084 0.04426 -0.06720 -0.02207 0.00442 0.27882 0.00840 -0.04165 -0.09037 0.20825 0.27259 -0.21636 0.01735 -0.07397 0.15127 -0.20511 0.31029 0.02408 0.03338 -0.07983 -0.08190
-0.02093 -0.05209 0.26026 -0.10376 0.37999 -0.35143 0.15826 0.25878 0.11418 0.10438 -0.33710 0.28302 0.24645 0.33724 -0.08958 0.12908 0.24210 -0.29906 0.35650 0.16423 -0.14673 0.17048 0.22672 -0.06445 -0.34120 -0.05289 0.40464 0.42726 0.23086 -0.41021 -0.13530 0.47713 0.44638 -0.37218 -0.00332 -0.08072 0.29490 0.36099 0.34576 0.18625
0.14006 -0.05849 -0.18859 0.21393 -0.12666 0.18740 -0.25836 -0.12180 -0.04047 -0.07641 -0.03898 -0.13044 0.02345 -0.00553 0.42896 0.21989 -0.37554 0.31833 0.10232 0.36569 -0.03760 0.08985 0.27404 0.18491 -0.19546 0.13182 -0.20505 0.14751 -0.35639 -0.12647 0.15265 0.02962 -0.31723 -0.01302 -0.34325 -0.06059 0.15687 0.16392 -0.07136 0.33261
-0.36227 -0.25517 -0.01825 -0.09576 -0.01368 0.05394 -0.19443 0.10480 0.09538 0.26834 -0.11595 0.09592 -0.22991 0.05547 -0.06015 0.02461 0.25679 -0.09273 -0.03961 0.20139 -0.07953 -0.17281 0.10308 0.09046 0.04673 0.00382 0.05256 0.20662 0.27054 -0.23968 0.10511 0.11567 0.35038 0.37913 0.34809 -0.02112 0.35580 0.18619 -0.10856 -0.14695
-0.10251 -0.10570 -0.03136 0.01378 -0.10628 -0.06828 0.14191 -0.07433 0.24399 -0.05416 -0.08608 -0.27256 0.15656 -0.21963 -0.01617 0.02526 -0.28532 -0.16679 0.08322 0.24571 0.02956 0.13961 -0.32862 0.11026 -0.28093 -0.02714 0.12281 -0.01050 0.10400 0.20536 0.17370 0.08453 0.28234 -0.18008 -0.23474 0.10683 -0.07492 0.15762 -0.05360 0.01083
0.06940 0.15982 -0.05365 -0.24498 -0.19056 -0.00344 0.11608 -0.21153 -0.01707 0.14231 -0.34397 -0.01243 -0.13038 -0.04622 0.30357 0.03356 -0.40002 -0.23629 0.31073 0.15028 0.02321 0.32602 -0.31023 0.09431 -0.44878 0.17856 0.14097 -0.19967 0.09824 0.21480 0.24502 0.26005 -0.06502 -0.17178 -0.25679 0.09346 0.36734 -0.06564 0.09647 0.15391
0.11128 -0.07285 -0.19947 0.11192 0.06708 0.21695 -0.14358 0.10993 0.08873 -0.24417 0.05746 -0.04391 -0.19631 -0.27455 -0.11896 0.01014 -0.26689 -0.15906 0.22641 0.29468 0.18561 0.03352 -0.36944 0.17662 0.05860 0.08998 0.20920 -0.02278 0.05734 -0.13368 0.02510 0.08675 0.25871 -0.14103 0.01300 0.09482 -0.05884 0.21929 0.17687 0.07245
-0.28205 0.06556 0.25278 0.25873 -0.02313 0.25912 0.08034 -0.18684 0.10522 -0.04248 0.00931 -0.37929 -0.37184 -0.22744 -0.12813 -0.22088 -0.07872 0.13341 0.05272 0.00374 0.00260 -0.15335 -0.30248 0.24469 -0.26719 0.09318 0.12758 -0.15587 0.04750 0.08633 0.25798 0.04209 0.17567 -0.00319 0.04722 0.06367 -0.09476 0.18773 0.00279 0.05370
0.18644 -0.01412 -0.00143 0.04568 0.18441 -0.12801 0.16885 0.14927 0.15783 -0.20304 0.11693 -0.25454 -0.14670 0.10332 0.01146 -0.36834 0.14802 0.10603 -0.37474 0.11565 -0.01078 -0.21362 0.04240 0.15764 0.19077 -0.13379 -0.23031 -0.14905 0.30990 0.07739 -0.16135 -0.11189 -0.12541 -0.17201 -0.22669 -0.20017 -0.29595 0.04540 -0.15990 0.12307
-0.08902 0.12816 0.31496 -0.31285 -0.12434 -0.05624 -0.29388 -0.27153 -0.12310 -0.16707 0.20037 -0.28736 -0.01274 -0.01133 0.03248 -0.10051 0.32879 -0.38363 0.06170 -0.27554 -0.19502 0.15002 -0.14581 -0.40877 -0.21455 -0.32083 -0.23063 -0.14507 0.27532 -0.10564 0.09991 -0.14232 -0.23813 -0.12140 -0.15140 -0.14066 -0.13171 0.21873 -0.23772 0.24823
0.17905 0.26235 -0.08958 0.12521 0.00692 0.01669 -0.23396 0.02318 -0.01597 -0.02499 0.13494 0.05965 0.06866 0.07826 -0.20812 -0.21315 -0.07415 -0.18684 -0.10096 -0.17262 0.22632 -0.25843 0.13550 0.07840 0.24199 -0.34359 0.18273 0.02075 -0.06814 0.03605 -0.16149 -0.00158 0.15458 -0.24602 0.03375 0.11946 0.09460 -0.18658 -0.13342 0.00487
-0.03757 0.27404 -0.09215 0.28842 -0.14945 0.27507 -0.03603 -0.25298 -0.18942 0.23170 0.31011 0.18067 0.06358 -0.25885 -0.01690 -0.29093 0.17950 -0.01365 0.00109 -0.13511 0.24442 0.07521 0.10021 0.06116 0.32968 0.10812 0.12183 -0.34932 -0.12574 0.23949 -0.11258 -0.26785 -0.00661 -0.14352 0.04517 0.11845 -0.02177 -0.06697 0.16184 0.27634
0.22540 0.04497 -0.10836 0.15334 -0.07789 0.19939 -0.21455 -0.04541 0.02593 0.15245 -0.07333 0.06476 -0.14690 -0.14710 0.07187 -0.17255 0.11054 -0.15623 0.05610 -0.09257 0.01988 -0.12913 0.02838 -0.11731 0.23422 -0.11446 0.09106 -0.23348 -0.23152 -0.16869 -0.02935 -0.21186 0.08603 -0.32196 -0.04579 0.21112 0.12494 -0.01209 0.15689 0.03027
-0.25782 -0.33107 -0.05559 -0.21893 -0.01012 -0.20848 -0.15116 0.41337 -0.23956 0.00077 0.29837 0.06097 0.33107 0.17067 -0.16788 -0.05390 0.00510 0.10627 0.12978 -0.21396 -0.03936 -0.24067 -0.20090 0.06490 0.28733 -0.23987 -0.26960 -0.34554 0.16898 0.18931 -0.33704 -0.12544 -0.02346 -0.22435 -0.24598 -0.13184 0.17434 0.09663 -0.08532 -0.36057
-0.25406 0.11943 0.07099 -0.04690 -0.00677 -0.41438 -0.07801 -0.18108 0.14317 -0.31525 -0.09510 0.25302 0.29044 0.21981 -0.25374 -0.25718 -0.10477 0.26965 -0.02413 0.32068 0.16676 -0.09317 0.01609 -0.18968 -0.10044 0.04247 0.11398 0.03984 -0.18880 0.18763 0.10040 0.24989 0.30054 -0.22952 -0.10950 -0.08079 -0.10046 0.03123 -0.05992 -0.13217
0.14625 0.36006 -0.04764 -0.00192 -0.29017 -0.14804 -0.15905 -0.03437 0.17419 -0.11829 0.03059 0.36622 0.01318 -0.14212 0.01866 0.07321 -0.08002 -0.24568 0.10791 -0.18186 -0.02622 -0.00984 -0.25155 0.00094 0.32203 0.15605 0.05331 -0.27183 -0.24000 -0.05665 -0.25572 0.17390 -0.27597 -0.38759 -0.42305 0.29663 -0.27161 -0.03570 0.00772 -0.11561
0.00244 -0.13135 -0.01245 -0.38624 0.10708 0.06938 -0.14988 -0.12592 -0.27379 0.06247 0.25205 -0.04040 0.18242 -0.13682 -0.35255 0.18389 -0.33071 0.45825 0.13086 0.13111 -0.29012 -0.03138 0.36848 0.02588 -0.00773 -0.26677 -0.21181 -0.11262 0.13193 0.11050 -0.39324 0.09700 -0.12348 -0.01212 0.11067 -0.17017 0.05600 -0.20963 -0.34421 0.09159
0.18070 0.13697 0.13133 -0.15552 -0.03187 -0.24408 0.07088 0.04822 0.10336 0.04230 -0.39543 0.00348 -0.15110 0.16721 -0.02065 0.14715 0.20959 0.21776 -0.02571 -0.27177 0.38262 0.20733 -0.24375 -0.08495 -0.11796 -0.06660 0.23212 -0.04540 0.23838 -0.05376 0.27748 0.07816 0.18589 0.13406 -0.28867 0.11607 -0.08210 0.11905 -0.06180 -0.27188
-0.16376 0.10333 0.03394 -0.01764 -0.10739 -0.23296 -0.32181 0.10123 0.14452 -0.18394 0.04131 -0.11939 0.30018 -0.06777 0.24384 -0.19929 0.08073 -0.21201 0.13430 0.01857 0.21347 -0.00294 0.05008 0.06863 0.08491 -0.07178 -0.21359 0.09301 0.05394 -0.02223 0.01179 0.18283 0.19099 -0.05115 0.02526 -0.16225 -0.19597 -0.00893 -0.21517 0.05472
-0.03515 -0.07047 -0.27372 -0.00312 0.14566 0.27511 -0.03770 -0.26774 -0.04335 -0.20096 -0.17844 0.17492 -0.19188 0.17569 0.02357 0.10901 -0.21107 -0.08174 0.40597 -0.25466 -0.14428 -0.39458 0.05412 0.06545 0.21205 -0.33619 -0.00657 0.05256 -0.00307 0.04228 -0.06127 -0.07874 -0.15892 0.16322 -0.29274 0.04897 0.05693 0.31889 -0.28233 -0.04075
-0.32010 0.36781 0.25784 -0.06113 -0.08248 -0.12265 -0.48196 -0.33571 0.10953 -0.32734 -0.23814 0.40686 0.35975 0.06104 -0.13079 0.20482 -0.09122 -0.05114 0.12251 0.18352 0.44078 0.06611 -0.37614 0.15954 0.28412 -0.36499 -0.16903 0.06734 0.14893 -0.23671 -0.18568 0.05646 -0.04028 -0.37247 -0.28220 -0.28292 -0.26913 0.36957 -0.33524 0.20976
0.32294 0.17221 0.33070 -0.27646 0.03551 -0.01559 -0.10306 -0.26184 0.32653 -0.18562 -0.14086 0.24264 -0.00489 0.07290 -0.15029 0.16809 0.03920 0.27508 0.04698 0.22463 -0.13155 0.05758 0.17954 0.10828 -0.20896 0.09478 -0.26802 0.02093 -0.04392 -0.23271 0.01415 -0.17559 -0.04280 -0.20890 -0.25018 0.16526 -0.13966 0.22651 0.03182 -0.15277
-0.11192 0.13164 -0.19197 0.05681 -0.15942 -0.22184 0.22882 -0.32919 -0.25130 -0.12408 0.17222 -0.03445 -0.03962 -0.17419 -0.10143 0.10082 0.00721 -0.14935 0.23121 -0.08255 0.13600 0.03158 -0.11457 0.00804 0.06380 -0.01069 0.27530 -0.06287 0.09866 -0.16650 -0.19939 -0.09680 -0.17645 0.04251 -0.25071 -0.08117 0.24002 -0.22631 -0.32092 -0.15004
0.10578 0.29379 0.18552 0.32110 -0.16321 -0.08918 0.39018 0.16693 -0.29040 -0.06356 0.35292 0.07052 0.33555 0.06255 0.32133 0.15384 0.05395 -0.10516 0.18822 -0.29314 0.14785 -0.22462 -0.19000 -0.07130 -0.25059 -0.11316 -0.22415 0.20698 -0.14351 0.02979 0.14867 -0.21081 0.21172 0.32968 0.16372 -0.07601 0.09811 0.09066 -0.13582 0.24280
-0.35138 -0.11479 0.03369 -0.23293 0.00478 0.31230 0.19713 -0.08407 0.35496 0.06505 -0.30353 0.32247 0.09735 -0.18946 -0.42233 -0.18782 0.12683 0.14246 0.17356 0.03895 0.15321 -0.05731 0.13455 -0.11115 0.01106 -0.04686 0.15591 -0.11495 -0.07792 0.13417 -0.02408 0.30752 0.00108 -0.11731 -0.12350 -0.33477 0.23542 -0.32813 0.01205 0.15841
0.22384 -0.05385 0.01249 0.32585 -0.34940 0.19059 0.25834 -0.11573 0.30486 0.05255 -0.28639 0.22483 0.04435 -0.23362 0.01952 -0.27545 0.08369 0.00662 0.26968 -0.01689 0.23758 -0.10117 -0.14297 -0.21623 0.00101 -0.02491 -0.05202 -0.08877 0.21120 -0.20908 -0.39742 -0.27963 -0.10744 0.00517 0.04272 0.07596 -0.39643 -0.20926 0.19790 -0.15466
0.21334 0.33880 0.14563 -0.00914 0.31099 -0.09552 -0.12520 -0.14288 0.28547 -0.15286 -0.31135 0.31845 -0.30038 0.12689 0.04260 -0.04823 -0.34077 0.25716 -0.13681 -0.16710 0.10554 0.17814 0.06815 0.04575 -0.21032 -0.15513 -0.04486 -0.19409 -0.06300 -0.22416 0.13843 0.18445 0.18262 0.06255 -0.33714 0.17504 0.24312 -0.10320 -0.05173 -0.02492
-0.04446 0.04294 -0.16985 0.02489 -0.17797 -0.04362 -0.17361 -0.14556 -0.07980 -0.26765 -0.23486 0.04142 0.17727 -0.06000 0.03470 0.41000 -0.23936 0.06424 0.20507 -0.04153 -0.20025 0.20915 0.34360 -0.03627 0.02142 0.24470 0.03797 0.17135 0.01329 -0.22451 0.12102 -0.13565 0.01517 0.23229 0.11465 -0.10257 0.30778 -0.55466 -0.12021 -0.30668
-0.12257 0.04924 0.25056 -0.23384 0.06686 0.02489 -0.21283 -0.29703 0.24417 -0.12721 -0.41521 0.19762 -0.16505 -0.10222 0.24397 0.24492 -0.03111 0.15958 -0.25308 -0.01835 0.03819 -0.01785 0.25966 -0.02989 0.17565 -0.06824 -0.07294 -0.14399 0.10141 -0.25347 -0.06518 -0.13870 0.05120 -0.10573 -0.29743 0.30296 0.20579 0.21296 0.17128 -0.21479
-0.11000 0.15851 0.02701 0.04782 0.25049 0.04895 0.20050 0.11940 -0.15509 0.00341 0.09188 0.07504 -0.39272 -0.18332 0.12917 0.20463 -0.07758 -0.01033 -0.28950 -0.04499 0.28579 -0.26469 -0.07008 -0.07330 -0.03431 0.08616 -0.04457 0.01246 -0.08884 0.10192 0.03348 0.08568 -0.10649 -0.29286 0.02302 0.03573 -0.11859 -0.06222 0.32020 -0.18746
0.29613 0.10691 0.18805 0.20113 -0.06711 0.00343 0.22296 -0.02600 -0.30284 -0.08323 0.22044 -0.05920 0.30578 0.17081 0.09778 0.23426 -0.07746 -0.04423 0.33739 -0.06309 0.33435 -0.04551 -0.29299 -0.15796 -0.15762 -0.07013 -0.13733 -0.04558 -0.11383 0.23131 -0.04835 -0.20255 0.08146 0.10595 -0.00928 0.01951 -0.09034 -0.08515 0.08020 0.18028
0.01507 0.24652 0.31880 -0.13967 0.04276 -0.14597 0.24503 -0.30032 -0.22508 -0.14256 -0.02970 0.25290 -0.10097 0.05053 -0.04793 0.24383 -0.22593 -0.30591 -0.00988 -0.18451 -0.22492 0.10022 0.19991 -0.14174 -0.21600 0.12718 0.28818 0.03674 -0.07534 -0.30216 0.27356 0.10631 0.02385 -0.32677 -0.09097 0.23414 0.40833 0.05798 0.06897 0.18996
0.05018 -0.06404 0.27667 0.12818 0.05673 -0.33509 0.00351 -0.10434 0.37066 0.02935 -0.09055 -0.15543 0.16658 0.02313 -0.06473 0.22646 -0.16339 -0.19740 -0.08201 0.16209 -0.09699 0.05513 0.18258 -0.07853 0.06819 0.10675 0.06616 0.15892 -0.13517 0.26052 0.14737 0.18997 -0.17240 -0.00999 0.18399 0.05334 0.13377 0.03301 0.19068 0.11832
0.10872 0.09817 -0.19420 0.24934 0.03321 0.24270 -0.02350 -0.00547 -0.14367 -0.12370 0.20770 0.23885 -0.13570 -0.08202 0.01509 0.25329 -0.15088 -0.07117 0.19948 -0.31396 0.17001 0.14789 -0.23719 0.12169 -0.19678 0.18015 -0.04427 -0.16283 0.01675 -0.07096 -0.17781 -0.11685 0.08592 -0.25323 0.24521 0.24141 -0.03264 -0.40638 -0.07186 0.25744
0.24888 -0.36129 0.02051 0.31163 -0.08352 -0.13437 -0.25552 -0.14755 -0.11395 -0.30791 -0.10603 -0.32265 0.07102 -0.36245 0.08074 0.23841 0.15111 0.10441 -0.22815 0.07718 0.23281 -0.25049 0.24854 0.28873 0.12785 -0.23446 0.31106 -0.11043 -0.39186 -0.31020 -0.17736 0.12737 -0.27267 -0.12338 -0.21623 0.11388 0.17620 -0.06320 -0.02459 0.03364
-0.17314 0.06546 0.09754 -0.06201 -0.29056 -0.07299 0.10881 -0.09003 0.05708 0.27906 0.09101 0.08685 0.09174 -0.06913 -0.30004 0.17842 0.30143 0.13564 -0.05335 0.05404 -0.10404 0.13674 0.17735 -0.03356 -0.00480 0.06006 0.14991 -0.10171 -0.10540 0.28514 -0.09694 -0.09382 -0.27359 0.00927 -0.06015 -0.23821 0.08661 0.35487 -0.18299 0.23120
-0.17128 0.19015 -0.04587 -0.10549 -0.14257 -0.11829 0.23148 -0.15728 0.10014 0.19902 0.33296 0.12225 0.14363 -0.03884 -0.20664 0.10849 -0.01403 0.21908 -0.13889 -0.08694 0.13158 0.01872 0.11423 -0.18108 -0.00698 0.02021 0.19012 -0.02771 -0.13183 0.19597 -0.11578 -0.15583 -0.21139 0.18124 0.08575 -0.15452 -0.00286 0.31838 -0.19543 0.09946
0.23416 -0.23025 -0.20146 -0.17458 -0.17865 -0.16307 0.14101 -0.09436 -0.13027 -0.30415 0.03177 0.12736 -0.01583 -0.27274 -0.02560 -0.02648 0.18906 -0.20841 0.13013 0.03471 -0.09678 -0.29438 -0.16303 -0.31405 -0.15654 0.09337 -0.31269 -0.20819 -0.29100 -0.03110 0.02214 -0.22274 -0.21601 0.28932 -0.15874 0.19644 0.32217 0.30572 -0.06761 -0.21229
0.26489 0.11238 0.33402 0.11400 -0.10799 -0.17877 -0.21141 0.16554 0.29843 -0.05195 -0.28825 -0.20005 -0.34611 0.03913 -0.17908 -0.23765 -0.13064 0.27230 -0.16460 0.20655 -0.19837 0.09449 0.18465 -0.20814 -0.09882 -0.20795 0.00685 -0.01044 -0.17444 0.15599 -0.14860 0.20136 0.11591 0.15429 0.13466 -0.24942 -0.40560 0.27031 0.11289 -0.01711
-0.10905 0.02011 -0.08055 0.07368 0.07470 0.20837 -0.03355 -0.32180 -0.11258 0.12034 -0.00744 -0.19407 -0.02728 0.16123 0.42014 0.07142 -0.34237 0.11553 0.02705 0.27068 -0.19433 -0.17252 0.21767 0.17701 -0.26415 -0.10369 -0.06862 0.00787 -0.30093 0.03729 0.22180 0.08260 -0.32215 0.20981 -0.18902 -0.05585 -0.07722 0.15393 -0.21155 0.38335
-0.24809 -0.03263 -0.04552 -0.19328 0.09518 -0.24853 -0.09606 -0.22133 -0.21092 0.09633 0.33899 0.22408 -0.01155 -0.35667 -0.08822 -0.08323 0.02615 0.19011 -0.16014 0.03212 0.27727 -0.18118 -0.16793 -0.17788 -0.27219 0.29286 0.24935 -0.23402 -0.00087 0.30636 -0.20738 -0.22663 -0.34298 -0.15831 -0.41635 0.17966 0.16850 0.23441 0.19526 -0.26641
-0.12383 0.13847 0.06016 -0.21732 -0.18042 0.40644 -0.47357 -0.05748 -0.22085 0.08607 0.30299 0.00121 -0.26633 0.16979 -0.04349 -0.43685 -0.21017 -0.39744 0.36923 0.10225 0.36095 0.07043 -0.26901 -0.08470 -0.13807 0.00463 -0.34337 0.34560 -0.38453 0.05744 0.00560 0.38628 0.35988 0.03950 0.36897 0.10817 0.09191 0.01717 0.20341 -0.17439
-0.00560 0.03677 -0.03779 0.26072 -0.01100 0.08559 0.18532 -0.00978 -0.19696 0.04685 0.26690 -0.42684 -0.05958 0.23441 0.29844 -0.28420 -0.10423 0.08227 -0.49514 -0.00052 -0.18650 -0.01809 0.00022 0.06927 0.28383 -0.05277 -0.06338 -0.15435 0.17751 -0.21173 -0.01879 0.16831 -0.04707 0.25740 -0.32668 0.01368 -0.16290 -0.04753 -0.17023 0.08805
-0.07149 -0.11666 -0.01948 -0.16374 -0.02044 -0.01292 -0.01529 -0.37394 0.08700 -0.15192 0.26404 0.07168 0.23654 -0.17304 -0.14208 0.13281 -0.37843 -0.13503 -0.03176 -0.00582 -0.04707 0.41133 0.38568 -0.16050 -0.30233 -0.41641 -0.30514 0.17945 -0.43501 -0.15530 -0.30486 -0.45295 0.09769 0.32515 -0.33519 -0.03579 -0.35551 0.28983 -0.42913 -0.28387
-0.00812 -0.00892 0.00826 -0.07905 0.16962 -0.47819 -0.20487 -0.01723 0.18729 0.02146 0.30431 -0.00966 0.14527 -0.09459 0.08255 -0.08769 -0.25676 0.18054 0.06303 0.09968 0.40124 -0.14686 -0.02619 -0.12266 0.24960 0.22259 0.00685 -0.17602 -0.06058 0.10560 -0.09869 0.16849 0.18163 -0.24759 0.20510 -0.06181 -0.32567 -0.11737 0.06908 -0.29507
0.31901 -0.21808 -0.24183 0.05258 0.33159 0.10915 0.03775 -0.26601 0.33583 0.07420 0.13754 0.32707 -0.24149 -0.04102 -0.09241 -0.10914 -0.30128 -0.40081 0.11197 0.35536 -0.32428 0.17727 -0.25119 -0.21384 -0.12301 0.20292 0.02567 0.35805 -0.00647 -0.28243 -0.02311 0.32856 -0.13777 0.27168 0.24150 -0.37313 -0.26324 0.20816 0.08424 -0.01529
0.09406 0.06494 -0.13918 0.14935 -0.15113 0.17951 -0.08023 -0.18038 -0.03540 -0.02428 0.14643 -0.21791 0.02309 0.27197 0.22094 -0.33021 -0.16830 0.11378 -0.15992 -0.14596 -0.21510 0.11000 0.01190 0.27557 0.19852 0.08147 -0.02597 0.08163 0.24683 -0.04974 -0.09682 -0.13347 0.02930 -0.14002 -0.04506 -0.24073 0.02014 0.16901 0.01730 0.05578
