0.13568 0.03911 0.18223 0.08479 0.31542 -0.05444 -0.29488 0.13397 0.17423 -0.11161 -0.04871 0.19397 -0.37432 -0.27337 -0.36026 0.33163 0.35655 -0.13114 0.29420 0.19789 0.07567 0.22632 0.02814 0.25019 0.04073 0.23981 0.01059 0.00428 -0.12651 0.04402 0.27226 -0.01673 -0.06388 0.36119 0.12283 0.13303 0.29953 -0.10699 -0.14616 0.22292
0.25860 0.17156 -0.09796 -0.20268 -0.02957 -0.22295 -0.08490 -0.10381 0.36908 -0.35447 0.22926 0.33526 -0.28803 0.08158 0.05741 -0.18832 -0.05322 0.28929 -0.16120 0.04695 0.33928 -0.02899 -0.03303 -0.00274 -0.28878 0.00838 -0.04273 -0.44059 -0.23601 -0.15376 -0.08300 0.11512 -0.26851 -0.32870 -0.20622 0.23301 0.18783 0.02199 0.32004 -0.08089
0.18760 0.10181 -0.16994 0.14228 0.26254 0.00495 0.07258 0.03409 -0.19777 0.10030 0.19741 -0.07909 0.23490 -0.01158 0.13718 -0.10069 -0.24815 -0.11603 -0.21455 0.21205 0.20091 -0.08922 -0.02412 0.10322 -0.02568 0.32369 -0.23160 -0.16511 -0.25801 0.26343 -0.32730 0.07227 0.04382 0.16997 -0.08447 0.36287 0.33503 0.08994 -0.13845 0.22861
-0.23814 -0.14615 0.19675 -0.34256 0.21645 -0.07675 -0.15694 -0.12963 -0.34029 0.07678 0.15214 -0.21159 0.27842 -0.34280 -0.06219 0.21415 -0.13310 -0.10961 -0.21292 -0.23177 -0.09242 0.23105 -0.16289 -0.12845 0.16805 0.16161 0.10997 -0.23389 -0.36057 -0.38097 -0.25931 0.23524 0.09896 -0.09172 -0.13332 -0.18982 -0.17194 -0.12389 -0.02388 0.07462
-0.00262 -0.27096 -0.27599 0.07793 0.20714 -0.07207 -0.07426 0.12237 -0.10672 0.18098 -0.07519 -0.29118 -0.11620 -0.17600 -0.11961 0.18688 -0.19770 -0.05692 -0.27769 0.29551 0.22119 0.24762 -0.19462 0.13538 -0.03753 -0.01731 -0.06053 -0.16512 -0.20013 -0.32739 -0.08038 0.28638 0.25892 0.06111 -0.08809 0.10533 -0.00363 -0.21357 0.22799 0.06137
0.15505 0.22460 0.06228 0.19768 0.07367 -0.37614 0.09834 0.10005 0.00876 0.01679 0.37367 -0.20694 -0.12439 -0.29989 -0.22845 0.10458 0.04009 0.03611 0.19850 -0.26442 -0.20369 -0.19164 0.19746 0.14684 0.04774 0.06708 0.04825 -0.05435 0.15684 -0.26353 0.15327 0.23582 -0.00929 0.15614 -0.37346 -0.31565 -0.20552 -0.28034 -0.27179 0.05189
-0.29790 -0.15775 -0.12893 -0.02328 -0.08849 -0.31298 0.20234 0.13242 -0.18890 -0.06681 0.11362 -0.40062 0.15682 -0.25851 -0.08105 -0.24560 0.10241 0.09814 -0.25579 -0.15019 0.19984 -0.14257 -0.12113 0.04623 0.13470 0.32931 0.25506 -0.02662 -0.04298 0.01572 0.14489 -0.19181 0.23527 -0.01528 0.33345 -0.27924 -0.15077 0.08847 -0.20498 -0.15820
0.33488 0.35225 0.14874 -0.19258 0.01302 0.33442 -0.43332 -0.01176 -0.11499 0.36093 0.18052 0.29799 0.32832 -0.03874 0.09236 0.25852 0.00948 0.11578 0.10706 0.25658 0.35758 -0.14098 0.08163 0.18870 0.13650 -0.23397 -0.29835 -0.00588 -0.02044 0.00573 0.32145 -0.10601 0.20045 0.18869 0.30250 -0.16866 0.15418 0.26478 -0.07762 -0.26560
-0.12311 0.21151 0.06981 0.13644 0.03656 -0.12716 0.04398 -0.28264 0.00035 -0.08158 0.32612 0.10564 -0.08963 -0.32833 0.19358 -0.23080 0.30259 -0.04527 -0.09255 -0.17849 0.18508 -0.35144 -0.36010 0.38126 -0.10415 0.20093 -0.36790 0.01020 -0.18967 -0.22802 0.34513 0.13727 0.01447 0.03566 0.06570 -0.34388 0.42693 -0.05998 -0.34692 -0.26096
0.27363 0.08962 -0.05839 -0.35783 0.09940 -0.06089 0.36331 0.10399 -0.23646 -0.40796 -0.37476 -0.18685 0.31364 -0.17150 0.09170 0.01896 0.35555 -0.08407 -0.25271 -0.26420 -0.27588 -0.15223 0.14691 0.37061 0.15194 0.20406 0.09328 0.23251 -0.09763 0.03715 0.45825 -0.09277 0.21821 -0.25884 -0.23263 -0.06700 0.35440 0.35733 -0.09247 0.35189
0.17980 -0.14951 0.14891 0.14757 0.15791 -0.18478 0.05015 -0.21344 0.25190 -0.10246 0.26985 -0.21627 0.23258 0.05995 -0.30199 0.20859 0.11212 -0.17154 -0.19773 -0.10023 -0.16416 -0.00998 0.25662 -0.01213 0.32863 -0.31445 -0.21180 -0.19178 -0.18823 -0.16807 -0.05903 -0.06826 -0.22822 0.32119 -0.42387 -0.09754 0.04479 -0.31993 -0.33183 -0.16104
-0.30547 0.35340 -0.25360 -0.38168 0.24934 0.02545 -0.42410 -0.30733 0.15143 -0.01304 0.35700 0.26504 -0.16745 -0.24923 0.38395 -0.31839 -0.28344 0.38014 0.29079 0.36299 0.25047 0.04400 0.23503 -0.10281 0.15738 0.12164 -0.04476 -0.11443 -0.14416 -0.39079 -0.12171 -0.08701 -0.40222 0.08974 -0.14551 0.25393 0.22484 -0.10764 0.16560 0.25346
0.13954 -0.09460 0.33740 0.37333 -0.17974 -0.26650 -0.33295 -0.34076 -0.15442 -0.28789 0.01464 0.22242 0.03377 0.15715 -0.34175 -0.35601 0.00461 0.10760 0.06581 0.01069 -0.41998 0.34296 0.20821 0.34613 0.21441 -0.12312 -0.18957 -0.08741 0.20023 -0.17019 -0.03685 0.15742 0.35225 0.02645 0.31160 0.16032 -0.05830 -0.08075 0.26257 0.23876
-0.14078 -0.24438 -0.29545 -0.20065 -0.03384 0.15326 -0.07070 -0.00237 0.07613 0.36199 -0.05155 -0.21144 0.00252 -0.21479 -0.26961 -0.27969 0.04243 -0.41303 0.01591 -0.30590 0.02791 -0.11779 0.20326 0.17300 -0.04318 -0.15895 -0.22232 0.11756 -0.04384 0.19385 0.30732 0.05618 -0.16033 0.04661 -0.25431 -0.40213 -0.17669 0.19527 0.10140 -0.34707
0.18793 -0.15728 -0.01440 0.09784 -0.02304 0.08474 0.22850 0.14105 0.04630 0.29532 -0.27737 -0.41357 0.19409 -0.01310 -0.10976 -0.04197 -0.15805 0.15766 -0.11828 0.22540 0.12296 -0.13327 -0.10358 -0.04515 -0.20613 -0.08705 -0.05357 0.24753 -0.14940 0.01112 -0.27924 -0.03825 -0.15794 -0.14022 -0.17699 0.20442 -0.08330 0.22990 -0.18718 -0.04023
-0.28763 0.31606 0.42328 -0.44197 0.41501 0.14959 0.17238 0.11330 -0.15386 0.23791 0.15927 -0.44936 0.16051 -0.00709 0.02640 -0.24857 0.33880 -0.13005 -0.27695 -0.45488 0.30557 -0.17377 0.36445 0.34238 0.36517 -0.09018 0.04498 0.29272 0.10417 0.04259 -0.23583 0.00788 0.42854 0.10028 0.16273 -0.29271 0.27339 -0.39090 -0.21240 0.30697
-0.03986 0.43796 0.09772 -0.23881 0.03052 0.01216 0.25556 -0.07991 0.11341 0.13823 -0.12302 -0.00006 0.15831 0.18591 0.19866 -0.38516 -0.10958 0.05775 0.13345 -0.10559 0.18920 -0.29495 -0.09559 0.24740 -0.36945 -0.28083 0.01287 -0.13973 0.33379 0.25724 -0.31100 -0.06824 0.00404 -0.16360 -0.23739 0.18448 -0.27062 -0.13553 0.13125 0.11928
0.00569 -0.04764 0.09930 0.01515 -0.24362 0.39993 0.34770 0.12981 -0.25282 0.08895 0.17320 0.15824 0.23814 -0.00327 0.09173 0.21004 -0.08728 0.22670 -0.03912 -0.22834 -0.18105 0.18301 0.38856 -0.28834 0.08804 0.29928 -0.25521 -0.04331 0.08166 -0.07447 0.24738 -0.05779 0.14179 0.20447 0.24064 -0.00498 -0.08835 0.08276 -0.22057 0.18539
-0.11061 0.08172 0.31773 -0.30580 -0.08951 -0.14940 0.22406 0.14756 -0.22313 0.31544 0.19439 0.02802 0.39744 -0.03124 0.19790 -0.03528 -0.41985 -0.02957 0.03921 0.28198 0.06284 0.09569 0.29642 0.24255 0.12569 -0.20446 -0.39951 0.06666 -0.21140 0.22341 0.02872 -0.39670 0.40117 0.14751 0.23645 -0.04574 -0.18107 0.30419 -0.20137 0.12975
0.08667 -0.23163 0.12178 0.39639 -0.04377 0.11750 0.26136 0.03051 0.21368 -0.22909 0.29334 0.04852 0.27638 -0.28349 0.01686 -0.18873 0.23925 0.05974 0.17076 0.16960 -0.16581 -0.24554 0.29578 0.11279 0.18722 0.35272 -0.19904 -0.14724 -0.31454 -0.21256 -0.03197 -0.26519 0.30537 0.28442 -0.27043 0.20407 -0.38366 0.08441 0.12435 0.04384
0.42361 -0.14084 -0.24541 0.06402 0.24549 0.16366 0.42782 -0.05336 -0.15855 -0.24522 -0.04367 -0.22796 -0.21704 -0.00550 -0.10263 0.05242 -0.14137 0.06589 -0.04996 -0.11690 -0.00267 -0.02387 0.04261 -0.14759 -0.20490 0.16974 -0.28391 -0.22839 -0.22637 -0.15313 0.08850 -0.19919 -0.34212 -0.19431 0.35003 -0.03377 -0.11846 0.15344 -0.24496 0.33504
0.08122 -0.07860 0.09869 -0.33167 -0.09049 -0.34695 0.33530 0.34733 -0.26711 -0.06570 -0.36080 0.22925 -0.23502 0.09760 -0.25551 -0.05900 -0.11462 0.11089 0.12054 -0.28310 -0.29689 -0.33644 0.16921 -0.06087 0.19435 0.09472 -0.02996 -0.26486 -0.41465 -0.25063 0.26000 0.13282 0.12445 0.26871 0.27915 0.12511 0.13680 0.20175 -0.31690 0.25594
0.03737 -0.04484 -0.26638 -0.36428 0.24127 -0.04467 0.29568 -0.06221 -0.17738 0.21060 -0.13098 0.08682 -0.07188 0.07497 0.02846 -0.16428 0.08185 -0.05488 0.20460 -0.30456 -0.10627 -0.28792 -0.02456 -0.16676 0.30804 -0.16738 -0.32597 -0.17894 -0.25092 -0.36034 -0.07336 -0.02398 -0.09178 0.26134 0.07162 0.22535 0.12077 0.00722 -0.25131 -0.04865
0.14689 -0.31073 0.31917 -0.01820 -0.05874 -0.04915 0.09507 0.21554 0.26987 0.24024 0.30983 0.40672 0.19679 0.08806 0.10525 0.35850 0.37310 -0.34317 -0.13857 0.07151 -0.11281 -0.32846 -0.30420 0.24087 0.12423 -0.16809 0.31090 -0.42186 0.04953 0.35264 -0.02066 -0.37959 -0.16935 0.39643 -0.10242 0.16228 0.10415 0.36863 -0.35301 0.28165
-0.10594 -0.19951 -0.13220 -0.00276 -0.29545 -0.42316 -0.20677 -0.17368 -0.03370 -0.15364 -0.37926 0.07447 -0.29356 0.36083 0.32241 0.00820 0.05438 0.43072 -0.30964 0.12646 -0.15434 0.20244 -0.11410 -0.14416 -0.05840 0.08349 -0.17615 0.16769 -0.11893 0.09420 -0.12460 0.11746 -0.32587 0.16165 -0.16773 -0.10361 0.26473 -0.34163 0.09217 0.01257
-0.21741 0.38809 0.28255 0.07548 0.04178 -0.42868 -0.26726 0.11966 0.23131 0.04248 0.08459 0.00822 -0.36698 0.27563 -0.19846 0.20491 0.28041 -0.31435 -0.42368 -0.22781 -0.27930 -0.02879 -0.17318 -0.06127 0.25025 0.10581 0.17018 -0.07965 -0.30093 -0.32770 0.03483 -0.15906 -0.02075 0.29853 0.00266 0.15746 0.32469 0.27822 0.28877 -0.09604
-0.45411 -0.38753 0.32797 0.24342 -0.12435 0.27125 0.14936 0.22797 -0.20435 -0.24126 0.11217 0.16043 0.19316 -0.32025 0.25974 0.28305 0.04037 -0.03176 -0.38712 0.25618 -0.22879 -0.04821 0.07889 0.17398 0.12940 -0.02797 0.31871 0.35361 0.08264 0.06788 0.09771 -0.20354 0.18811 -0.36753 0.07959 0.21026 0.25082 -0.04975 -0.13004 -0.15316
0.14325 0.14614 0.09496 0.27326 0.00101 -0.16377 0.29498 -0.19210 -0.09884 -0.28042 -0.04040 -0.09573 -0.34923 0.03436 -0.00546 -0.24459 0.06969 -0.00776 -0.26767 -0.18364 -0.06845 0.12564 -0.12072 0.00518 -0.03026 -0.12115 0.34326 0.03113 0.07657 0.18942 0.18133 0.09977 -0.18575 -0.09080 -0.17507 -0.17584 0.26465 -0.05863 -0.17150 -0.17251
-0.11547 -0.30343 0.35846 -0.17508 0.08719 -0.01708 0.18110 0.17121 -0.37595 0.18882 0.10484 0.23914 0.05920 0.25670 0.32853 -0.30257 -0.09619 -0.36003 0.14019 0.27284 -0.36399 0.03441 -0.10125 0.23896 -0.01562 -0.39227 0.23853 0.33422 -0.30437 -0.18339 0.00834 0.27883 -0.29540 0.16063 0.32246 -0.08701 0.20112 0.28943 0.22286 0.28969
-0.06155 -0.32345 0.08683 -0.27685 0.40811 0.11180 -0.18977 0.09464 0.26008 0.10009 0.33218 -0.17932 -0.32791 0.36485 0.36428 0.28258 -0.37150 0.08700 -0.07054 0.00494 -0.27307 0.03372 0.12693 -0.09546 -0.21564 0.06348 0.25293 -0.35663 -0.12677 0.26012 0.34240 -0.06919 -0.28974 -0.25614 -0.14511 -0.44357 0.01764 0.07629 0.43125 -0.11812
-0.11412 -0.19096 -0.18015 -0.16046 -0.24917 0.15381 0.03318 -0.14846 0.07994 -0.22930 0.05890 -0.14638 0.19514 0.10569 0.26305 -0.29889 -0.10541 0.06607 0.03489 -0.16274 0.00309 -0.02454 0.12063 -0.07100 0.34612 0.08524 0.14917 -0.21925 -0.30299 -0.16329 0.32575 0.04586 0.13137 0.24845 0.00641 0.06002 0.27995 -0.20191 -0.10810 -0.29199
0.21648 -0.25759 -0.17153 -0.08754 0.30422 0.21786 0.19579 0.01368 -0.20001 0.07992 -0.15339 0.13411 0.17408 -0.17307 -0.10236 0.19865 -0.48793 -0.17598 -0.10237 -0.22438 -0.07665 -0.34282 0.22531 -0.13644 -0.04778 0.03757 0.11737 -0.12905 -0.19051 -0.19599 0.18485 0.31262 0.31553 0.36156 -0.23530 -0.01437 0.26198 -0.37941 0.30110 -0.26778
-0.39332 -0.26318 0.21977 -0.28961 0.04111 0.03415 -0.28174 -0.23531 -0.24434 -0.22397 -0.10147 -0.26236 -0.28183 -0.29947 -0.07334 -0.29627 -0.00178 0.23338 -0.29377 0.24079 -0.25184 -0.19858 0.00943 0.30589 -0.16174 -0.00208 0.17367 -0.03419 0.19666 -0.03349 -0.03612 0.35934 -0.23927 0.20921 -0.10698 0.28112 0.37198 -0.20287 0.19973 -0.21348
-0.08240 -0.12482 0.08892 -0.23418 -0.17886 -0.02509 0.09218 0.12550 -0.07241 -0.11024 -0.10685 0.21402 -0.10476 0.19825 0.18677 -0.18508 -0.04729 0.10912 0.12031 0.18968 0.03367 0.27116 0.17309 -0.22355 0.06440 0.08645 -0.14312 -0.33467 0.25833 0.00692 -0.15859 0.22063 0.39740 0.36315 -0.15753 0.04100 0.42406 -0.24625 -0.12756 0.24995
-0.13296 -0.11746 0.02625 -0.00384 0.22484 0.08724 -0.18081 -0.19445 0.00517 0.09571 0.08874 -0.12197 0.41030 0.33412 -0.17857 -0.13420 0.42644 0.07107 -0.02900 -0.15497 0.15242 0.16974 -0.00847 -0.29718 0.38248 -0.38326 -0.37548 -0.26116 -0.11005 -0.11886 -0.15178 0.17296 -0.16510 -0.19738 -0.34516 0.02480 -0.29254 -0.22962 0.25645 0.38830
0.34725 0.04807 -0.45246 -0.25926 0.27072 -0.23040 -0.38082 -0.29535 0.27790 0.19283 0.06044 -0.09948 -0.13763 0.02774 0.26484 0.26543 -0.31698 0.21902 -0.16392 -0.13244 -0.34805 0.28413 -0.32725 0.09403 -0.29083 -0.24394 -0.06677 0.27949 0.14123 0.35094 0.02494 -0.18634 0.31688 -0.31040 -0.24333 0.10725 -0.12312 -0.29497 -0.16722 -0.30372
0.16721 -0.28543 -0.08321 0.18439 0.16578 -0.06135 0.21931 0.19131 -0.21347 -0.13599 0.09411 -0.07672 -0.29904 -0.18584 -0.24172 -0.28816 -0.06296 0.30437 -0.24443 -0.27034 -0.16967 0.03520 0.20082 0.18868 0.03296 0.04012 0.18995 0.00846 -0.09214 -0.21335 -0.28934 -0.08954 0.26692 0.09309 0.34758 -0.20974 0.11844 -0.10749 0.14055 0.17568
-0.08553 0.26519 -0.17770 0.30954 0.09264 -0.17038 0.33726 -0.16152 -0.23946 -0.00622 -0.01905 0.07940 0.26738 -0.05073 -0.38941 0.06129 -0.14062 0.10944 0.09290 -0.01438 -0.11658 0.13686 -0.01716 0.23538 -0.05218 0.23403 -0.06014 0.27705 -0.30839 -0.13061 0.07243 0.23688 0.10023 -0.29510 0.00580 -0.12840 -0.37272 0.15420 0.23499 0.09238
0.32836 -0.16299 -0.38569 0.17119 -0.27932 -0.11350 0.01467 -0.33098 -0.03487 -0.03746 -0.02162 -0.42831 -0.18808 -0.11882 0.21564 -0.29164 -0.32400 -0.25899 0.15155 -0.17891 -0.05988 0.11061 -0.14473 -0.21822 0.02065 0.13211 0.09809 -0.19467 0.34004 -0.24570 -0.37798 0.22237 -0.14824 -0.21243 0.14904 -0.07389 -0.09477 0.21082 0.15987 -0.03849
0.28057 0.15237 -0.29463 -0.21360 -0.21739 -0.37495 0.19501 -0.31650 0.10419 0.13415 0.12220 -0.23324 0.32045 0.36673 -0.24775 -0.33522 0.06504 0.01329 -0.28759 -0.23701 0.20069 0.24465 0.15645 -0.23467 0.02966 0.18380 0.09794 -0.16359 -0.16212 -0.08999 -0.12247 -0.18282 -0.20909 -0.23466 -0.29751 -0.12526 -0.12350 -0.16159 0.31290 -0.20234
0.20020 0.34758 0.08735 -0.26861 -0.00079 0.04586 -0.28604 -0.06573 -0.31963 -0.00832 0.09719 0.07995 -0.08179 -0.31312 -0.23210 -0.29525 -0.20594 -0.21561 0.06479 -0.19090 -0.13659 -0.29509 -0.17696 -0.04838 0.35212 -0.20715 -0.19154 0.27364 0.25325 0.07290 -0.01093 0.18210 -0.07267 -0.02935 -0.11138 0.09372 0.13963 -0.26412 -0.13516 -0.30035
0.02571 -0.13102 0.20495 0.10143 -0.07074 0.02759 -0.12915 0.36320 0.09200 0.30987 0.04768 -0.02223 -0.18470 0.35846 -0.09823 -0.09033 0.34753 0.20695 -0.27020 0.34057 0.38532 0.03567 0.10304 -0.00794 -0.07255 0.33707 -0.20214 0.42766 -0.09774 0.38369 0.36194 0.29802 0.19352 0.10101 -0.24237 -0.15629 -0.19320 -0.22017 0.14280 0.07328
0.04829 -0.14070 0.16028 -0.08979 -0.10400 -0.30368 -0.00817 0.29314 0.29031 -0.16601 -0.00941 0.31849 -0.38811 0.24823 -0.23025 -0.19811 -0.26334 0.07769 0.35881 0.10538 -0.16546 -0.16029 0.18016 -0.26251 0.04870 -0.01425 -0.27203 0.12476 0.24609 0.28587 -0.25133 0.29531 -0.06253 -0.06676 -0.06134 0.23204 0.27700 -0.01400 0.17041 0.31013
-0.21696 -0.25810 0.01507 -0.20640 -0.04417 -0.05178 0.02724 0.31767 0.30344 0.01517 0.17405 0.24127 -0.15449 0.22760 -0.01807 -0.23962 0.21486 -0.16970 0.22508 0.05264 0.25424 0.01154 0.20771 -0.05451 0.02843 -0.23128 -0.25769 0.34386 0.31559 0.10842 0.21169 -0.25667 -0.19797 -0.18272 0.05554 -0.33213 -0.07535 -0.02189 0.00757 -0.08024
0.02844 0.19778 0.46135 0.25878 0.00626 -0.05955 -0.06718 0.38728 -0.30206 0.21047 -0.26895 0.26850 -0.10407 0.22059 0.33599 -0.12978 0.28897 -0.04887 0.10284 -0.14315 0.38618 0.06239 -0.02510 0.09534 -0.32164 -0.10955 0.05973 0.03061 0.18595 0.27435 -0.29987 0.34475 0.13775 0.00289 0.13198 0.24446 -0.18801 0.42608 -0.17716 0.26595
-0.23437 -0.08207 -0.13789 0.20608 0.08979 0.35919 0.28350 0.06379 -0.33767 0.24588 0.08061 0.05257 -0.04655 -0.24991 -0.24412 0.30941 0.12970 -0.34485 -0.05553 -0.03339 -0.10553 0.20493 -0.33347 -0.35446 0.17540 -0.32035 0.17712 0.05090 0.16447 0.08683 -0.01786 -0.10029 0.19984 0.27490 -0.26294 0.29860 0.12553 -0.10374 -0.34659 0.08291
0.09633 0.17148 0.42947 0.26819 0.32561 0.24961 0.04051 -0.24834 0.13732 0.20946 -0.37571 0.03621 -0.30105 -0.16438 0.03160 0.11757 0.12010 -0.16819 -0.11355 0.14779 -0.09485 -0.44745 -0.32904 0.36126 0.01082 0.16061 0.39550 -0.36460 -0.05396 -0.07109 0.31760 -0.25863 -0.32796 0.34187 -0.19022 -0.14564 0.33630 -0.05167 0.00943 -0.32998
0.21518 -0.19575 0.04878 0.19305 0.10964 -0.06529 -0.02850 -0.30724 -0.08458 0.15603 -0.24977 0.17870 -0.26252 -0.19684 0.19647 -0.07464 -0.20752 -0.17406 -0.32977 -0.30186 0.13941 -0.30329 0.11963 0.06991 0.09145 -0.33867 0.08621 -0.20915 -0.19940 0.02794 -0.17976 -0.35682 -0.22375 -0.12905 -0.27755 0.25193 0.23019 -0.11816 0.33551 -0.07995
-0.11762 0.15588 0.03273 0.19768 -0.02263 0.01249 -0.00975 -0.19410 0.26671 0.09211 -0.26930 -0.22731 0.28379 0.11875 -0.17344 -0.09969 -0.20827 0.01570 -0.00404 0.29785 -0.06750 -0.05251 0.29968 -0.39687 -0.26038 0.21388 0.34646 0.29609 0.13181 -0.20755 -0.07391 -0.15915 -0.26737 -0.33757 -0.09907 -0.17733 0.22460 0.27900 -0.01867 0.10994
0.18953 -0.00244 -0.24355 0.12723 -0.14219 -0.42412 -0.19495 0.31981 0.02869 -0.12932 0.19448 0.24395 -0.25985 0.07445 0.20948 -0.17541 0.13063 0.34658 -0.09600 0.02094 0.29407 0.29874 -0.10715 0.12580 -0.44734 0.04831 0.32234 -0.12501 0.21664 -0.37053 -0.07540 0.25771 0.12468 -0.01118 -0.32238 0.18607 -0.18092 -0.04044 0.00382 -0.08012
0.07479 0.11863 -0.05492 0.13912 -0.31021 -0.32394 -0.22332 0.13850 0.12457 0.28977 -0.27308 -0.05848 0.09654 -0.09337 -0.10149 0.04241 0.17069 0.26467 0.31108 -0.09391 0.19977 -0.02804 0.12374 -0.32845 0.08703 0.26719 -0.22844 -0.35162 -0.23972 0.29958 0.33716 -0.11742 0.11455 -0.03785 -0.30777 -0.00779 0.11491 -0.20413 0.46141 -0.28286
-0.28935 -0.22342 -0.27625 -0.09041 0.05726 -0.07168 0.20818 -0.03682 0.31755 0.08930 -0.23502 0.15810 -0.10893 -0.21189 0.18313 0.12267 0.12869 -0.05269 -0.07590 0.27804 0.04840 -0.05653 0.07716 -0.19992 0.19328 -0.04328 0.20037 0.15933 -0.10466 0.04078 -0.26033 0.21691 0.31857 0.05458 0.32404 -0.18347 -0.26654 0.34397 -0.23548 0.24830
0.09872 -0.24633 0.00428 0.13167 -0.01054 -0.09839 -0.27260 0.13106 -0.07673 0.07351 -0.07953 0.04635 0.12052 0.17147 0.11917 -0.22274 -0.09784 -0.18379 0.38968 0.05297 -0.24755 -0.12959 0.25529 0.08850 -0.31345 0.11547 -0.29004 0.17830 -0.31919 0.20704 0.22689 -0.03117 0.33369 -0.30060 0.04494 0.30283 -0.04359 0.19964 0.29441 0.11954
-0.06617 -0.27425 0.17184 0.22520 0.02663 0.26529 -0.02860 -0.10514 -0.20002 -0.23634 -0.01241 -0.06365 -0.30481 -0.12580 0.28131 0.20375 -0.21148 -0.06457 -0.04588 -0.14493 0.24142 -0.09231 -0.00249 0.20031 0.03455 -0.12408 -0.18038 0.06264 -0.30424 0.32063 0.03990 -0.10106 0.31336 -0.27741 0.21848 -0.00853 -0.14496 0.27159 -0.10102 -0.02464
-0.11933 -0.03315 0.16975 -0.28569 -0.30071 -0.01559 -0.06905 0.16451 -0.14419 0.13516 -0.04891 0.24689 0.32421 -0.09242 0.02815 0.23478 -0.09057 -0.05442 -0.21543 0.26533 -0.11825 -0.15709 0.37468 0.29370 0.26383 0.16819 -0.03908 -0.15476 0.10773 -0.08586 -0.04899 0.20541 0.35339 -0.25157 -0.08642 0.10515 -0.04261 0.24262 0.04506 0.06519
0.33693 0.31423 -0.48300 -0.33119 0.03324 -0.19894 0.17016 -0.20803 0.34710 -0.00315 -0.35588 0.13069 0.21052 -0.23381 -0.11320 -0.16267 0.13683 -0.15505 -0.31593 0.05498 0.14682 0.20996 -0.09731 0.13720 0.18227 -0.18093 -0.02096 -0.08613 0.03700 -0.06680 0.13913 0.38777 0.04531 0.02919 0.15663 0.32957 0.22173 -0.26122 0.17071 -0.01521
0.23799 -0.09196 -0.20905 -0.10263 -0.27540 -0.26717 0.11191 -0.01739 0.05362 0.22300 -0.32823 0.02571 0.22660 0.16007 0.13153 -0.29151 0.19660 0.34098 -0.30142 0.05320 0.01818 0.32228 0.15067 -0.05740 0.39520 -0.12915 -0.30244 0.26138 0.00061 -0.31908 -0.24801 0.06141 -0.18288 -0.14597 0.14847 0.12362 0.23263 0.24408 0.24415 0.10696
-0.14359 0.01276 -0.15987 -0.07394 0.01393 -0.48205 -0.34755 0.10447 0.02205 -0.12062 0.26929 -0.08669 -0.09048 0.08261 0.32256 -0.14939 -0.10308 0.34042 -0.30245 -0.31091 0.35616 0.03777 -0.01752 -0.18809 -0.34343 -0.06310 0.34731 0.08650 0.27663 -0.19182 0.21616 0.35148 -0.25808 0.19404 -0.28401 -0.20582 -0.10793 0.39946 0.15077 0.14240
-0.11660 0.01533 0.08318 -0.09478 0.20621 -0.02906 -0.20240 0.22716 -0.23197 -0.03497 0.28269 0.09650 0.20744 -0.05047 0.28348 0.00962 -0.08085 -0.15647 -0.13080 -0.11057 0.18753 0.22353 -0.35238 0.35895 -0.30912 -0.05114 0.04050 0.35805 -0.05071 -0.02459 0.06930 0.18649 0.02331 0.31768 0.24835 0.15354 -0.18825 0.01698 -0.12844 0.12298
-0.42368 -0.18027 0.23463 -0.09980 0.20627 -0.19725 0.48324 0.40791 0.02262 -0.23332 0.14651 -0.26472 -0.13936 -0.17872 0.26468 0.06818 0.14473 -0.29039 -0.00340 -0.10497 -0.13711 -0.35853 0.21651 0.51493 -0.03432 -0.34048 0.26810 0.31667 -0.03795 -0.21297 -0.12718 0.01803 -0.19911 0.24544 -0.25359 -0.02122 0.00221 0.34030 0.23087 0.18861
-0.31820 -0.03833 0.10436 -0.06418 0.01052 0.25500 0.14057 0.42118 -0.35019 -0.22726 0.26669 -0.19098 -0.18972 -0.33752 -0.24398 0.26182 -0.09988 0.20897 0.35848 -0.23993 -0.19237 0.32680 -0.16022 0.43275 -0.32636 -0.18970 -0.22297 0.18435 0.18070 -0.34670 -0.14998 -0.06264 0.31245 -0.10069 -0.03633 0.32215 0.19498 -0.24784 -0.16741 -0.21558
-0.11636 0.17817 0.12730 -0.34859 -0.09309 0.00805 -0.06860 0.00359 -0.22623 -0.02075 -0.28616 0.22706 0.07392 0.00435 0.18537 0.13749 -0.31085 0.16298 -0.27992 0.28075 0.24743 0.24771 -0.15173 -0.20453 -0.14196 0.07820 0.04645 0.05951 -0.07149 0.23885 0.17290 0.19272 -0.02161 0.14576 -0.20084 -0.12368 0.32137 0.37087 -0.01049 0.14929
-0.02775 -0.41592 -0.19395 -0.07363 -0.30485 0.18662 0.26424 0.00865 0.05739 0.39540 0.20817 -0.10200 -0.27000 0.23325 -0.10553 -0.05654 0.35962 -0.04475 -0.22743 0.39095 0.10201 0.33898 0.14925 -0.05849 0.01702 -0.13340 -0.27297 -0.09764 0.22096 0.34094 0.04444 0.29021 -0.08315 -0.32090 0.02677 -0.05037 -0.35837 0.17541 0.14431 0.21716
-0.22562 -0.03948 -0.14702 0.19321 -0.12581 0.00546 0.00144 -0.29940 -0.40936 0.23022 0.24523 0.24237 -0.36438 -0.18808 -0.28429 0.16038 0.01791 -0.34234 0.19486 0.18390 0.30915 0.09239 0.18542 -0.06912 0.33914 -0.03399 0.37011 0.23450 -0.32760 0.35518 -0.11884 -0.03025 0.11605 -0.31320 0.33866 0.05057 0.06829 0.07620 -0.11860 0.23153
0.02569 0.11209 0.21538 0.20674 0.14373 -0.28928 0.29118 -0.43174 0.17640 -0.00862 -0.08446 -0.03100 0.28810 0.33935 -0.00417 -0.05421 0.09122 0.19941 -0.32891 -0.12264 -0.21461 -0.25034 0.47752 -0.06054 -0.24370 -0.21740 0.38791 -0.25196 0.25203 0.25539 -0.39993 -0.03986 0.33820 -0.38600 0.01828 0.29153 -0.08490 -0.08231 -0.02192 0.02114
-0.10778 -0.25148 -0.05471 -0.23427 0.00147 -0.24966 -0.09309 0.22982 -0.08898 0.01108 -0.15929 -0.29478 -0.37995 -0.17925 0.20023 0.05102 0.31308 -0.15650 0.07825 0.39663 -0.36210 -0.18103 0.05958 -0.12177 -0.37698 0.25680 -0.16278 0.12024 -0.13503 -0.13523 0.41421 0.01163 -0.33754 -0.26330 -0.57630 0.06755 -0.03781 0.13920 -0.27531 -0.11301
-0.35504 -0.26703 -0.31997 -0.16641 -0.11878 0.12663 0.20568 -0.18236 -0.07201 -0.12874 -0.14327 0.13539 -0.31228 -0.09214 0.12007 0.13638 0.16129 -0.34063 -0.20877 0.34721 -0.08563 -0.07774 -0.05904 -0.36418 -0.34988 -0.15050 0.23398 0.29713 0.12538 0.01604 0.50112 0.06712 0.11799 -0.41016 -0.46805 0.39099 -0.19225 0.29560 -0.01507 0.34175
-0.10233 -0.10775 -0.27343 -0.11050 0.33046 0.12226 -0.20214 0.16323 0.03261 -0.14280 -0.12188 0.20575 0.07123 -0.21659 0.33102 0.22609 -0.24871 -0.29097 -0.33206 0.20933 0.17113 0.05574 0.21926 0.01385 -0.13426 0.31984 0.25425 -0.14500 -0.09794 -0.15629 0.25915 0.03910 -0.18109 0.30483 -0.25085 -0.03514 -0.13976 -0.35592 -0.15993 -0.23656
0.44354 -0.10013 0.46860 0.08811 -0.16909 0.31443 -0.42127 0.31054 0.00148 0.16564 -0.11375 -0.35725 0.13422 -0.10761 0.39833 -0.41477 -0.41348 -0.11625 0.12197 0.03495 -0.24569 0.17290 -0.26308 -0.11697 -0.08440 -0.10520 0.30600 0.32976 -0.24512 -0.14454 -0.39180 0.09273 -0.29086 -0.42246 -0.30966 0.34058 -0.27373 -0.16692 0.31362 -0.30506
-0.09276 0.05374 -0.20643 -0.06834 0.13761 -0.23739 0.38546 -0.32919 0.06706 -0.26743 -0.28152 -0.02334 -0.05111 -0.21590 0.00207 -0.39172 -0.11903 -0.14301 -0.11634 0.19715 0.20799 0.03623 0.24841 0.26922 0.09615 0.19921 -0.15283 -0.37793 0.11785 0.21642 0.19837 0.33766 -0.34879 -0.29042 0.16300 -0.23637 0.03488 0.24955 -0.33602 0.22671
0.08061 -0.25731 0.13006 -0.53059 0.34273 -0.12963 0.00633 0.16379 0.33186 0.01720 0.19695 0.37127 -0.11736 0.06872 -0.02940 0.13353 -0.22968 0.28940 0.26775 -0.02815 0.06345 -0.22663 0.31875 0.08785 -0.18604 0.15737 -0.25502 -0.23688 -0.17430 -0.34419 0.03178 -0.21591 -0.36267 -0.34638 -0.06747 0.24367 -0.17085 -0.28577 -0.29434 -0.20548
-0.23238 0.30388 0.21257 -0.24556 0.00732 -0.23709 0.17912 -0.26870 0.06659 -0.13856 -0.16689 -0.31959 0.35901 0.12828 -0.25172 -0.22444 0.26110 0.11141 0.05623 -0.20852 -0.16330 -0.14896 0.03956 0.40906 0.02275 -0.25207 0.24726 0.10672 0.25997 0.34091 -0.43015 0.18185 -0.27479 0.11138 -0.01762 0.01486 -0.22559 0.21427 -0.05435 -0.07096
-0.42650 0.26489 0.11128 -0.20227 -0.13108 -0.19219 0.13235 0.26255 -0.01129 -0.38237 -0.21698 0.06644 0.31597 -0.10081 -0.01032 0.20692 -0.32017 -0.38087 0.19125 -0.35414 0.19656 -0.06781 0.19234 0.30634 -0.17616 -0.32758 0.17544 0.17151 0.37878 -0.08459 0.15026 0.19356 -0.04961 -0.29508 0.17098 0.31672 0.12457 0.20968 0.21095 -0.26728
-0.32421 0.22929 0.24766 -0.41756 0.27848 0.08422 -0.27455 0.12190 0.13653 -0.10640 0.20109 -0.42734 0.03262 -0.33095 0.38057 0.12439 -0.08923 -0.36616 -0.01980 -0.15333 0.11047 -0.29836 0.04179 -0.00297 -0.09967 -0.12890 -0.31786 0.10880 0.20760 0.28249 -0.10044 0.38758 -0.43337 0.07350 0.38083 0.35612 0.21923 0.19180 -0.11274 -0.28367
0.02316 -0.02593 -0.23255 -0.02237 0.31249 0.33001 -0.25139 -0.00088 0.00884 0.07830 0.10903 -0.45455 -0.06944 -0.12118 -0.21352 -0.45436 -0.02607 -0.32404 -0.05048 -0.19891 -0.14787 -0.31173 -0.08822 -0.14399 0.16191 0.12656 0.23924 -0.01234 -0.09334 -0.22792 0.08970 -0.24425 0.24415 -0.29443 -0.10955 -0.25522 -0.19369 0.09917 0.19662 -0.10131
-0.11869 -0.02985 0.03350 0.10809 -0.12780 0.15233 -0.17604 0.21467 0.26487 0.07249 -0.22373 0.13070 -0.37793 -0.27772 -0.40152 0.19074 0.39801 0.12550 0.04529 0.09241 0.00841 0.08767 -0.16494 0.35486 -0.00249 0.28500 0.14220 -0.09134 -0.25426 0.09660 0.22526 -0.03313 0.06069 0.10351 0.28419 0.14020 0.21214 -0.19372 -0.07591 -0.18154
0.40213 -0.01867 0.22252 0.16009 -0.24345 -0.05424 -0.11372 0.10016 0.11552 0.26038 0.03270 0.01722 -0.06071 0.07850 -0.24806 -0.03581 0.14377 -0.06509 -0.00298 -0.29270 -0.00540 -0.21229 -0.05494 -0.15383 -0.17108 0.02225 -0.00433 0.28798 0.10269 0.25395 -0.06633 0.07201 0.25766 -0.00550 0.11809 -0.22089 0.25654 0.28203 -0.32702 -0.06768
0.37608 0.25364 -0.23825 -0.04049 0.01831 -0.08439 -0.02219 0.09246 -0.09737 -0.18024 0.10144 0.02866 0.18731 -0.06198 -0.24887 -0.13387 -0.31238 -0.16986 -0.19222 0.13088 0.01419 -0.43844 0.08067 0.08808 0.17427 -0.05497 0.19033 0.32357 -0.05514 0.03700 0.00867 -0.30917 0.02244 -0.12165 -0.15307 0.04556 -0.07795 0.18819 -0.45133 -0.24069
0.07161 0.31475 -0.36788 0.19577 0.24570 0.16035 -0.11043 0.11354 -0.36031 -0.17761 0.13868 -0.50032 -0.12971 0.31223 -0.05910 -0.13824 0.09512 -0.30819 0.05187 0.08705 -0.25298 -0.05074 -0.40679 -0.42009 0.33607 0.30484 -0.26487 -0.09193 0.08280 -0.35636 0.34194 0.06222 0.17286 0.03168 0.03238 0.39490 -0.15173 -0.24047 0.11047 0.34542
-0.09704 0.33962 -0.10899 -0.31902 0.41020 0.29888 0.23773 0.11228 0.30007 -0.12044 0.23229 0.23891 0.27830 -0.30673 -0.15141 -0.05252 0.38987 -0.04167 0.38421 0.11310 0.26016 -0.06495 -0.22007 0.44452 0.01503 0.00561 -0.07610 -0.30151 0.23614 -0.10805 0.43389 -0.07738 0.19680 -0.41866 0.38128 -0.30521 -0.30182 0.20702 -0.21594 0.36322
-0.04445 -0.40655 0.28230 0.09809 0.26937 -0.03407 -0.10422 0.39407 0.01684 0.18924 -0.16639 -0.11937 -0.10241 0.21301 0.04676 0.02094 -0.19358 0.09567 -0.18994 -0.08546 0.09368 -0.17554 -0.30600 0.13507 0.06168 -0.08464 -0.04278 -0.04962 0.29870 -0.01162 -0.27847 -0.20060 -0.37503 -0.07250 -0.21654 -0.31915 -0.28987 0.05441 0.28821 0.29839
0.15343 0.31317 -0.30012 0.05123 -0.10090 -0.09397 0.37009 -0.27874 0.09792 0.08559 0.21779 -0.36198 -0.16327 -0.16460 -0.08932 -0.08737 -0.21750 0.23923 -0.06754 0.02920 -0.11363 0.14317 0.23784 0.04589 -0.15501 0.16349 0.22995 0.12199 0.01439 -0.18941 -0.10519 0.23821 -0.02012 -0.22553 -0.08843 -0.29950 0.18180 0.25232 -0.08973 -0.25486
0.29943 0.12193 0.00791 -0.06920 0.12187 -0.41349 -0.06862 0.19878 0.18886 -0.12538 -0.05472 -0.02724 0.11120 -0.23372 -0.20430 0.15413 0.27878 -0.32763 -0.41130 -0.22458 0.06934 0.40327 0.18760 -0.00854 -0.06907 -0.08580 -0.03882 -0.37230 -0.11469 -0.27611 0.05355 -0.20994 0.02684 0.23994 0.08883 -0.26731 0.14014 0.11658 0.16053 -0.19941
0.24807 0.17911 -0.07928 0.26293 0.24196 -0.16959 0.03535 -0.13023 -0.00970 -0.27331 -0.19694 0.14744 0.00002 -0.21772 -0.08570 0.21008 0.11662 -0.01452 -0.44534 -0.01386 0.15102 0.28013 0.16443 -0.12566 0.17605 -0.26613 -0.09233 -0.18614 -0.13437 -0.02689 -0.21488 0.12657 0.09466 0.12701 -0.05063 0.03006 0.14538 -0.10207 0.11527 0.06550
-0.12696 -0.21794 -0.30342 0.16899 -0.12713 -0.22407 0.28164 -0.05696 0.24162 -0.18150 0.16624 -0.11478 -0.39189 0.22276 -0.22643 -0.00060 0.10996 -0.05364 -0.39419 -0.20171 -0.18561 0.28842 0.20054 -0.04593 0.07522 0.22057 0.26049 0.04925 -0.27808 0.30338 0.08141 -0.12621 0.07524 0.00333 0.31319 0.06698 0.17643 0.23000 -0.17289 -0.19146
-0.06566 0.06009 0.24193 -0.10520 -0.17634 -0.29873 0.28910 0.47734 -0.16254 0.24592 0.47430 0.27599 -0.17731 0.21458 0.23964 0.13108 -0.15584 0.39652 -0.31966 -0.01034 0.16265 -0.30929 0.29195 -0.18876 0.23173 -0.36614 0.17857 0.35845 -0.35947 0.15181 0.14613 0.42290 -0.31009 0.06956 0.06922 0.00162 -0.20130 -0.02307 -0.47666 0.03573
0.40607 0.19254 -0.04453 -0.18215 -0.06552 -0.00687 -0.28339 -0.32920 -0.23831 0.28341 0.14717 -0.15090 0.26560 0.08904 0.38964 0.41432 0.16718 -0.11058 0.34797 -0.18914 -0.17345 -0.36861 0.16770 -0.07783 0.27537 0.13614 -0.22861 -0.07816 0.35519 -0.12117 0.15646 0.21101 -0.02343 0.13250 0.14636 -0.23266 0.06717 0.36206 -0.29528 -0.15632
0.24975 0.22393 0.26589 0.06747 -0.17843 0.09162 -0.17635 0.13711 -0.12913 0.27718 0.12700 -0.31526 -0.13762 -0.24997 -0.41224 -0.10435 0.19208 0.11892 0.16813 0.22081 0.16522 0.00594 -0.11654 -0.03167 0.29829 -0.18952 -0.09555 -0.35364 -0.25643 -0.27152 -0.35329 0.07021 0.22292 0.40237 0.19549 0.40680 -0.08230 -0.37669 0.01534 0.11735
0.10675 0.19671 -0.33048 0.20449 -0.02525 -0.11231 -0.11395 0.14336 0.32994 0.24773 -0.35571 -0.32828 -0.06439 -0.05545 0.20128 -0.13044 -0.08012 -0.10902 -0.10840 0.10182 0.08085 -0.19333 -0.25269 0.15484 -0.14012 -0.23854 0.15489 0.07624 -0.17199 -0.14206 -0.11749 0.14998 0.21041 -0.10451 0.00942 0.21720 -0.13734 0.47794 -0.25397 -0.04162
0.22937 0.35060 -0.04748 0.02840 0.30860 0.19588 0.21520 -0.04271 -0.27908 0.15091 0.11284 -0.14528 -0.12902 -0.47501 -0.36311 -0.25559 0.23621 0.24961 -0.25586 -0.25260 -0.25834 0.17485 0.10455 -0.04821 -0.01344 -0.26800 -0.15869 0.28275 -0.18398 -0.08660 -0.29242 0.25730 0.10019 -0.25823 -0.03605 0.33890 -0.06501 -0.43875 -0.14038 0.13551
0.07914 0.11157 -0.24275 -0.28287 -0.21464 -0.10140 0.13945 0.20315 -0.10722 -0.11474 -0.25241 -0.24421 -0.03356 -0.30103 -0.32063 -0.17899 0.33864 0.10851 0.08176 0.13742 -0.09949 -0.17216 0.27994 0.16801 -0.19448 -0.01606 -0.08511 0.09731 0.04993 0.26555 -0.22468 0.24276 0.23663 -0.20979 0.12568 0.13084 0.14354 -0.33204 -0.08967 -0.10886
0.10872 0.12678 -0.20368 -0.25579 0.25300 0.03095 0.26307 0.16283 -0.15401 0.08523 -0.15366 -0.25116 0.04994 -0.35908 -0.03825 -0.20289 0.42093 0.16214 -0.17555 -0.02338 -0.07737 -0.12737 -0.04711 -0.06719 -0.09017 0.13158 -0.37735 -0.03327 0.10385 -0.13355 0.09374 -0.11029 0.15029 -0.13103 0.27033 0.02260 0.18499 -0.48345 -0.12140 0.36281
0.05510 -0.02437 -0.04559 -0.37006 -0.24263 0.10693 0.26000 -0.05539 -0.10580 -0.15785 0.06833 0.12336 0.18061 -0.11224 0.16605 0.20368 -0.20342 0.18682 -0.17371 0.03789 0.03563 -0.02452 0.12369 0.19353 0.07165 -0.15562 -0.35014 0.21806 -0.18123 0.11336 0.23906 -0.04512 0.13500 -0.09099 0.20526 0.25489 -0.01807 -0.12071 -0.15920 -0.22446
-0.30330 0.04313 0.38427 0.30390 0.00918 0.06565 0.12839 0.27850 0.25109 0.11540 0.22470 -0.09575 -0.19663 -0.17374 -0.00350 -0.04600 -0.01675 -0.16400 -0.29291 0.08788 0.23681 -0.04340 0.00708 -0.17107 -0.02951 -0.11913 -0.02548 -0.00414 -0.17472 0.18780 -0.03281 -0.38822 -0.31046 0.12399 -0.17512 0.00696 -0.22389 0.40150 0.43359 0.16193
0.01314 0.26536 0.09678 0.29762 0.06731 -0.04646 0.29834 0.07544 0.02190 -0.30049 -0.18420 0.22761 0.32261 0.19479 0.13648 0.29031 -0.19872 0.00273 0.16979 0.08009 -0.00296 -0.04951 0.00715 -0.30629 -0.03450 0.26105 -0.33559 0.14148 -0.29938 0.03308 -0.33620 0.31317 0.07172 -0.44764 0.20209 0.26456 0.14044 0.22609 0.32639 -0.25499
0.03922 -0.40755 -0.33774 0.00921 0.16449 -0.21053 0.05650 -0.26010 -0.22354 -0.31628 0.39487 0.44358 0.06608 0.05728 -0.26309 -0.04568 0.29437 -0.08231 -0.02023 0.25406 0.35107 0.32218 -0.20093 0.22786 -0.05997 -0.21650 -0.20190 0.03338 -0.06099 -0.34412 -0.06668 -0.12170 -0.04495 0.33752 -0.06200 -0.22010 -0.22219 -0.26064 0.24176 -0.08644
0.10527 -0.08336 -0.13011 -0.18397 0.24002 -0.21248 -0.06456 -0.20537 0.27068 -0.33754 -0.13888 -0.03697 -0.11224 0.32074 0.14791 0.11066 0.18447 -0.27867 0.38004 -0.00624 -0.09262 -0.15188 0.29752 0.29164 -0.11243 -0.06327 0.14610 0.10089 0.16620 -0.05584 0.09345 0.37346 0.28656 -0.05634 -0.05648 -0.04328 0.04548 0.27387 -0.15509 -0.23376
0.18747 0.15098 0.09758 -0.05990 0.15542 -0.07226 -0.29273 -0.37238 -0.26593 -0.02210 -0.07771 -0.03319 0.06752 -0.33582 0.28471 0.26675 -0.10350 0.23229 -0.27482 -0.10751 -0.07871 -0.05060 -0.25436 0.28152 0.35739 -0.37590 0.03529 0.07445 -0.28768 0.26392 0.06476 -0.15696 -0.22835 -0.27825 0.16059 0.32560 -0.16792 0.03571 0.09814 0.13503
0.22749 -0.24235 -0.02370 0.18013 0.21788 0.26027 0.00659 -0.35646 -0.18260 -0.15418 0.06328 0.09944 -0.20719 0.01479 -0.24765 -0.04424 -0.32621 0.08062 0.02321 -0.21101 0.08721 0.24231 -0.11592 -0.22818 0.20213 0.17797 0.23366 0.20095 0.30811 -0.24359 -0.11177 0.01661 -0.00295 -0.23904 0.08055 0.03784 0.22450 -0.14680 -0.10984 -0.20354
-0.22976 -0.23635 -0.27451 0.25161 -0.08760 0.02266 0.06443 0.00569 -0.40796 -0.18934 -0.01275 0.13394 -0.00284 -0.07666 0.22524 -0.13571 -0.31439 -0.03027 -0.04712 -0.10305 0.34122 -0.03590 0.23431 0.14788 0.23911 0.32418 0.00628 0.01883 0.09336 -0.10633 -0.06130 0.06479 0.33756 0.11499 -0.18741 -0.07008 0.14242 0.12146 -0.26136 -0.12886
0.23733 0.03165 -0.06104 0.19918 -0.17577 -0.27717 0.04892 -0.27868 -0.14152 -0.01775 -0.24474 -0.08530 0.09543 0.34415 -0.11572 -0.15321 -0.00889 0.14857 -0.25009 0.09768 -0.25070 0.11615 0.15683 -0.34639 -0.26611 -0.21532 0.21265 -0.32032 0.02393 -0.01714 -0.43620 0.23371 -0.35541 -0.12545 -0.23842 0.26120 0.22825 0.16452 -0.15128 -0.14999
0.41720 -0.30870 0.05356 -0.28482 0.08392 0.08039 -0.30285 0.02149 0.23571 -0.11908 0.30099 -0.20358 0.08207 0.19088 0.02212 0.29825 -0.21971 0.10027 -0.32093 -0.22741 -0.31869 0.03580 -0.00048 -0.02427 -0.30834 0.19278 -0.07156 -0.16584 -0.25436 -0.21430 -0.19050 0.06019 -0.18545 0.44576 0.05158 0.04897 -0.22180 -0.31215 0.21364 -0.34075
-0.03811 -0.02469 0.40106 -0.22511 0.30165 -0.18550 -0.21712 0.03714 0.20270 -0.42169 0.12973 -0.17119 -0.28135 -0.27421 -0.25945 0.04554 0.01457 0.20069 -0.33290 -0.26382 -0.30140 -0.38862 0.22056 0.31494 0.44106 -0.41296 -0.20769 -0.28418 -0.00874 -0.34776 0.05784 0.09989 0.20798 0.02296 0.28058 0.01367 0.26560 -0.17700 -0.18052 0.17576
-0.19016 0.26775 -0.11839 -0.32015 -0.27023 -0.15241 -0.16820 0.07655 -0.04610 -0.02312 0.30006 -0.23962 -0.14560 -0.03335 0.01684 -0.26952 0.03681 -0.02186 -0.23543 0.10911 0.37164 -0.10160 0.20167 0.19258 0.17536 0.27598 0.25624 -0.00357 0.14158 0.14241 0.24093 -0.29263 0.12507 0.08804 -0.33453 0.12864 -0.22064 -0.33327 0.28500 -0.13995
-0.03153 -0.13838 -0.21801 -0.12812 0.23415 0.38188 -0.07297 0.22690 -0.13646 0.34769 0.32256 -0.10608 0.26213 -0.15588 0.18411 -0.03446 -0.47586 -0.23682 0.36334 -0.23021 0.14733 -0.21599 -0.11959 -0.17349 0.40276 -0.47862 0.30060 -0.00882 -0.32486 -0.09288 -0.12675 0.34048 -0.00550 0.09747 -0.27435 0.08059 -0.04528 -0.18995 -0.12712 -0.28325
-0.27038 0.23232 0.10961 0.20729 -0.24174 -0.11966 -0.05114 -0.27411 -0.31148 0.27065 -0.32590 0.09296 -0.11610 -0.37095 0.14389 0.37045 0.17898 -0.23915 -0.03391 -0.21255 -0.00098 0.36336 -0.04949 -0.31553 0.00723 -0.33059 -0.28235 0.08560 0.01255 0.39782 -0.12026 -0.29720 0.29497 0.10814 0.20135 -0.10985 0.19677 0.34718 -0.12135 0.15252
-0.13509 0.12997 0.24463 0.06867 -0.36899 -0.13886 0.11487 0.17519 0.14777 0.31354 0.03326 -0.36932 0.10783 -0.33426 0.15165 -0.13257 -0.12819 0.10245 0.41681 0.20107 -0.20785 0.18176 0.18310 -0.08982 0.26297 0.32435 -0.02644 -0.09728 -0.09890 0.13084 0.30586 -0.10421 -0.00278 -0.16549 -0.05491 -0.19509 -0.36664 -0.29327 0.34833 -0.38018
0.07626 0.25169 -0.17556 0.01245 0.05693 -0.22154 -0.09812 -0.25670 -0.46918 0.20272 -0.08828 -0.10708 -0.32572 0.43551 -0.03686 -0.37629 -0.31704 0.33898 -0.22452 -0.39162 0.30176 0.22367 -0.34443 0.02059 0.04573 0.18750 0.01938 0.23000 -0.22214 -0.05861 -0.21518 0.08208 0.02321 0.23195 0.41855 -0.30367 0.08384 0.18067 -0.14863 -0.18255
-0.01086 0.03948 0.31008 0.10503 -0.26915 -0.27306 -0.13003 0.29639 -0.14083 0.11709 -0.01806 0.19383 0.04152 0.00388 -0.32257 0.15502 0.15409 -0.28599 -0.02391 -0.22750 -0.18128 0.18629 -0.01245 -0.13544 -0.38563 -0.16793 -0.19104 -0.01717 -0.11016 0.20285 0.03545 0.01192 0.16892 -0.31815 0.30114 0.02825 -0.12312 0.23082 -0.25243 -0.31319
0.10661 -0.11878 0.14236 -0.09697 -0.04496 -0.01195 -0.05779 -0.17291 -0.13975 -0.13231 -0.24937 0.04005 -0.00590 0.03626 0.23379 0.02061 -0.05015 0.03274 0.07016 0.42503 0.29660 0.33217 -0.23765 0.09120 -0.03100 0.14572 0.15879 0.06112 -0.09300 0.07440 -0.08435 -0.27605 0.40832 -0.12900 0.07080 0.28501 -0.20118 0.19699 0.09827 0.15945
0.00067 0.08818 0.16524 0.20309 -0.10297 0.12153 -0.08996 -0.20873 0.09327 0.15833 -0.16026 0.04212 -0.17352 -0.15594 0.08330 -0.12272 -0.32559 0.16015 0.11910 0.22431 -0.34498 -0.07817 0.09885 0.15145 0.19586 -0.11851 0.23271 -0.16695 0.28633 -0.11547 0.26768 0.21570 -0.09388 0.26213 -0.05446 -0.34065 0.13096 0.18003 -0.06353 0.07254
-0.25095 0.40568 0.38742 -0.27501 -0.16461 0.14521 0.08795 -0.04432 0.37232 0.18546 0.22332 -0.06709 -0.07378 -0.20157 0.22306 0.38836 -0.20305 0.40194 -0.22731 -0.01819 -0.49332 -0.11438 0.35164 0.00881 0.27860 0.21624 -0.18312 0.17450 -0.23195 0.33644 0.12013 -0.28023 -0.28832 -0.16579 -0.13428 0.04460 -0.40923 -0.32440 0.06887 0.37718
0.23448 -0.32614 0.10434 0.21230 0.11862 0.29161 0.21304 -0.00611 0.24999 0.20332 0.23994 0.03476 -0.27590 -0.11300 0.19139 -0.07622 -0.35234 0.01078 -0.46356 -0.23457 -0.04971 -0.13839 0.19729 0.25534 0.28538 -0.28433 0.42885 -0.01216 -0.04670 -0.26570 0.18542 0.38192 -0.07620 0.39135 0.14944 -0.04849 -0.06585 -0.00063 0.19350 -0.24907
-0.29363 -0.11825 -0.15768 0.08097 0.14780 0.24676 0.13644 -0.26555 0.32108 -0.07394 -0.08975 -0.20499 -0.09154 -0.26724 0.00794 -0.32719 -0.29489 -0.01470 -0.39812 0.23341 -0.33352 0.08489 0.26906 -0.17411 0.14293 -0.26959 -0.00323 -0.13243 -0.12549 -0.05813 0.00117 -0.08436 0.06122 0.24240 -0.30602 0.16840 0.01716 0.17113 0.31205 -0.13720
-0.04962 -0.41550 -0.08971 -0.12315 0.01025 -0.16943 0.03307 -0.22494 0.12698 0.14301 -0.35492 -0.17268 0.37605 0.37129 0.19301 -0.20756 -0.02719 0.19813 0.21972 0.19897 0.25141 0.28426 0.03181 0.07764 -0.12920 -0.16782 -0.01781 0.02110 0.29825 -0.13711 0.10051 -0.14462 -0.19144 -0.00197 0.10095 0.21025 -0.39078 0.35423 0.13143 -0.22242
0.28370 0.21934 0.27523 -0.41739 0.18489 0.08043 -0.14200 0.21132 0.02517 -0.11662 -0.02047 -0.16309 0.32044 -0.08669 -0.07798 -0.02234 -0.15895 0.30406 -0.10761 0.15688 0.30765 -0.15278 0.05767 0.18079 -0.12120 0.38971 0.24544 -0.40190 -0.30173 -0.21625 -0.09552 0.25165 0.17296 0.35907 0.12633 -0.43965 -0.26259 -0.22048 0.42406 0.34756
-0.14697 0.16976 -0.08121 0.08580 -0.10564 -0.24364 -0.01153 0.06105 0.19534 0.16510 -0.16813 -0.00457 0.41930 0.09473 0.00881 0.02849 0.29681 0.05261 0.41922 -0.04226 0.08541 0.31597 -0.31226 -0.23390 -0.05113 -0.02420 -0.27854 -0.18192 -0.02230 0.04828 0.35608 -0.32524 0.21751 0.02056 0.01269 -0.04464 0.03002 0.14153 0.29449 -0.14929
-0.09539 0.10980 0.20641 -0.11087 -0.11658 0.20780 -0.08737 0.39562 -0.24565 0.11380 0.38795 0.26831 0.07521 0.14114 0.32120 0.31283 -0.20662 -0.14771 -0.05542 0.20536 -0.15721 -0.07973 0.22428 -0.22580 0.19701 -0.07459 0.15475 -0.20686 0.06513 0.05125 -0.19994 -0.30865 0.23979 0.18518 -0.16696 -0.23549 -0.28690 0.23414 -0.25084 -0.16923
0.36566 0.05008 -0.03985 -0.09228 -0.37981 -0.18558 -0.33451 -0.09337 0.28451 0.08683 0.00652 -0.05029 0.13426 -0.21544 0.34100 -0.27836 0.20506 0.33145 0.20296 -0.22593 -0.17796 -0.20305 -0.12024 0.22882 -0.29386 0.42563 0.32786 0.09024 0.36662 0.10637 0.12688 0.15342 0.33752 0.34912 0.07899 0.29120 0.09914 -0.19518 0.28452 -0.07107
-0.33599 -0.22168 0.21638 -0.19386 0.32654 0.33134 0.20061 -0.18125 0.14716 -0.22764 0.34452 -0.06990 0.41158 -0.02336 -0.10369 0.16088 0.46192 -0.32010 0.15529 -0.14328 -0.34255 0.28483 0.04719 0.08648 -0.14469 -0.03257 0.13362 -0.14155 -0.15022 0.02315 -0.15494 0.17146 0.09979 0.00132 0.33169 -0.15632 -0.20099 -0.00653 0.07143 0.23523
-0.06569 0.02829 0.25037 -0.17677 0.04840 0.03991 0.13538 -0.09985 -0.33720 -0.29133 -0.02959 0.19108 0.03960 -0.25762 0.07548 0.05062 -0.14512 0.02568 0.32959 -0.27295 -0.15747 0.22538 0.08870 0.34503 0.01028 -0.10100 0.21072 0.29042 0.14344 0.01628 0.03282 -0.23081 0.11854 0.14397 0.03529 -0.18438 -0.10634 0.26807 -0.25027 -0.30222
0.11451 0.27163 0.16347 -0.27609 0.16026 0.29824 0.08871 0.09794 0.28783 -0.15862 0.18121 0.06399 0.02177 -0.36528 0.05623 0.22796 0.06464 0.10514 0.26369 -0.26100 0.24710 -0.32513 0.11782 -0.14640 0.13145 -0.08044 -0.18960 -0.27876 -0.20248 0.45546 -0.32197 0.00962 0.05643 -0.28110 0.08794 -0.22125 0.22643 -0.24230 -0.30973 -0.00337
0.36996 -0.39442 -0.20890 -0.15832 0.34797 -0.10133 0.22329 0.27874 0.04856 -0.17591 -0.05663 -0.11956 0.27918 0.42140 -0.18805 0.01298 0.25932 -0.21171 0.21112 0.23397 -0.00832 -0.16322 -0.27306 0.02234 -0.06489 -0.13072 0.03409 -0.12911 0.36653 -0.17377 -0.39391 -0.35115 0.10248 0.29537 -0.14467 -0.22472 -0.20208 0.07039 0.40023 0.42172
0.16846 -0.04190 0.20675 -0.18476 -0.28972 0.00393 -0.25904 -0.03830 0.04353 -0.10195 0.03924 0.00596 0.37519 0.13754 0.24656 0.20604 0.01520 0.32974 0.34891 0.09647 0.11999 0.22240 0.11258 -0.30652 -0.30337 -0.09807 0.15518 -0.26788 -0.25484 -0.01556 0.05525 -0.22246 -0.10763 0.19613 0.09148 0.19434 0.02019 -0.25163 0.36953 -0.16735
0.16210 -0.15176 -0.51834 -0.40794 -0.10101 0.34921 0.03343 0.08882 -0.31793 -0.13596 -0.35879 -0.18167 0.05959 0.17499 0.29362 0.27521 -0.11477 0.15190 0.35031 0.30701 -0.28395 -0.41512 0.19751 -0.15431 -0.33655 -0.44274 -0.40052 -0.31465 0.07188 -0.39792 -0.06149 0.31874 -0.15974 0.23319 -0.30532 0.17081 -0.10077 0.31611 0.10246 0.19219
-0.27450 0.12894 0.04124 0.10756 -0.03545 -0.38531 -0.11744 0.24325 -0.30750 -0.31699 0.33591 -0.10564 -0.01751 0.28517 0.39365 0.05623 -0.34497 -0.09630 -0.06229 0.17226 -0.18097 0.16805 0.07804 0.34280 -0.26734 0.44444 -0.31991 -0.42729 -0.08841 0.11133 0.19871 -0.28974 -0.05376 -0.18416 -0.28668 -0.37062 0.06362 -0.11674 -0.19747 -0.08445
-0.38712 -0.05811 0.31469 0.25583 -0.12470 -0.42901 -0.38192 0.20843 0.34224 0.18309 0.11388 0.11407 -0.26961 -0.23714 -0.38787 -0.41344 -0.05824 -0.10595 -0.23394 0.16822 0.07896 -0.09372 0.03222 -0.22441 -0.14702 0.01562 -0.21894 0.07549 0.26932 0.17522 -0.38705 0.29543 0.19413 0.16516 0.32988 -0.14746 -0.22434 -0.23460 -0.45377 -0.20594
0.02015 -0.39717 -0.22012 -0.28955 0.00834 0.01329 -0.30459 0.32416 0.22267 0.34021 0.03872 -0.10581 -0.07268 0.29100 -0.41355 0.23804 -0.27507 0.37379 -0.31977 0.05837 -0.32459 0.06073 -0.12035 -0.30198 0.12829 -0.05079 -0.28764 0.28072 -0.42351 0.00001 0.24589 -0.04764 -0.02040 0.02226 0.28911 -0.05133 -0.33847 0.27078 -0.13711 0.14268
0.27243 -0.41325 0.32132 -0.31630 -0.13444 0.08931 0.11045 0.12600 -0.23145 0.31827 0.24852 -0.30013 0.24605 0.07575 0.07075 0.21509 -0.01961 -0.17275 -0.07403 -0.32604 0.37425 -0.05049 0.08241 -0.08130 0.16622 0.07036 -0.06390 0.33514 -0.13582 0.04877 0.21619 -0.26255 -0.25727 0.38803 0.24543 -0.28194 0.00730 -0.09190 -0.26606 0.22871
0.04437 0.27712 0.22531 -0.16709 0.21996 0.22297 0.22925 -0.18438 -0.09969 -0.20477 0.19847 0.04402 -0.08474 0.12243 0.21082 -0.13330 0.24214 -0.04152 0.11017 -0.01545 0.09540 0.00591 -0.23777 0.09411 0.30597 -0.23822 -0.26683 -0.16884 -0.16568 -0.25114 0.22156 -0.15633 -0.18862 -0.05213 -0.33552 -0.04542 -0.04947 0.14526 -0.23228 0.27271
0.16946 0.29649 -0.03607 -0.11708 -0.03973 -0.35497 0.13182 -0.35525 -0.21500 0.10352 -0.30777 -0.27878 -0.38200 -0.11793 0.36062 0.10952 -0.07786 -0.31810 -0.20214 0.49303 0.02998 -0.19337 -0.25612 -0.20777 0.42582 -0.35334 -0.17494 0.03318 -0.02252 -0.29803 0.18650 0.10530 -0.18643 -0.29845 -0.27093 0.14792 0.31845 -0.33913 0.32156 0.20633
0.27895 -0.19834 0.33610 -0.20532 -0.13014 0.12083 0.03572 0.17515 -0.11889 0.14381 0.24362 0.39620 0.12201 0.31706 0.42519 0.08858 0.02710 -0.05064 -0.00989 -0.14550 0.16090 -0.10742 0.45404 -0.26376 -0.29564 0.42817 -0.30216 0.05315 0.12593 0.37359 0.13999 -0.21056 0.42923 0.15514 0.28423 -0.00431 0.19872 -0.24404 0.36632 0.34791
-0.10629 -0.23400 0.24294 0.07283 0.04813 0.39783 0.48076 -0.21296 0.15086 0.07978 -0.23127 -0.09993 -0.22039 0.06118 0.19517 -0.31133 -0.33451 0.13567 -0.24447 -0.35625 -0.21969 0.09178 -0.31081 -0.10903 0.20213 -0.22488 0.20850 0.14768 0.09707 0.06598 0.01417 0.03639 -0.29953 -0.19827 0.46833 -0.11685 -0.09472 -0.06182 -0.40655 -0.11391
0.33468 -0.17862 0.21839 -0.15778 0.25887 -0.04250 -0.43887 0.19556 0.14977 0.10240 -0.18984 0.00699 0.02560 -0.20322 0.10958 -0.07571 -0.27883 -0.03264 -0.03976 0.03457 0.02765 -0.05341 -0.09906 -0.26949 -0.14340 0.09692 0.18569 -0.20907 0.42178 0.14709 -0.11242 -0.01069 -0.22419 0.18779 -0.05495 -0.15636 -0.31862 0.12316 -0.40594 -0.45616
-0.42123 0.33566 0.12494 0.36364 0.30984 -0.46001 -0.40947 -0.22695 0.40661 -0.38005 -0.43894 0.06340 0.24529 0.41452 0.43220 -0.31225 -0.17571 -0.11679 0.14773 0.18020 -0.06715 -0.23683 -0.03624 0.08323 0.29039 0.39341 -0.39869 -0.11414 -0.01311 -0.32307 0.42985 0.21351 -0.22740 0.39465 -0.13292 0.12071 0.47303 -0.34602 -0.29193 0.32915
-0.02806 0.16728 0.04062 -0.16827 -0.18703 0.11671 -0.31806 0.14728 0.07026 0.00418 -0.04775 -0.17308 0.02674 0.03605 -0.05419 -0.21352 -0.17747 0.32780 0.23738 -0.02817 -0.13480 -0.02099 -0.04484 -0.12184 -0.33392 0.02913 0.17834 -0.01754 0.16195 -0.20737 0.10404 0.12004 -0.05366 0.18551 0.24276 0.20401 -0.22141 0.02743 -0.01917 0.29493
0.06109 0.13206 0.19788 0.18537 0.29453 -0.19555 0.00433 -0.43537 -0.17530 0.31255 0.13410 -0.26526 0.14055 0.31909 -0.09182 -0.12680 -0.21560 -0.42997 0.16814 0.09032 0.42096 0.45084 -0.38662 0.03915 -0.05880 0.43013 -0.02472 0.42028 -0.10307 0.23051 0.20437 -0.10647 -0.34278 0.37301 -0.27214 -0.19846 -0.31278 0.28338 0.31190 0.09425
0.13547 0.26683 0.24349 -0.08685 0.03425 -0.48063 -0.02973 0.12825 -0.03105 0.04235 0.27023 0.27611 -0.25639 -0.14562 -0.18567 0.30506 -0.01209 -0.22271 0.20085 0.31207 -0.02412 0.30531 0.00082 -0.08829 0.22054 0.13865 0.10153 0.03669 -0.08893 0.11581 -0.07958 -0.29987 -0.04033 0.21428 -0.10896 -0.33288 0.37381 0.24885 0.36920 0.34761
0.42035 -0.30332 0.04556 0.15606 -0.26101 0.06735 0.16116 0.10361 -0.02143 0.01523 -0.14484 0.04541 0.24485 0.26071 0.24932 0.30665 -0.03145 0.06095 0.01687 0.21123 0.31434 -0.09471 -0.21826 0.09658 0.15544 -0.12780 0.04281 -0.25143 0.37573 0.17349 0.03652 -0.29179 -0.30636 0.01613 -0.13528 -0.02926 -0.18235 0.17692 0.14226 0.45789
0.01446 -0.33558 -0.13958 0.32672 -0.21396 -0.28876 -0.35690 -0.07945 -0.00823 0.10159 0.17248 -0.25169 0.33510 -0.17932 -0.37619 0.09845 0.17380 0.42074 0.05746 -0.06808 0.28769 -0.29500 -0.29507 0.02006 0.12650 -0.06701 -0.21058 0.05462 0.37520 0.13901 -0.28773 0.11499 0.20954 0.31715 -0.04852 0.14555 0.18469 -0.20311 0.04777 -0.01146
0.11999 0.25564 0.22163 -0.05748 0.20974 0.23626 0.06434 -0.04529 0.11232 -0.04409 -0.34860 -0.11812 0.21170 0.14792 -0.27457 -0.32258 -0.14610 -0.12894 -0.38224 -0.06416 -0.25747 -0.17156 0.18288 -0.07944 0.32849 0.13857 0.08652 0.30838 0.47770 0.27945 -0.28351 0.14355 -0.02456 -0.05690 -0.00945 -0.06446 -0.13522 0.21732 0.22114 -0.10104
0.24833 -0.02778 -0.15820 0.23559 0.32246 -0.00233 0.01503 -0.03685 0.31422 -0.19728 -0.00075 0.07476 -0.35508 -0.02868 0.18902 -0.12012 -0.03901 -0.25320 -0.03725 0.27310 0.04817 0.19421 -0.10738 -0.39346 0.32849 -0.15039 0.04052 0.01768 -0.01472 0.04154 0.06496 -0.20504 0.21938 0.15031 -0.17104 0.04992 -0.09054 0.14162 0.27651 0.10439
-0.17298 -0.16193 -0.08866 0.09801 0.28841 0.24864 -0.05752 0.04674 -0.17157 -0.08978 0.12415 -0.22668 -0.16142 0.12480 0.22664 0.43057 0.43206 -0.31946 0.28305 -0.27005 -0.41979 -0.20604 -0.10156 0.19087 -0.03261 0.05150 -0.15528 -0.13991 0.09463 -0.05543 0.26904 -0.23561 0.06603 0.03130 -0.33119 -0.22703 0.01319 -0.22795 0.00252 0.06553
-0.05600 -0.01572 0.13756 -0.40505 0.18973 -0.27649 0.17144 0.26450 -0.17320 0.29881 0.33533 0.32552 -0.01652 0.21922 0.13366 0.46962 -0.18109 0.30102 -0.29445 0.04572 0.01108 -0.16631 -0.01541 -0.34111 0.01542 0.11894 0.15529 0.03396 0.08635 -0.25252 -0.16549 -0.32974 -0.07157 -0.11765 0.35295 0.17137 -0.26548 -0.20421 0.25775 0.13699
0.24986 -0.05902 -0.03069 0.36793 -0.02673 -0.06696 0.08477 0.10270 0.10964 0.25864 -0.26874 -0.21936 0.10512 -0.16069 0.21665 -0.25906 -0.02477 0.10864 0.25675 -0.11667 -0.07347 -0.10789 -0.13863 0.13136 0.13748 -0.30740 0.07093 0.33520 -0.08822 0.09083 -0.10724 -0.07043 0.29718 0.07338 0.05622 0.32592 -0.30364 0.39402 -0.17460 -0.12624
0.10725 0.23630 -0.01988 -0.26195 0.20217 -0.04637 0.15711 0.25619 -0.00086 0.10794 -0.16432 0.24467 -0.18020 -0.05955 -0.20019 0.20241 -0.39019 -0.08493 0.33853 0.03760 0.22342 0.02057 -0.02692 0.35906 0.32167 -0.36211 0.08807 0.30984 -0.22036 -0.20211 -0.32185 -0.25481 -0.16068 -0.42485 -0.03618 0.34135 -0.34951 -0.05090 0.12003 -0.00148
0.26311 -0.36993 0.26848 -0.38119 -0.24892 -0.16186 -0.08117 -0.02046 -0.03337 -0.30085 -0.15739 -0.23784 0.37552 0.40483 -0.07778 0.20835 -0.16439 0.20573 0.42027 0.27718 -0.14515 -0.00468 0.24137 -0.27263 -0.25228 0.16418 -0.26230 -0.19973 0.24960 0.02854 0.19046 0.24385 -0.00219 0.03956 0.31991 -0.28747 -0.03929 0.04649 0.04668 0.07410
-0.06875 0.02398 -0.24768 0.18827 0.02886 0.35310 -0.20286 0.14372 -0.16236 -0.21305 -0.35804 -0.34308 -0.07663 -0.36288 -0.23633 -0.26074 0.08815 0.34828 -0.34724 -0.09787 -0.19096 0.26461 0.30375 -0.13184 -0.26193 0.38049 -0.19611 0.13373 -0.19594 -0.16148 0.29110 0.11000 -0.45078 0.04374 -0.08418 0.31327 -0.16153 -0.47964 -0.14619 0.35032
0.11594 -0.31499 -0.19343 -0.05766 0.11382 0.18834 0.07168 -0.05771 0.07664 -0.06099 0.00699 -0.00510 -0.17810 -0.03637 0.38259 -0.09776 0.24363 0.09781 0.22213 -0.15552 -0.14587 0.36429 -0.13453 -0.40197 0.38192 -0.18599 0.15940 -0.30931 -0.27682 -0.05715 -0.24865 0.11422 -0.25354 -0.24231 -0.20331 -0.17677 0.08838 0.00949 -0.33114 0.27112
-0.10290 -0.01352 -0.21571 0.32821 0.32524 -0.08820 -0.28428 -0.03946 0.32813 -0.22580 0.37293 0.11177 -0.25032 0.38086 -0.35559 -0.33745 0.32502 0.14047 0.40435 -0.04572 -0.01178 0.29738 -0.35628 -0.28056 -0.04590 0.30534 -0.26133 0.07424 0.08681 -0.16838 0.03655 0.31069 -0.00312 -0.05896 -0.21800 0.16200 -0.09276 0.41279 -0.19043 -0.01948
0.20713 0.04890 0.04413 -0.05174 -0.18290 0.08811 0.00059 -0.19057 0.02140 -0.17641 -0.07770 -0.20632 0.02907 0.07473 -0.36968 0.19210 -0.29184 -0.35692 -0.24664 0.20216 0.21339 -0.05985 -0.02130 -0.23624 -0.33968 0.20185 -0.42193 -0.08361 -0.14082 0.35658 0.17929 -0.00079 0.14791 -0.26256 -0.01720 0.37417 -0.27228 -0.17463 -0.28900 -0.27961
-0.15861 0.05889 0.16365 -0.36133 -0.20389 -0.42548 -0.17235 -0.14691 -0.13824 0.05881 -0.34754 -0.23141 -0.22034 0.08918 -0.05586 -0.28357 -0.26525 -0.42968 0.34470 -0.01522 -0.29426 0.20679 -0.29900 0.07780 -0.12891 0.02978 -0.32383 -0.13362 0.04618 0.24470 0.20799 0.20833 0.02081 -0.29456 -0.42519 0.13670 -0.36606 -0.29662 0.16640 -0.23454
-0.24795 0.28158 0.17134 0.22515 0.10040 0.36105 -0.37929 0.37060 -0.27285 0.08078 -0.00810 -0.33078 -0.11626 0.15110 -0.27175 0.21265 -0.20252 0.20477 0.47893 -0.14904 -0.11471 -0.28427 0.07682 0.05198 -0.22307 -0.28430 -0.09706 0.47589 -0.04150 0.24349 -0.09856 0.33838 0.11079 0.30049 -0.17249 -0.10290 0.13864 0.13721 0.08420 0.42095
-0.09502 0.13703 -0.37576 0.42695 -0.03150 -0.23838 0.37014 0.14179 -0.39633 -0.34572 -0.12761 0.02779 0.32005 -0.18874 -0.17367 -0.19435 0.10443 -0.14685 0.10689 0.44212 -0.05931 0.04692 0.26529 0.36649 0.21908 0.31810 -0.24023 -0.25391 -0.38515 -0.21637 0.07406 -0.06635 -0.32690 0.38156 0.25254 0.12364 -0.25087 0.43328 -0.10976 0.28382
-0.25993 0.04970 -0.17136 -0.04119 -0.20605 0.20394 -0.12126 -0.10875 0.24259 0.13549 -0.06442 -0.08263 -0.20143 0.08778 0.08522 -0.25258 0.13910 -0.17054 -0.11787 -0.09989 0.19367 0.33004 0.06297 0.32950 0.24420 -0.01906 -0.32103 0.14534 -0.03423 -0.09144 0.06901 0.23707 0.19393 -0.38778 0.14208 0.32408 0.10672 -0.14563 -0.47591 0.01526
0.01676 -0.31566 -0.35810 -0.18329 -0.26083 0.39464 0.11447 0.13113 -0.20426 0.30003 -0.08139 -0.29634 0.00619 0.09614 -0.23006 -0.32096 0.02721 -0.19269 0.14787 -0.22883 0.06869 0.18789 0.27005 0.06480 0.20082 0.04237 -0.22478 -0.09707 0.09480 0.27782 0.24190 0.30364 0.35686 -0.14157 0.11428 -0.31584 -0.38443 -0.19991 -0.13617 -0.37115
-0.20319 -0.27837 -0.15912 -0.13185 0.19155 0.17599 0.26349 -0.08598 0.43365 0.19934 0.35505 -0.14601 -0.03948 -0.10427 -0.34032 -0.13388 0.18901 -0.05308 0.15450 -0.22029 0.15966 0.26269 -0.18392 -0.26839 0.04770 -0.10067 -0.19870 -0.36741 0.23725 0.28612 -0.02459 -0.11846 0.29122 0.07624 0.18789 0.11915 -0.13465 0.13573 -0.29107 -0.32654
-0.19884 -0.24708 0.12022 -0.24718 -0.04007 0.09809 0.28742 -0.42328 0.01134 -0.07474 -0.33090 0.15309 -0.03804 0.07330 0.05883 0.02958 -0.12448 0.18628 -0.04505 0.52129 0.08007 0.48184 -0.08130 -0.15042 -0.06244 -0.06290 0.05075 -0.17827 0.12609 0.15275 -0.19765 -0.38993 0.32029 -0.03947 0.15048 0.51141 -0.03348 -0.01669 -0.21981 0.08691
0.08288 0.10308 0.08248 0.00228 -0.25265 0.24632 0.13074 -0.21846 0.03151 -0.14615 0.24034 0.35309 0.04148 -0.05335 0.20874 -0.23860 -0.29614 -0.34439 -0.30405 0.09439 0.09299 0.13522 -0.18983 0.06143 0.04354 0.08259 0.04413 0.12116 -0.16650 -0.13026 0.04189 0.23654 0.22551 -0.01351 -0.19505 0.36144 0.38902 0.15891 0.12175 -0.14604
0.01995 -0.15847 -0.07659 -0.07917 0.13499 -0.00920 0.07477 0.16758 -0.13983 -0.22154 0.32962 0.03900 0.21264 0.13160 -0.20890 -0.43221 0.16358 0.03716 -0.37085 0.17157 -0.08348 -0.24760 0.13058 0.17792 -0.12518 0.07552 -0.17149 -0.36529 0.49176 0.37676 -0.33072 -0.33370 -0.08767 -0.23995 0.35300 -0.24792 -0.36037 -0.15902 -0.29520 -0.24095
0.35245 0.04297 -0.02935 0.21663 -0.02071 -0.23040 0.27796 -0.18354 0.05388 -0.03525 0.18535 0.13507 0.20706 -0.03087 0.29322 -0.08436 0.05791 0.01854 -0.09272 -0.08074 -0.18641 -0.20795 -0.02941 -0.24303 0.30856 -0.04001 0.19594 0.15919 -0.35566 0.17490 0.36009 0.04297 0.18228 0.18021 -0.08390 0.22443 0.20475 -0.26203 -0.06276 -0.26158
-0.18971 0.05213 0.24806 -0.22961 0.06746 0.14013 -0.31480 0.12501 0.09986 -0.07060 -0.22199 -0.27672 0.15829 0.09384 0.26363 0.24544 0.32120 -0.23169 -0.13057 -0.09452 0.33533 0.16339 0.01878 0.21236 -0.06801 -0.02584 0.27910 -0.06896 -0.26586 0.22248 0.19636 0.18168 -0.13441 0.05563 0.15308 0.29667 -0.16916 0.05942 -0.19031 -0.22288
-0.21231 0.43479 0.39296 -0.19067 -0.14431 0.02830 0.23250 -0.13081 0.30886 0.00698 -0.32161 -0.00145 -0.15125 -0.29432 0.33902 0.07586 -0.03507 0.06781 -0.02596 -0.27506 0.11682 -0.27533 -0.30794 -0.19782 0.30614 0.19985 0.19975 0.06455 0.28961 0.26459 -0.38007 0.19434 0.19249 -0.28930 0.26635 -0.17818 -0.00339 0.20428 0.17919 0.10334
0.27271 0.24747 0.20826 0.03453 -0.04903 0.11619 -0.11947 -0.10169 0.32580 -0.08510 -0.18292 -0.08273 0.19308 0.26442 0.19438 -0.01570 0.19558 0.32980 0.09560 -0.04491 0.02827 0.11674 -0.20037 -0.34565 -0.24166 -0.09468 -0.13067 -0.13055 -0.10910 0.06613 0.20883 -0.33899 -0.09059 -0.19339 -0.14484 -0.00651 0.13587 -0.12125 0.26589 -0.19010
0.23620 -0.22041 -0.11027 0.10078 0.08596 0.35713 -0.02359 0.14091 -0.02633 0.06223 0.27976 0.00386 0.19574 0.09153 -0.01413 0.19190 -0.05924 -0.01915 -0.33846 0.16046 0.25999 -0.08772 0.24396 -0.06304 0.04740 0.22223 -0.00144 -0.24137 -0.10459 0.15932 0.01964 0.19880 0.17294 0.24755 -0.11976 0.15839 -0.05253 -0.37006 0.17407 -0.22921
0.09124 -0.15446 0.06438 0.15829 -0.01811 -0.48511 0.00432 0.35105 0.23910 0.01755 -0.08697 0.13220 0.01187 0.35560 0.24876 0.25411 0.10375 0.29830 -0.24397 -0.34370 0.12856 0.28312 -0.26162 -0.10645 0.09537 0.02913 -0.03223 -0.12711 0.01796 -0.41932 -0.06996 0.08601 -0.38880 -0.03939 -0.46790 0.09849 -0.16559 0.29495 0.08637 0.07374
-0.07092 0.07298 -0.13709 0.03015 -0.00992 -0.13984 -0.08866 -0.02896 -0.24442 -0.26092 0.07871 -0.29866 0.10696 -0.34454 -0.12813 0.05994 0.36535 -0.25458 -0.03711 0.32247 -0.22997 -0.00200 -0.24094 0.25267 0.10841 0.32941 0.18275 -0.32886 -0.03824 0.15812 0.03888 0.13206 0.14381 0.01951 -0.35091 0.05887 -0.20389 -0.17773 -0.11914 -0.44316
0.20161 -0.08301 -0.12085 0.19174 0.41560 0.00446 0.29127 -0.25505 -0.21426 0.14989 0.29539 -0.13155 0.27720 -0.38788 0.12517 -0.21403 -0.01163 -0.29976 0.05453 -0.06331 0.03428 -0.07566 -0.09555 0.19002 -0.21644 0.28451 0.10915 0.31552 0.13831 0.20793 0.09524 0.29705 0.27327 -0.20068 0.06850 0.39062 0.28496 -0.23845 0.11812 -0.18357
-0.23102 0.06698 -0.28385 0.27643 -0.24432 -0.19894 0.23037 0.13954 -0.09369 -0.01401 -0.00428 -0.40786 -0.22891 -0.28100 -0.19543 0.04107 0.18313 -0.24208 -0.01986 -0.21784 -0.18260 -0.11059 -0.17820 0.02105 0.27476 -0.13675 -0.20129 -0.02623 -0.20818 -0.34408 0.16022 -0.33972 -0.03839 0.35464 -0.15942 -0.04043 0.52488 0.03174 0.38959 0.06147
-0.25628 -0.17324 -0.14100 -0.05440 -0.33932 0.10846 0.16760 0.28094 -0.20528 0.14807 0.37881 -0.34778 -0.35209 0.13558 0.03769 0.21723 -0.17483 -0.02249 -0.37678 0.19748 -0.09083 0.05022 -0.27920 -0.20229 0.22009 0.04501 0.23798 0.24909 0.22648 0.06162 0.27597 -0.15050 0.12286 -0.26941 -0.26595 -0.02251 0.11256 -0.12978 -0.03319 0.15251
0.24689 0.28699 0.12888 -0.11079 0.08496 -0.03166 -0.23395 -0.15079 -0.25420 0.28991 -0.31227 0.28158 0.26819 -0.15196 0.16447 0.22314 -0.21236 0.18566 0.06857 0.05544 0.12313 -0.14546 -0.14906 0.08162 0.02299 0.00371 -0.12260 -0.00098 0.12852 -0.23074 -0.16401 -0.23316 0.20101 -0.07627 0.12876 -0.00288 0.16531 -0.05354 0.18320 0.00821
0.31101 -0.21034 -0.25562 0.12142 0.24202 -0.33493 0.38713 -0.00835 -0.12974 -0.28849 -0.19743 0.24199 -0.16247 0.15524 -0.21941 0.19292 0.02484 -0.10005 -0.12627 -0.11937 -0.29793 0.30132 0.03329 -0.19577 0.29106 -0.02499 0.28704 -0.18145 0.24820 0.18994 -0.00636 0.38062 0.10081 0.31845 -0.09536 0.15103 -0.40623 0.20652 0.08623 -0.29286
0.18185 0.26356 -0.11599 -0.12541 -0.31360 -0.15851 0.26033 0.07431 0.12314 0.21117 0.01493 0.21826 -0.07184 0.22099 0.01932 0.07899 -0.32557 0.21697 -0.36826 0.21798 -0.22286 -0.23641 -0.04982 -0.12216 -0.01848 -0.02673 0.10801 0.19477 0.31942 -0.37557 0.38203 0.07923 0.06033 0.23368 -0.40765 -0.18412 -0.35593 0.24662 0.10130 -0.11468
0.20495 0.15186 -0.05591 -0.12745 0.08866 0.30818 -0.09158 0.26668 -0.15917 0.21039 -0.16234 0.20679 -0.18509 -0.03507 0.04715 0.25029 0.19701 -0.07651 0.30344 0.29480 0.16062 -0.02389 -0.21417 0.02785 0.22782 -0.00783 -0.25620 -0.08502 0.34493 0.24781 0.08893 -0.05425 -0.01485 0.02758 0.08133 -0.05612 0.11178 0.21907 -0.37740 -0.26963
0.22648 0.11367 -0.15335 -0.02053 0.01377 0.06205 0.34885 -0.32787 0.20441 0.13619 0.40244 -0.15489 -0.00312 0.16629 -0.26326 0.13577 -0.24289 0.23855 0.23645 -0.17290 -0.17658 -0.31015 0.22696 -0.07386 -0.36918 0.07813 0.29336 0.08216 0.25013 0.23991 0.06430 -0.05401 0.07312 0.40023 0.10395 -0.07699 -0.37222 -0.37014 -0.01753 -0.23631
-0.34336 -0.36739 -0.10152 0.05025 -0.21617 -0.37542 -0.16327 0.28690 0.32792 0.33748 0.29086 0.23406 -0.37222 0.06988 -0.26682 -0.17358 -0.13500 -0.43644 0.25484 -0.45388 -0.01350 0.04751 -0.07122 -0.18382 0.17360 0.06330 -0.20757 -0.36859 -0.42524 0.06889 -0.26484 0.29677 0.31176 0.04018 0.02354 0.29763 -0.07993 0.19210 0.35285 -0.36322
0.21567 -0.21889 0.23352 0.07626 0.14354 0.19784 0.34871 -0.25963 0.21554 0.32971 0.27244 0.23639 0.37144 0.33931 0.27525 0.29923 0.17077 0.25640 0.03286 -0.39575 0.30560 -0.36870 0.13246 0.02989 -0.18329 0.12541 0.02430 0.22735 0.01122 -0.04713 0.24672 -0.24254 -0.25431 0.30370 -0.34517 -0.28132 -0.27113 -0.05396 -0.07102 0.04573
-0.19565 -0.08424 0.19456 0.33936 -0.27182 -0.11359 -0.18133 -0.10381 -0.13855 0.05173 0.22039 -0.32734 0.19537 0.08628 -0.07062 0.01180 0.29135 -0.24501 0.31048 -0.40579 0.17627 -0.16392 -0.03207 0.34867 -0.05063 0.04434 0.36443 -0.05998 -0.18952 -0.32095 0.01499 0.26770 0.37530 -0.15882 0.28948 0.05506 0.32260 0.09821 -0.09159 0.19842
-0.05387 0.18863 -0.17367 -0.36762 0.28237 0.12719 0.27173 -0.23086 0.20151 -0.22300 0.15082 -0.24254 0.03210 0.30075 0.06066 -0.06222 0.38395 0.42654 -0.16194 -0.22587 0.35713 -0.07467 -0.37647 -0.04214 -0.12805 0.40649 0.16212 -0.14462 0.01873 0.07708 -0.38535 -0.43361 0.07544 0.13822 0.31950 0.16347 -0.08649 0.17579 0.06018 -0.11894
-0.11056 -0.09952 -0.34788 -0.17100 0.07944 0.14629 -0.09111 0.13261 -0.19577 0.18978 0.26773 0.31022 -0.43424 -0.31806 0.25566 -0.00905 0.32129 0.29300 -0.16186 -0.41185 0.19829 0.38918 0.07848 -0.24687 0.42134 -0.08404 0.36764 -0.29044 -0.20003 -0.03781 0.12322 0.23519 -0.06127 -0.36068 -0.17315 -0.33449 0.32167 0.27986 -0.27422 0.29811
-0.22059 0.27702 0.12111 0.24030 0.40093 -0.26850 -0.38569 -0.38619 0.30182 0.21831 -0.31849 -0.17772 0.26687 -0.05371 -0.39488 -0.29167 0.20540 -0.09527 0.21292 -0.29301 0.34897 0.22640 0.34698 -0.40474 0.16681 -0.33568 0.16400 0.29222 0.27818 0.09059 -0.04314 0.29789 0.37506 -0.17715 -0.20624 -0.08949 -0.26942 0.28391 -0.23376 -0.22721
