-0.47569 0.05394 -0.28495 -0.18196 -0.03607 -0.23633 -0.42955 0.18582 0.05304 -0.31507 0.34796 0.03071 -0.21459 0.22926 -0.19231 0.21241 0.29937 0.06788 0.33496 0.06661 0.24375 0.40895 0.17412 0.02274 -0.18617 -0.15637 -0.11869 0.31083 -0.01714 0.21906 0.12756 -0.09816 0.07419 0.02678 -0.07839 0.21134 -0.07893 0.17903 0.34991 -0.08853
0.09616 -0.07353 0.04464 -0.25160 0.39795 -0.23992 0.05142 0.30506 -0.10352 0.19959 0.14700 0.16799 0.01383 0.17773 0.14390 0.12694 0.23568 -0.05114 -0.23374 -0.06722 0.10028 -0.15534 -0.19869 -0.02371 0.23219 -0.16351 -0.41136 0.03680 0.20605 0.16565 0.23901 0.05591 0.13084 0.21210 -0.19674 -0.20769 0.32170 0.08723 0.10956 -0.37706
-0.03089 0.35131 -0.10363 -0.07353 -0.00097 0.20395 0.29865 -0.06293 0.15034 0.04662 0.06581 0.07308 0.34367 0.25381 0.11559 0.12776 -0.08167 0.06715 -0.28218 0.27617 -0.27815 -0.25326 -0.10596 -0.02404 -0.03612 -0.03932 -0.39226 0.19965 -0.17378 0.23964 -0.15132 -0.19059 0.38475 -0.05924 -0.31421 -0.24113 -0.02971 0.14535 0.19576 -0.05245
-0.30618 0.36129 0.17327 0.10392 0.26280 -0.29309 -0.31627 -0.10795 -0.14509 0.15912 0.28892 0.00666 0.26892 0.26781 -0.16659 0.22329 0.28575 0.17533 0.07642 -0.04236 -0.14629 -0.05622 -0.03215 0.25218 0.16367 -0.09612 -0.34443 0.11557 -0.17902 0.02082 0.09593 0.26373 -0.17205 -0.01303 -0.06068 0.00711 -0.08902 -0.10038 -0.04409 0.03630
0.11930 0.07050 0.23167 0.00644 0.43492 0.13826 -0.05618 0.16231 -0.05198 -0.22307 0.23236 -0.20562 0.25243 0.21561 -0.03220 -0.11243 -0.02486 -0.26877 -0.28316 -0.25256 0.23900 -0.19947 0.07970 -0.18053 0.27673 0.16292 0.11740 0.08727 0.15559 0.05757 -0.12308 0.07208 -0.31219 -0.18217 -0.16070 -0.37564 0.29720 -0.15803 0.30019 -0.00191
0.20691 -0.10445 -0.16050 -0.21145 0.32028 -0.28315 0.11711 0.21226 0.00206 -0.13276 0.19744 -0.21640 0.03376 0.00850 0.32213 0.06360 0.11958 0.27583 -0.08123 0.30451 -0.00363 0.24427 0.04262 -0.27462 0.19895 -0.03766 -0.16099 -0.29025 0.17869 0.09379 0.07414 0.13631 0.32123 0.24475 -0.14593 0.25250 0.18987 -0.04149 -0.19842 0.06940
-0.14005 -0.13641 -0.27773 -0.08670 -0.10190 0.24774 -0.27030 0.03118 0.24472 0.30250 -0.34111 -0.22394 -0.14288 -0.16774 -0.07064 0.43623 -0.23660 0.11665 0.04307 -0.20024 -0.04608 0.31842 -0.09485 -0.07835 -0.05890 0.14631 0.23004 -0.08362 0.02196 -0.05739 0.11258 -0.26689 0.05678 -0.27042 -0.33878 0.34676 -0.23719 -0.19090 0.19731 0.05777
0.23705 0.01002 0.13586 0.15331 0.14795 -0.35464 -0.17820 -0.22836 -0.31278 -0.11343 -0.23439 0.14866 -0.24040 0.01147 -0.16097 0.09905 -0.04492 -0.18769 -0.17568 0.11659 0.10245 0.13403 0.27150 0.10284 0.32065 0.05852 -0.05006 -0.27077 0.07927 0.09105 0.31205 0.08175 0.23314 0.31524 -0.29358 0.34268 -0.30082 -0.12827 -0.08078 0.18781
0.15887 0.42625 -0.18229 -0.24293 -0.05911 -0.12016 -0.17791 0.18585 0.12052 -0.07184 -0.35393 -0.36387 -0.48237 0.00509 -0.23331 0.10305 -0.04945 0.15892 -0.34784 0.05291 -0.26151 0.08215 0.35696 0.23098 0.53113 -0.05400 0.31324 -0.31030 0.28300 0.14952 -0.23324 0.21315 0.16670 0.33884 -0.34866 0.28933 0.35895 -0.20836 0.32707 -0.23010
0.21913 -0.26184 0.45145 0.26946 0.23351 0.03603 -0.36956 0.07249 -0.05290 0.09673 0.22748 0.22739 0.09217 0.26756 -0.21093 0.00655 0.41064 -0.23818 0.40164 -0.22625 0.39708 0.16957 -0.27002 -0.03299 0.04362 0.33242 -0.22135 -0.02377 -0.31405 -0.19215 -0.31564 0.10017 0.29032 0.08432 -0.09662 -0.10615 -0.43504 0.11173 0.37097 0.08187
-0.41014 0.02774 -0.07595 0.05661 0.34747 -0.22850 0.33554 -0.27929 -0.21069 0.08503 0.13558 -0.26548 0.18953 0.27841 -0.09785 -0.02561 0.20998 -0.15103 0.38337 0.02321 0.30891 -0.22698 0.09629 -0.11048 -0.03112 0.15048 -0.17724 0.21428 -0.18415 -0.17377 -0.01472 -0.23967 0.24717 0.25928 -0.09993 0.25502 0.18788 -0.04044 0.11143 -0.20542
-0.10989 -0.21312 0.26995 0.16831 0.10106 -0.05306 -0.17727 0.19228 0.15008 -0.19051 0.26178 -0.09682 -0.00890 -0.02035 -0.21009 0.17011 0.13928 -0.17300 0.03512 0.15086 0.13585 0.16344 -0.01408 -0.01940 0.08207 -0.01478 0.16628 0.31932 -0.03562 -0.24621 -0.16362 0.02121 0.13298 -0.28001 0.07832 -0.17337 -0.29951 0.33250 -0.27067 0.14368
-0.26563 0.08692 -0.25224 0.38336 -0.07603 0.31163 -0.32449 -0.02044 -0.09553 -0.32618 -0.10324 0.29188 -0.33165 0.08826 0.10648 -0.34713 -0.07917 0.15063 -0.14666 0.13785 0.18005 -0.06434 -0.12905 0.12601 -0.21249 -0.02647 -0.27452 0.07165 -0.07123 0.31756 -0.26198 0.20128 -0.00559 -0.11550 0.15817 -0.03627 -0.27060 -0.03326 0.33392 -0.10845
0.25972 -0.37211 -0.02349 0.00782 -0.28253 0.13553 -0.26304 0.29772 -0.14814 -0.23456 -0.18005 -0.10701 -0.31721 0.26052 0.07231 -0.26347 0.09230 -0.15962 0.09910 0.27149 0.03192 -0.08012 0.28475 0.15556 0.27681 0.16343 -0.20382 -0.31835 0.29652 0.33880 -0.02300 -0.31178 0.31258 0.28573 -0.08838 -0.06688 -0.16819 -0.02960 0.25300 -0.06234
-0.08661 -0.29467 0.28714 -0.35681 -0.12818 -0.31034 0.15609 0.17199 0.03461 0.03079 0.30800 0.09222 -0.00552 0.04047 -0.02188 -0.01031 0.30289 -0.40490 -0.12262 0.20068 0.06194 0.41560 -0.02716 0.14459 0.13310 -0.41362 -0.32679 -0.33479 -0.31322 -0.35002 -0.41024 0.12010 0.16921 -0.13705 0.06401 -0.02470 -0.23327 -0.27016 -0.10429 0.09172
-0.06809 0.17075 0.34930 0.07183 0.32983 0.03752 0.02400 -0.10281 0.35351 0.02523 -0.16653 -0.10010 0.26678 0.28509 -0.02393 0.16503 0.12962 0.17180 0.01655 -0.18462 0.30294 0.08518 0.15263 -0.07311 -0.18559 0.14215 -0.02901 -0.33700 -0.15948 0.01375 0.33748 0.37911 0.20567 -0.22333 0.09341 -0.34920 -0.28717 0.02733 -0.10505 0.14437
0.04562 -0.17247 0.11730 -0.32667 -0.38103 0.22108 -0.11560 -0.35794 0.40636 0.24567 0.26037 0.24156 0.23599 -0.21203 0.19544 -0.15653 -0.07294 -0.08512 -0.29019 0.32238 0.39241 -0.28878 -0.11359 -0.12810 -0.10821 -0.34915 0.03741 0.00659 0.04318 -0.29628 0.07991 -0.31310 -0.02201 -0.15921 0.27069 -0.01183 0.20562 0.28170 0.28040 0.12796
-0.13624 0.27845 0.28077 -0.04547 0.20616 0.23557 0.04789 0.03611 -0.18797 0.26607 -0.11782 0.16967 -0.41779 -0.02713 0.04016 -0.07840 -0.22834 0.15039 0.40378 0.19373 -0.06777 0.02167 -0.31618 -0.01100 -0.10612 0.26376 0.13858 0.08749 0.13085 0.29690 -0.34420 0.36332 -0.31354 0.14047 0.26827 -0.07973 -0.25439 -0.14859 -0.21061 -0.24858
0.01594 0.16286 -0.37233 0.07408 0.05046 0.16221 0.26460 0.05995 -0.18604 0.23806 -0.25452 -0.13317 0.04080 -0.01202 0.29079 -0.02125 0.19763 0.33613 -0.30830 0.30517 0.26278 0.24135 0.00324 -0.20613 -0.00838 -0.33030 -0.16618 -0.27176 0.17788 0.27659 -0.11792 -0.04697 0.11033 -0.24445 -0.08932 0.40508 -0.00666 -0.00829 0.15560 -0.21373
-0.34598 -0.15452 -0.15099 0.31115 -0.16047 0.27567 0.21573 0.25436 -0.21696 -0.35686 -0.00894 -0.23941 0.05845 0.05264 0.10467 0.20431 0.06578 -0.06728 0.37161 0.03965 0.25655 0.21941 -0.11746 0.04407 0.09669 0.15467 0.29026 -0.03253 0.08497 -0.05118 -0.26756 -0.29426 0.03495 -0.03606 -0.00797 -0.09693 0.34870 0.14368 0.01818 -0.16783
0.24555 0.18983 -0.35768 -0.22885 0.07569 0.46387 0.26989 -0.13066 0.04208 -0.20197 -0.15244 -0.11830 0.25829 -0.33818 -0.05352 -0.19041 0.35613 0.26249 -0.17929 0.21971 -0.20436 -0.23805 -0.04138 0.12520 -0.24844 -0.04520 -0.15954 -0.05202 -0.37669 0.36496 0.18155 0.19970 -0.27470 0.22978 0.04114 -0.35593 -0.07394 0.18323 0.18549 0.28223
-0.25323 0.31551 -0.22376 0.36543 -0.01447 0.33835 0.25869 -0.26713 -0.02970 0.37776 -0.18447 0.35459 -0.05263 0.08641 -0.01261 0.04723 -0.08192 -0.30849 -0.19531 0.01168 -0.17907 -0.31413 0.38499 -0.07820 -0.18757 -0.27700 0.23546 0.09450 0.16451 0.27977 -0.25203 -0.20760 -0.08034 0.17269 0.09517 -0.08139 0.16026 0.20642 0.33349 -0.25072
0.32547 0.20371 -0.13955 0.04303 -0.13434 0.15286 -0.03365 0.17899 0.01795 -0.06297 -0.14909 0.08694 -0.26193 -0.31721 0.05991 -0.20310 -0.15431 0.04465 0.31453 -0.38933 -0.05766 0.16730 -0.28945 0.27560 0.21130 0.32110 0.13748 -0.12522 0.09571 -0.26088 0.03180 0.11087 -0.32065 0.27959 0.00270 0.19223 0.07257 0.11764 -0.11413 0.12821
0.13487 0.04693 -0.18441 0.01783 0.17968 -0.01362 -0.25065 0.09179 -0.25667 -0.25598 -0.21061 0.31990 -0.17797 -0.03150 0.18439 -0.40064 0.14130 0.08743 0.27426 -0.27469 -0.02103 0.02857 0.00845 -0.13624 0.03067 0.32422 0.11221 0.16282 0.03856 0.06814 -0.20804 0.15301 0.23923 -0.15009 0.21051 -0.13271 0.11173 0.02739 0.15066 -0.31432
-0.34430 0.26609 -0.18059 -0.01457 0.12824 0.30012 -0.22023 0.13405 -0.14389 -0.20691 -0.14788 0.31439 -0.04892 -0.11728 -0.29583 -0.14796 0.12661 0.03119 -0.11492 0.11825 -0.28137 0.05928 -0.25690 0.20360 -0.06870 -0.20442 0.14328 0.21858 -0.16618 0.08878 -0.37400 0.27079 -0.04817 0.21202 -0.06680 0.10210 0.09463 0.01610 0.32170 -0.24263
0.33024 0.30053 0.14189 0.25430 0.30936 -0.04639 -0.06140 -0.15253 -0.20148 -0.31935 0.02515 -0.27742 -0.38499 0.08030 0.22214 0.01983 0.08619 -0.10694 -0.19999 0.25167 0.13398 -0.31977 -0.02592 0.25299 0.42376 -0.10228 0.10600 0.24555 0.27561 -0.21326 -0.21041 0.27246 0.36792 -0.29857 0.04060 0.30662 0.17052 0.27219 0.08649 -0.33560
0.19299 -0.18192 -0.27664 0.21300 -0.16229 -0.19063 0.10960 0.08485 -0.09527 -0.00800 -0.04075 0.26593 -0.06008 0.00046 -0.14852 -0.01426 -0.07577 0.18217 0.05029 0.05726 -0.04064 -0.09721 0.14130 -0.18704 -0.34115 0.03976 0.20572 0.17693 0.21677 -0.20135 -0.05963 0.02524 -0.14826 -0.01002 -0.07423 -0.22028 -0.01373 0.06038 -0.07255 -0.21816
-0.10575 -0.27742 -0.05198 0.06310 0.12961 0.23748 0.21961 0.04505 0.31234 0.34062 0.06054 0.13848 0.00987 -0.13799 0.29569 0.20859 0.01237 -0.16808 0.25112 -0.23185 -0.17575 -0.12181 0.22753 -0.22652 -0.22952 0.05936 0.26242 -0.22916 -0.27621 0.16518 -0.25263 0.21055 -0.10201 0.19749 0.40491 -0.27421 0.32958 0.02890 -0.02988 -0.21194
0.29945 0.26519 0.05758 -0.06182 -0.09273 -0.25190 0.06852 0.27033 0.06345 0.38228 0.19848 -0.06055 -0.01841 -0.13052 -0.18975 0.03155 -0.38909 -0.05579 -0.37497 0.23044 0.00631 -0.24251 -0.36122 -0.26398 -0.13650 -0.37549 -0.37506 -0.17526 -0.15875 -0.05189 -0.04878 -0.00900 0.37622 -0.37332 0.34242 -0.21956 0.12210 0.26638 0.39560 0.30662
-0.00753 -0.33456 -0.14333 -0.05723 0.13719 0.00603 -0.40634 -0.22700 0.36722 0.45903 0.01016 -0.30527 0.26931 0.20964 0.29138 0.14504 0.22804 0.40455 0.02166 0.18138 0.15735 -0.15195 -0.16001 0.05867 0.27213 0.14516 0.07477 -0.26897 -0.18178 0.19546 -0.16259 0.01947 -0.30625 -0.32448 0.18589 0.33668 0.08545 0.23448 -0.09198 0.03587
0.17772 -0.22740 0.31077 0.27119 -0.10441 0.31138 0.10979 0.06070 0.33023 -0.40439 -0.41618 0.03542 -0.10342 0.18887 0.37122 -0.05607 0.11211 0.06764 -0.28013 -0.11381 0.06497 0.19637 0.00318 0.22467 -0.09471 -0.33142 -0.33723 -0.19378 0.14011 0.21297 -0.10802 -0.26093 0.04818 -0.19485 0.18721 -0.25501 0.19993 -0.35497 0.09762 -0.23788
-0.09568 -0.28527 -0.10503 -0.05822 0.33554 0.35456 0.31904 0.19454 -0.05253 0.16386 0.32065 -0.04374 -0.09375 -0.35802 0.03127 -0.10625 0.37782 -0.29179 0.07774 0.17224 0.20982 -0.16454 0.05785 -0.04361 -0.24069 -0.06053 0.39303 -0.27236 0.19186 -0.08724 -0.32053 0.00992 -0.15814 -0.07226 0.35556 -0.11763 0.11805 -0.05642 0.10251 -0.26935
-0.27620 -0.10421 0.26626 -0.03174 -0.00586 0.21629 0.12589 0.15952 -0.24544 0.26427 -0.10808 0.02904 -0.21513 -0.45758 -0.00990 0.12514 -0.10699 -0.35797 -0.04145 -0.21259 0.23415 0.03365 0.11475 0.01875 -0.10725 -0.34158 -0.28465 -0.01487 -0.33116 0.39708 -0.06189 0.01313 0.15162 -0.03900 0.09080 -0.04814 -0.26921 0.29480 -0.11727 0.16653
-0.32541 0.30331 -0.20607 0.30994 -0.23589 0.12883 -0.35957 0.29938 0.31886 0.07034 0.17219 -0.23554 0.04551 -0.01918 -0.13350 -0.10691 -0.29490 -0.27913 0.02650 -0.07904 0.12360 -0.30823 -0.10940 0.08669 -0.12354 0.16966 0.05534 0.39122 0.25253 0.37301 0.02470 0.13188 -0.31288 -0.06164 -0.08155 0.31576 0.01076 -0.17611 -0.41330 0.26274
-0.20904 -0.07444 -0.04525 0.05117 0.03928 0.00695 0.03282 -0.16919 0.33299 -0.26345 -0.20785 0.37043 -0.08525 -0.23281 -0.13296 0.24435 -0.28281 0.28518 -0.04539 -0.20384 -0.31536 -0.18912 -0.00211 -0.03375 0.01245 0.23672 0.15569 0.28451 -0.19725 -0.15075 0.26760 0.10989 0.15426 -0.19739 -0.26203 -0.05307 0.01074 0.04764 -0.09678 0.16535
0.45399 -0.21400 0.25842 -0.24992 -0.34121 -0.22397 0.07921 0.21537 -0.02334 0.07478 0.14841 0.22836 -0.26499 0.28256 -0.31928 -0.00214 -0.01394 0.17780 -0.04236 -0.20532 -0.39423 0.19360 0.14241 -0.00199 0.25689 0.24721 -0.10450 0.38693 -0.14513 -0.27806 0.03621 -0.27429 -0.20258 -0.27960 0.30464 -0.40465 0.06593 -0.15802 0.19574 -0.40952
0.10967 0.33844 -0.27577 0.48629 -0.00455 -0.11379 0.31851 -0.20997 0.01596 0.29902 -0.06966 -0.27989 -0.10431 -0.04100 -0.11485 -0.08081 0.31878 -0.24236 0.18019 -0.27133 0.25951 0.08313 -0.20027 0.09796 -0.19194 -0.16375 -0.03824 0.16346 -0.02881 0.33962 0.29827 0.13638 -0.02622 -0.23115 -0.11844 0.27204 0.41254 -0.33587 -0.22599 0.13818
0.15788 0.24202 0.16474 -0.20009 0.06540 0.38878 0.35388 -0.00953 0.00441 -0.13287 -0.08581 -0.11125 -0.32067 -0.13594 0.03630 -0.03622 0.08567 -0.03285 -0.16850 -0.04814 -0.28623 0.37425 0.07781 0.46956 0.27488 0.26074 0.29562 -0.06584 -0.18655 -0.27685 -0.24562 0.00550 0.10005 0.08942 -0.27788 -0.09147 -0.10843 0.12175 0.00749 -0.05951
-0.26868 0.26489 -0.02926 -0.17635 -0.03114 0.16801 0.36015 -0.19401 0.19690 0.08224 -0.08626 0.00796 0.16959 -0.42576 -0.06838 0.03963 0.09606 0.27523 0.25504 -0.34101 0.20677 -0.17456 -0.18917 -0.01515 0.22207 0.22566 0.24265 -0.23566 -0.00092 0.00064 -0.39500 -0.22656 -0.07042 -0.09478 -0.30000 0.17559 -0.37187 0.03643 0.28226 0.22807
-0.02075 0.31284 0.06453 0.18260 0.33733 -0.05579 0.02392 -0.03123 -0.07557 0.12109 -0.12667 -0.15107 -0.15688 -0.10956 -0.20581 -0.12030 -0.16442 -0.08089 -0.06685 0.27333 0.11297 0.30291 0.27184 -0.13850 -0.22971 0.01240 0.20430 -0.33991 -0.24982 -0.07287 0.01566 0.01417 0.07533 -0.35543 0.20604 0.19971 0.23673 0.22613 0.38950 -0.35328
0.18247 -0.20989 -0.23751 0.21844 0.39608 0.03346 -0.30227 0.23475 -0.01902 -0.08826 -0.10649 0.02811 -0.30745 -0.31911 0.09399 -0.33902 -0.37831 0.15056 -0.07887 0.19977 0.02516 0.27737 -0.03255 -0.20586 0.34325 0.36239 0.19629 -0.26441 -0.09365 -0.25877 -0.10720 -0.07860 -0.19046 -0.23374 0.29014 -0.23666 -0.03380 -0.42040 0.47159 -0.33728
-0.25406 0.13606 -0.00964 0.03244 -0.24323 0.14382 0.38714 -0.07414 0.30087 -0.17113 0.12753 -0.09750 0.10033 -0.24520 -0.09619 -0.21751 -0.08727 0.31867 -0.36237 -0.31712 -0.34928 -0.24880 0.30139 -0.40835 0.20245 -0.22565 0.20905 0.21246 -0.21701 -0.04652 -0.26515 0.15182 0.19153 0.27202 -0.06804 -0.19863 -0.28874 -0.00641 0.15037 -0.36186
0.01729 0.26008 -0.13568 0.23958 -0.08651 -0.44998 0.19592 0.11009 0.23469 0.07376 -0.17533 -0.03358 -0.09648 0.24296 -0.11323 -0.20230 0.08216 0.29301 -0.09026 0.08256 0.25847 -0.01372 0.15019 -0.27670 0.13537 -0.04972 -0.25249 -0.35837 0.06377 -0.17091 0.28307 0.07229 0.31043 0.02194 -0.31618 0.43336 0.13258 -0.34385 -0.23503 0.36201
0.33837 -0.23731 0.11521 -0.13401 0.25901 0.04518 0.15657 0.22944 0.22322 -0.09071 -0.21364 0.13897 0.19344 -0.15645 0.01349 0.21299 0.18326 -0.23001 -0.31405 -0.28622 -0.31985 -0.11617 -0.23831 0.19752 0.03844 -0.34926 -0.35182 0.05173 -0.01403 -0.05093 -0.30510 -0.08362 -0.26889 0.19342 -0.10575 -0.13790 0.08525 0.11808 -0.00852 -0.27486
0.03206 -0.03233 0.20921 -0.08307 -0.25236 0.13572 0.21065 0.01824 0.00201 0.11756 0.05719 0.04305 0.16673 0.27132 0.24840 0.02238 0.29087 -0.11878 -0.24499 -0.13490 -0.14864 -0.07123 0.11640 0.19505 0.19976 -0.18661 0.14541 0.31505 0.24594 0.07492 -0.13158 0.10782 -0.27865 -0.25476 0.36147 0.13156 0.30497 0.28228 -0.11449 -0.16249
0.20065 0.07880 -0.17859 -0.14615 -0.16475 0.10080 -0.19872 0.04031 -0.12800 0.11669 -0.12864 -0.24806 -0.28797 0.32223 0.09658 0.26435 -0.05743 -0.35720 -0.20589 -0.28305 -0.03806 -0.14357 0.25631 0.27459 -0.05157 -0.36239 0.18534 -0.07195 -0.20920 -0.36294 0.33445 0.31181 -0.25687 -0.02910 0.03117 -0.05225 0.26841 -0.01947 0.30076 -0.20507
-0.30015 0.28112 -0.31618 0.04700 0.12253 -0.16297 0.30671 -0.00093 0.20288 -0.14359 0.10760 -0.08780 -0.18496 -0.05263 0.06994 -0.03595 -0.08685 0.00263 0.11682 0.24827 -0.04905 0.21507 0.18700 0.04591 0.17888 -0.09976 0.27469 -0.13457 0.09627 0.14481 -0.15586 0.16756 -0.16839 0.06413 -0.20598 0.19711 0.02052 -0.22877 0.27709 0.14805
0.22673 -0.11566 0.26076 0.24721 -0.23207 0.35472 -0.35039 0.36612 -0.24213 -0.32874 -0.22527 -0.06540 0.22933 0.06233 0.31558 -0.36738 -0.19083 0.07724 -0.06149 -0.02547 0.35092 -0.30390 -0.22637 0.20823 0.36206 0.19589 0.11782 -0.14298 -0.22706 -0.07844 0.40066 -0.16139 -0.40359 0.20016 -0.13494 0.08268 0.10339 -0.06478 -0.04990 -0.09632
0.17343 0.28325 0.14118 -0.03061 -0.30554 0.12490 -0.19105 -0.35643 0.31755 0.32961 0.21591 -0.10099 0.17652 0.06804 0.02193 0.12361 0.15835 0.13486 0.06024 -0.32533 0.34201 -0.42137 -0.06180 0.03205 -0.03101 0.06535 0.03882 0.43853 0.26436 -0.04314 0.39099 0.25533 0.19754 0.20302 -0.01071 0.15636 0.05129 -0.12307 0.00412 0.09907
0.28563 0.19378 0.17926 -0.20473 0.08928 -0.18045 0.36650 -0.16629 -0.34686 0.14390 -0.14346 0.42450 -0.43509 0.39693 0.30799 -0.09455 -0.10547 -0.34201 -0.01871 0.18561 -0.35400 0.18575 0.49876 -0.12719 0.26609 0.42619 0.33581 -0.40651 -0.17814 -0.22591 0.07403 0.32670 -0.45267 0.20715 -0.46641 -0.27535 0.34096 -0.15724 0.07653 -0.28891
0.10212 -0.16762 0.39682 0.23502 0.14301 -0.22861 -0.00690 -0.22433 -0.35766 -0.04317 -0.11084 -0.26230 -0.18429 0.42550 -0.21436 -0.10494 0.01544 -0.15935 0.01429 -0.43739 -0.22717 0.44816 0.32745 0.19202 -0.18990 -0.43145 -0.29174 0.26660 -0.36309 0.30057 0.18382 -0.30529 -0.26290 0.31663 0.26610 0.14451 0.09639 -0.23547 -0.43042 0.17620
0.17976 0.08435 -0.04410 -0.03135 0.01203 -0.19663 0.24235 0.15105 0.01137 -0.14530 0.21187 0.36728 -0.11607 0.12704 0.27484 0.03045 0.20596 0.07791 0.11595 0.37233 -0.41945 -0.05491 0.16472 -0.20600 -0.33117 0.04460 -0.10869 -0.31534 -0.39190 0.16429 0.19515 -0.09098 0.08584 0.39282 -0.18846 0.11066 -0.30583 -0.21879 0.11835 -0.00322
-0.35979 -0.09455 -0.05583 -0.27472 0.27930 0.23792 0.36465 0.37204 0.31119 -0.37080 0.09142 0.40805 -0.04384 0.06950 0.01033 -0.19030 0.28202 -0.09144 -0.16893 0.44385 0.09667 0.02184 -0.39772 -0.24402 -0.00904 0.13888 -0.07736 -0.03295 0.23297 -0.38282 0.29234 0.11411 0.14108 0.27472 0.38073 -0.33295 -0.41812 -0.28322 -0.33108 -0.28906
0.17918 -0.11198 -0.00498 -0.01745 -0.14563 -0.40041 0.30538 -0.15980 -0.01893 0.20100 0.18639 0.03221 -0.14816 -0.30453 0.21145 0.17996 0.29116 0.06159 0.04375 -0.30078 0.24027 -0.05286 0.21953 -0.22942 -0.23634 0.23888 0.00462 -0.27355 -0.34215 0.16466 -0.17815 0.15482 -0.06205 -0.16263 -0.23904 -0.08450 -0.06774 -0.06513 0.28233 0.46307
0.20784 0.05524 -0.22143 0.12143 -0.22148 0.26377 -0.17867 0.36647 -0.19844 -0.10440 -0.08905 0.25940 -0.37726 0.07962 -0.42778 -0.30927 -0.32703 -0.35297 0.21328 0.26318 -0.25354 -0.02958 0.12755 -0.07574 0.28961 -0.19702 -0.19253 -0.32398 -0.32203 0.01254 -0.32740 -0.02513 0.00085 0.33458 -0.33139 -0.32045 -0.06315 0.28802 -0.04120 0.38202
0.42123 -0.14002 -0.14918 0.36342 -0.10936 -0.10901 -0.01249 -0.08805 0.09411 -0.18880 0.20113 0.27010 -0.25377 -0.17413 -0.32527 -0.29562 -0.43630 -0.25304 -0.07567 0.30177 -0.09424 -0.12229 -0.31717 0.27497 -0.18979 0.04714 0.22919 -0.22066 0.24750 0.12422 0.37088 0.00145 -0.19294 -0.23331 0.24054 -0.09989 0.23137 0.24769 0.02782 -0.06356
0.05105 0.04290 0.15383 -0.13733 -0.05289 0.19892 -0.21208 -0.27413 0.13398 0.10097 -0.12664 0.22164 0.09741 0.02628 -0.07801 -0.09488 -0.31500 -0.29146 0.12343 -0.02628 0.22017 0.10232 -0.06301 -0.17530 0.05888 -0.36946 0.22136 0.16401 -0.19149 0.22638 0.32149 0.34452 0.03256 0.13129 0.10727 -0.12849 0.19678 0.19366 -0.14757 0.06903
-0.09668 -0.34618 -0.16017 -0.35679 -0.19099 -0.08730 -0.00902 0.36905 -0.06452 0.27367 -0.16999 -0.36940 -0.28379 0.14837 0.38059 -0.03365 0.28768 0.03940 0.16387 -0.17774 -0.04209 -0.34744 0.21325 -0.15493 -0.25206 -0.17503 -0.30084 -0.13189 0.03113 -0.01381 0.39520 -0.06714 -0.24340 0.34207 0.00914 0.30171 0.32999 0.27977 0.43563 0.28655
0.02458 0.09486 0.02811 -0.02888 -0.13058 0.04849 -0.02206 -0.15879 -0.12927 0.17218 -0.33128 0.14174 0.14448 0.12411 0.21327 -0.05386 0.14576 0.10257 -0.23369 0.17834 0.06796 -0.21771 0.26385 -0.18307 -0.14037 -0.33631 -0.16768 -0.17887 -0.14840 0.20961 -0.07093 0.02919 0.05853 0.04988 0.08204 0.12004 0.09654 0.01724 -0.02566 -0.20979
-0.14316 -0.00697 0.27816 -0.06411 0.00138 0.39741 -0.04440 0.07701 -0.02331 0.35346 -0.01652 0.08881 0.39890 -0.01146 0.01635 -0.26013 0.30963 -0.00729 0.20961 -0.01649 -0.08557 -0.12049 0.15264 0.28400 -0.23382 -0.36393 -0.26738 -0.18182 -0.23718 0.22334 0.03897 -0.06802 0.03178 0.17761 -0.19499 -0.32906 0.02183 0.10118 0.21221 -0.08643
0.29557 0.11377 -0.12087 -0.25828 -0.14811 -0.09111 -0.26385 0.01113 -0.15027 0.19968 -0.08280 0.26457 0.31397 -0.06131 0.19071 0.29969 -0.35995 0.15455 -0.34190 -0.19458 -0.33004 0.08547 -0.37601 -0.12456 -0.11645 0.21967 0.11402 0.33482 -0.29994 0.01727 -0.32788 0.37999 -0.20074 -0.14023 -0.14532 -0.20528 -0.24075 0.04998 0.05898 -0.13846
0.00196 -0.22758 0.15575 0.17800 0.14900 0.34572 -0.32013 -0.37029 -0.33981 -0.28563 0.26484 -0.39932 -0.02356 0.31901 -0.16303 0.10278 0.31613 0.21768 0.03536 0.06928 -0.04782 -0.38138 0.01020 0.09361 0.09879 0.37464 0.28681 -0.29842 0.14219 0.02225 0.20705 0.30300 -0.00468 -0.37996 0.08275 -0.03650 -0.36627 -0.30700 -0.32860 -0.28791
0.08496 0.21222 -0.05367 0.18942 0.01757 -0.40345 0.02525 0.37658 -0.09904 -0.40658 0.09433 0.32948 0.20729 -0.24869 0.14159 -0.15656 0.26156 0.00764 0.06162 -0.35520 0.20641 -0.12193 -0.01893 -0.32584 -0.25671 0.04238 -0.14623 0.15758 0.24593 -0.23978 0.00284 -0.37657 0.03557 -0.03364 0.28896 -0.25109 0.05414 -0.21608 0.02956 0.20839
-0.16000 0.30910 -0.00988 0.15214 0.11027 0.17249 -0.02708 -0.19406 0.05079 -0.17091 -0.21848 -0.33280 0.02911 -0.16336 -0.18566 0.20248 -0.13140 -0.26497 -0.22917 -0.12323 0.17002 0.22937 -0.29774 -0.21317 -0.05494 0.20195 -0.00563 -0.08222 0.24733 -0.24941 -0.03783 0.16041 -0.33788 0.15616 0.18877 -0.05879 -0.08286 0.04768 -0.00403 0.17947
-0.17914 -0.02747 0.27556 -0.31307 -0.17831 0.02714 0.09784 0.18813 0.07619 0.16433 -0.06960 -0.05759 -0.35374 0.10263 -0.32232 0.18096 -0.06902 0.12241 0.12682 -0.27878 0.18687 0.06064 0.17897 -0.13750 0.38818 -0.28867 -0.04629 0.20032 -0.35481 0.14790 0.23254 -0.20933 -0.23931 -0.05536 0.00572 0.25064 -0.10712 -0.12083 0.12511 -0.17066
-0.40001 0.22189 0.11912 0.28356 -0.27842 0.10485 -0.27653 0.11853 -0.06305 -0.25256 -0.06206 0.25220 -0.03056 0.10968 0.04688 -0.14458 -0.18251 -0.35029 0.03816 -0.06513 0.31673 0.34342 -0.31348 -0.16892 0.08365 -0.29673 0.07631 -0.08070 -0.19022 0.28577 -0.30006 -0.26669 -0.17154 -0.42217 0.27317 -0.01772 -0.37265 -0.02761 -0.00576 0.08734
0.20488 0.15800 -0.03945 -0.27840 -0.27345 -0.22491 -0.26733 -0.21066 0.11028 -0.12966 -0.29117 -0.14097 0.24861 -0.03957 0.01256 0.21677 -0.10081 -0.11989 -0.31849 -0.30817 -0.14671 -0.24983 -0.33845 0.16334 0.23019 0.11655 0.14321 0.11155 -0.00748 0.25665 0.29090 0.03300 -0.20144 0.23930 0.04686 -0.14018 -0.18063 0.11094 -0.06427 0.27686
0.10625 -0.34834 0.02050 0.18259 0.21316 -0.12330 0.40142 -0.00824 0.34133 0.31083 0.14810 -0.24134 0.17027 -0.09689 -0.20986 0.07996 0.37905 -0.12064 0.24549 -0.11995 0.24997 0.12558 -0.10386 -0.34576 0.31882 -0.35069 0.42356 -0.07543 0.31334 -0.13656 0.26034 -0.00393 -0.27638 0.18342 -0.04832 -0.07763 0.16437 0.25146 0.14585 -0.00159
0.28256 0.18893 -0.31016 -0.37523 -0.16060 0.12154 -0.17317 -0.11492 0.36112 -0.27976 -0.37628 -0.29512 -0.24514 -0.17460 -0.32905 -0.34190 0.17180 0.20629 -0.09117 -0.40836 0.13538 -0.41369 -0.43637 -0.43903 0.42743 0.17966 0.26279 -0.13107 0.10694 -0.33347 0.37216 0.32057 -0.29448 0.30701 0.09474 -0.02470 0.15028 -0.34143 0.04488 0.06078
0.36488 -0.21537 0.10667 -0.21411 -0.24550 -0.09538 -0.32944 0.16646 -0.36994 0.12040 -0.15504 0.17445 -0.08941 -0.39034 0.12512 -0.37536 -0.31234 -0.15314 0.07359 0.06718 -0.20854 0.41712 0.31768 0.23170 -0.31894 0.32300 0.22430 -0.47585 -0.23683 -0.07865 0.07647 0.34433 -0.07302 -0.27559 0.04158 0.13818 -0.16353 -0.10216 0.37867 0.01530
0.40423 0.26715 -0.21406 -0.23048 -0.04442 0.34085 0.00160 -0.41048 -0.09945 -0.38516 -0.26347 -0.01797 0.11464 -0.20935 -0.43980 0.18083 -0.23444 0.10102 -0.40176 0.14659 0.30570 -0.06670 0.09525 0.04002 0.01565 0.31085 -0.03457 -0.30498 0.32053 0.12465 -0.18200 0.16993 -0.17735 -0.21528 0.40437 -0.08779 0.14709 -0.38107 0.16903 -0.28250
0.24649 0.10168 0.01090 0.34509 -0.07962 0.05569 0.13416 0.18235 -0.15246 -0.02485 0.11271 0.00584 0.25890 -0.42751 0.01458 -0.33069 -0.09262 0.24065 0.12054 -0.41927 -0.25613 0.03184 0.04060 0.17923 0.35507 -0.10206 -0.36072 0.08124 -0.25025 -0.04690 0.22510 0.37987 -0.36804 -0.00005 -0.19815 -0.25301 0.08850 0.14482 0.17362 -0.22576
-0.25700 0.03065 0.18442 0.12205 0.15479 -0.11479 -0.37160 0.26093 -0.03913 -0.27049 -0.27624 -0.06137 -0.10450 -0.23967 -0.23426 0.20004 -0.35206 0.39533 -0.11231 -0.36519 -0.11292 -0.05903 0.28466 0.41977 0.29155 0.44767 0.21951 -0.03991 0.18444 0.19664 -0.05147 0.35796 0.19035 -0.29495 -0.18499 0.22604 -0.01851 -0.07898 0.21431 0.34097
-0.22704 -0.16906 0.06993 -0.02234 -0.34107 -0.06990 0.28056 0.34582 0.10346 0.00259 0.21945 -0.13592 0.24904 -0.01770 0.09987 -0.20804 -0.43784 -0.11024 0.22041 -0.02327 0.29254 0.35411 0.08365 -0.41954 -0.34064 0.00879 0.21924 -0.21928 -0.15753 -0.09856 0.27449 0.05412 -0.03919 0.07698 0.34667 0.18466 0.01595 -0.09794 -0.36377 0.21658
-0.01818 0.13622 -0.09621 0.09965 0.37114 -0.08155 -0.14628 -0.06412 0.35900 0.13904 0.20693 -0.14226 0.05372 0.00959 -0.15258 0.03988 0.03037 0.19629 0.18730 -0.01543 -0.31142 -0.12009 -0.29619 0.10545 -0.36321 0.50783 -0.23934 -0.15037 0.10861 0.23280 -0.27431 -0.01886 -0.17266 0.01199 0.30234 0.22216 -0.10846 0.42998 -0.17869 0.26352
-0.06494 0.02531 -0.21815 -0.08007 0.30449 0.23972 -0.06375 0.21239 -0.22177 -0.10349 0.25606 -0.35226 0.07863 0.00565 0.21183 -0.22733 -0.00204 0.17138 -0.26522 -0.43964 0.16122 -0.27780 0.34395 0.31249 0.08624 -0.20960 -0.36029 -0.27177 -0.38103 0.30514 -0.23294 0.21694 -0.21986 0.03588 -0.38773 0.34527 -0.16026 -0.22270 0.39358 -0.34993
-0.30433 0.22637 -0.26988 0.19583 0.01172 0.34622 -0.10229 0.29947 -0.14743 -0.19151 0.21067 0.01997 -0.02502 -0.02192 0.12768 0.31105 -0.31656 -0.16891 -0.08448 -0.42612 -0.29750 -0.08910 0.04804 -0.20838 0.17197 -0.08114 -0.25467 -0.08244 -0.06344 -0.24311 -0.25536 0.08631 0.12378 0.09977 -0.18934 0.33574 -0.31674 0.12016 -0.26469 -0.35337
0.18704 -0.04837 -0.21525 0.39270 0.30767 0.37254 -0.41429 -0.18282 0.25097 0.09054 -0.40461 -0.42104 -0.25210 0.20075 0.25312 -0.31048 -0.19726 -0.07338 0.29229 -0.04383 0.01240 0.26952 -0.06879 0.28813 0.23491 0.11609 -0.03498 0.25632 0.28483 -0.13491 -0.34895 0.16355 0.02790 -0.20962 -0.36689 -0.29541 0.26101 -0.04045 0.37556 -0.03140
-0.11561 -0.06051 -0.23195 -0.18834 0.11687 -0.16685 0.22374 -0.30292 0.18007 -0.11652 0.03457 0.09666 0.16787 0.36234 -0.10502 -0.16183 -0.47443 -0.37205 0.07755 -0.25094 -0.00155 0.39055 -0.01173 0.34378 0.33218 0.32394 0.03772 -0.24600 -0.35589 -0.09278 0.29487 0.01949 -0.01158 0.06223 0.46422 0.25233 -0.21792 0.05005 -0.12999 0.02889
0.23337 0.06406 0.25380 -0.06599 -0.17696 -0.05186 -0.11981 -0.12905 0.15532 0.02341 -0.28792 0.06209 -0.27859 -0.04452 -0.17292 0.10950 -0.12252 -0.03964 -0.29324 -0.19167 0.03967 0.29652 -0.06337 -0.23992 -0.18505 0.30320 -0.10440 -0.28803 0.18512 0.21054 -0.04848 0.06912 0.10486 0.20976 -0.19036 -0.18301 -0.21972 0.12176 0.16946 0.05850
0.22261 -0.30026 -0.14715 0.03060 -0.04735 0.07042 0.09304 0.09356 0.24693 -0.03480 0.27641 -0.12275 0.00614 0.03435 -0.27905 -0.20296 -0.49180 -0.26937 -0.20823 -0.08309 -0.01159 -0.21072 -0.04444 -0.08782 -0.46445 -0.27698 0.15434 0.06907 0.19855 -0.35034 0.20079 -0.03468 0.01792 0.09920 0.23320 -0.15900 0.03264 0.37985 -0.22999 0.31140
-0.11123 -0.07849 0.26337 0.22510 0.01183 -0.27126 -0.14938 0.20479 -0.11548 -0.03346 -0.16068 -0.30459 -0.11297 0.02497 0.44726 -0.15389 0.03551 -0.05972 0.34666 0.17174 0.18529 -0.27362 0.14341 -0.01880 0.05237 -0.18459 -0.14922 0.10942 -0.22720 -0.29160 -0.11345 0.16828 0.11613 0.15264 0.01782 0.06512 0.05502 -0.24260 0.14084 0.26090
-0.51100 0.15670 0.23880 -0.14049 0.01304 -0.42121 0.00036 -0.22935 0.03127 -0.18431 -0.24170 -0.21885 -0.16555 0.23340 0.28070 -0.04580 0.30856 0.15076 0.27603 0.01751 0.17418 0.13373 0.23959 0.13801 0.22478 0.07597 0.17827 0.09420 -0.03664 -0.12614 -0.22353 -0.19079 0.27875 -0.08686 -0.18487 0.37215 0.18151 -0.26168 -0.04248 0.05679
-0.03939 0.31911 -0.16900 0.28277 -0.32669 0.23537 0.10336 -0.34993 0.38909 0.34171 -0.20219 -0.14923 -0.15208 0.22557 -0.19487 0.01940 0.21346 -0.28505 -0.24873 -0.27203 0.48492 -0.25897 -0.18321 0.34217 0.25566 0.03009 0.30596 0.48075 0.17461 -0.20688 0.47884 0.04730 0.06536 0.35492 -0.30325 -0.28958 0.35347 0.25284 -0.19650 0.25848
0.35491 -0.06936 -0.17285 0.09811 0.02137 0.10442 0.18444 0.12864 -0.26917 -0.35813 0.43296 0.01834 0.10082 0.06595 -0.14604 0.00175 0.12799 0.12768 -0.16477 -0.17528 0.02343 0.13982 0.04155 -0.23856 0.10576 -0.31513 0.10323 0.20398 0.05648 -0.10416 0.25314 -0.12950 -0.11789 -0.26146 -0.27295 0.00505 0.08944 -0.22511 0.21939 0.01918
-0.23487 -0.30903 0.26558 -0.06637 0.08454 -0.00698 -0.25838 -0.04796 0.37308 -0.34260 -0.11241 0.15116 -0.08604 0.03830 -0.02117 0.03014 0.35180 -0.37959 -0.19200 0.16551 -0.20495 0.25930 0.24883 0.26147 0.23582 -0.15752 -0.35684 -0.09062 -0.11666 -0.15798 -0.01161 -0.10109 0.16176 0.15753 0.16669 -0.05037 -0.26308 -0.25399 -0.28051 -0.25941
0.31308 -0.14403 0.06559 -0.23682 0.07142 -0.00220 0.17415 -0.27374 -0.01268 0.04231 -0.36325 0.36156 0.32530 0.18131 0.25864 0.03139 0.24867 -0.23601 0.07062 -0.20705 0.13370 0.14084 0.18698 0.04771 -0.27166 -0.07779 0.31375 0.18056 0.14792 0.11686 -0.19620 0.20209 0.10072 -0.16711 0.22466 0.27221 -0.18362 0.21579 -0.21285 -0.26051
-0.26280 0.24103 0.06817 0.22305 -0.27748 0.31990 -0.02542 -0.31240 -0.04085 -0.10213 -0.34341 0.51295 0.31146 -0.16401 0.15055 -0.26567 0.22492 0.31701 0.08834 0.11730 0.02037 0.14547 0.00344 0.18206 -0.09332 -0.10253 -0.14788 0.27473 -0.38137 -0.08308 -0.32464 0.27500 0.31976 0.10525 0.32031 -0.08424 0.21128 0.09005 -0.19116 -0.28266
0.38156 -0.30061 -0.41898 0.22744 -0.27095 0.21375 -0.08409 -0.25096 0.26543 -0.35125 -0.36068 -0.37229 -0.07838 0.23751 -0.06982 -0.16038 -0.24753 0.07793 -0.30876 0.14229 -0.19665 0.19877 0.23859 -0.09863 -0.36455 -0.04645 -0.13992 -0.00327 -0.00687 0.11432 -0.00938 -0.27145 0.41563 0.00919 0.11507 0.21889 0.02265 0.28479 0.04576 0.44980
0.25354 0.08594 -0.22075 0.21031 -0.26852 -0.20478 -0.19705 0.06165 0.03091 -0.44940 0.25215 0.36562 -0.36711 0.10811 -0.07724 -0.04704 0.07875 0.35151 0.17733 -0.05096 -0.11605 -0.13861 -0.23022 -0.15077 0.41405 0.12946 0.41708 0.11931 0.21234 -0.21292 0.05704 -0.33885 -0.12899 -0.20112 -0.04213 0.47872 -0.22264 -0.19138 0.00892 0.13159
0.21635 -0.14387 -0.04617 -0.24988 -0.35550 -0.17108 0.00322 0.13522 0.35891 0.02750 0.32250 -0.10602 -0.33425 0.18459 -0.09023 -0.35916 -0.16607 -0.01878 -0.26237 -0.26397 0.22801 0.36570 0.33411 0.20726 0.37172 -0.32560 0.07867 -0.40138 -0.03611 0.30804 0.19053 0.20064 -0.03673 0.05232 -0.00988 0.35793 0.17747 -0.34459 -0.20582 0.25587
0.19357 0.26070 0.01475 0.05143 0.15199 -0.06505 0.14625 0.41498 0.27811 0.11281 0.06159 -0.05734 0.06340 0.10792 -0.04220 0.25836 -0.05819 0.04933 0.14228 -0.04710 -0.25398 -0.26677 0.12977 0.28830 0.24803 -0.11172 0.07459 0.05049 0.17501 0.29132 0.21374 0.03548 0.28527 -0.13189 0.07073 -0.29844 -0.10731 0.20510 -0.07438 -0.08005
-0.19412 0.35861 -0.26131 -0.18928 0.30068 0.31577 0.17198 0.23790 -0.07779 0.29633 0.09836 0.29809 0.28549 -0.12930 -0.15586 -0.06412 -0.21270 0.28082 0.29214 0.30991 0.18727 -0.11846 0.11811 0.11752 0.27756 0.42388 0.09927 -0.12757 -0.32255 -0.02688 -0.19975 0.05175 0.00209 0.04588 -0.27790 -0.01663 -0.08023 0.05618 0.44820 0.28068
0.15800 0.34328 -0.10423 0.01933 -0.17440 -0.06213 -0.08407 0.20094 0.28348 -0.03257 -0.01054 -0.02866 0.24649 -0.02106 0.24884 -0.15378 -0.19773 -0.11580 -0.32999 -0.17547 0.18750 -0.13954 0.10592 -0.29839 0.31920 0.15409 -0.26386 0.39313 0.13890 -0.03782 -0.24419 -0.16321 -0.26809 0.14205 -0.00285 0.23318 -0.04111 0.44084 0.33862 0.27152
0.33146 -0.20117 0.00012 0.01137 0.04835 -0.25541 0.14166 -0.28013 -0.22065 -0.01607 0.12570 -0.06510 -0.32592 0.22355 -0.10557 -0.06774 -0.08639 0.24367 0.24169 0.16832 0.35431 0.22749 0.27868 -0.21884 0.16192 0.41912 -0.11974 -0.03962 0.32339 0.16413 0.22120 0.18667 0.05831 0.17308 -0.39178 -0.08113 -0.34071 -0.19237 0.18740 0.16645
0.11728 0.19207 -0.13019 -0.00185 0.17542 -0.02065 -0.27980 -0.03837 -0.02659 0.08784 -0.12149 0.26210 0.16325 0.19784 -0.18258 -0.28197 0.32725 0.45056 -0.32584 -0.26376 0.02875 0.08607 -0.26260 -0.06465 0.03363 -0.01472 -0.17074 0.33854 -0.06112 -0.07190 -0.38809 0.08683 0.36855 -0.08975 0.08025 -0.06650 0.39602 0.11688 0.09202 -0.13427
-0.12242 -0.25403 -0.11060 0.09646 -0.14557 0.39569 -0.20209 0.16894 -0.22839 0.29502 -0.10187 0.04598 -0.37816 0.00727 -0.42489 0.00382 -0.08418 0.05919 0.02943 -0.34938 -0.21534 0.42757 -0.18409 -0.28806 0.17778 0.00533 0.16342 -0.05172 0.37007 -0.37979 0.45266 0.34567 -0.14797 -0.14492 0.12041 -0.07522 0.26131 0.14110 0.16705 -0.20076
-0.22003 0.37898 -0.40525 -0.01761 0.17122 -0.12582 0.02302 -0.21609 0.35131 -0.27148 0.15415 0.06578 -0.09729 -0.10673 0.04719 -0.00575 0.02198 -0.16041 0.22577 0.07045 0.06827 0.24672 -0.08095 0.00387 -0.00772 0.17589 0.12575 0.10743 0.02940 0.02898 -0.12621 0.11290 -0.16371 -0.05178 -0.18735 -0.02943 0.03516 -0.05607 0.18783 0.29916
0.13430 -0.01668 0.07168 0.34052 0.13320 -0.25957 -0.37411 0.00686 0.00681 -0.05257 -0.08517 0.33455 -0.02242 0.31862 -0.20823 -0.12917 -0.40593 -0.19973 -0.08201 0.02135 0.05256 0.04597 -0.07385 0.03056 0.22628 -0.07767 -0.26397 0.14527 -0.13900 0.41249 -0.24494 -0.42982 -0.11762 -0.05431 0.25071 -0.14626 -0.30120 -0.04910 0.03996 -0.19857
-0.11203 -0.01695 0.23592 0.19684 0.24161 -0.26135 0.36465 0.14392 -0.36924 -0.12387 -0.16686 -0.01973 0.25067 -0.22646 -0.23246 -0.38084 -0.19267 0.09381 0.02565 0.02560 -0.13381 0.17250 -0.40476 -0.23358 0.17783 0.09172 -0.14474 -0.12693 0.13185 0.41535 -0.10764 -0.03496 0.06101 0.25801 0.03816 -0.31788 0.08724 -0.22029 0.33000 -0.18900
0.25223 -0.06533 -0.02313 0.25187 0.05149 0.09235 0.03578 0.18202 -0.15706 0.26975 0.21540 -0.10803 0.33198 0.25289 -0.34949 -0.05485 -0.00610 -0.25629 -0.11988 0.16698 -0.10103 0.06881 -0.25339 0.26773 -0.07558 0.05654 -0.03413 -0.08100 -0.18755 0.06111 -0.04656 -0.03779 0.08313 0.27826 -0.11511 0.02630 0.13344 0.28987 -0.15515 -0.10243
0.14291 0.41840 -0.23000 -0.01083 0.10344 -0.20980 -0.03735 0.21080 -0.24348 0.15896 0.25644 0.26949 0.27087 0.17724 -0.17940 0.11211 -0.01951 -0.10000 0.27824 0.04846 -0.10454 -0.04063 -0.27406 0.02020 0.26161 -0.11046 0.03220 -0.03618 -0.01876 0.08450 0.08608 0.07322 -0.09841 0.21363 0.10530 -0.31791 0.04026 0.21065 0.36965 -0.26715
-0.39971 0.15820 -0.41698 -0.30668 -0.04083 0.27575 0.16334 0.31851 -0.01452 -0.11016 0.02343 -0.07992 -0.22282 0.38471 0.22489 0.14113 -0.05507 0.16327 -0.00071 -0.22392 0.19535 -0.01528 -0.04506 -0.26030 0.13382 0.33668 -0.22139 0.39082 -0.23253 -0.25071 -0.07052 -0.32960 -0.22612 -0.22854 -0.09953 0.23997 -0.12963 0.08253 0.42984 -0.27423
0.33118 -0.47640 -0.32252 0.23393 0.28374 0.08131 -0.30967 0.10634 -0.08096 -0.25905 -0.17138 -0.22064 0.41956 -0.38618 0.08972 -0.31402 -0.03696 0.07617 0.24636 0.13803 -0.36817 0.11470 -0.07087 0.16496 -0.31344 0.09306 -0.11519 0.39817 0.14616 -0.42797 -0.06410 0.19345 0.08169 -0.12170 0.08010 -0.28115 0.21956 -0.35977 0.16620 -0.00809
-0.19338 0.03422 0.06385 0.13185 0.15442 0.20887 -0.11927 -0.12844 -0.24863 -0.19723 0.33051 0.23742 0.12451 -0.16382 0.10521 -0.34105 0.09895 -0.29474 -0.34946 0.03316 0.14470 -0.00475 -0.14585 0.27070 0.06078 -0.38009 0.03862 -0.17201 0.27024 0.14023 0.38597 0.29651 -0.15785 0.16548 -0.14202 -0.19551 -0.01752 0.08993 -0.30223 0.14108
0.10182 0.30236 -0.16362 -0.12312 -0.16101 0.39621 0.21578 -0.25999 -0.28302 -0.27814 0.13848 0.11124 -0.01709 -0.14873 -0.24354 0.12504 0.39241 0.16058 0.33210 -0.04588 0.10988 0.02698 0.12390 -0.18082 -0.00535 0.24708 0.07285 0.01137 0.06209 0.33571 -0.14642 -0.25352 -0.27492 -0.18573 -0.18753 -0.14204 -0.18727 0.32628 0.14039 -0.18070
-0.15985 -0.07127 -0.20448 0.23656 -0.38233 -0.09266 -0.33552 -0.28259 -0.00922 -0.22915 0.24001 0.32697 0.10008 0.05171 0.27115 -0.25745 0.37555 0.06659 -0.24712 -0.06995 -0.31261 -0.21572 0.35396 -0.07772 -0.06833 -0.16869 -0.51754 -0.07898 -0.30393 0.21906 -0.32129 -0.21904 -0.04589 0.35956 -0.12440 -0.12554 0.25348 0.19219 -0.08391 0.10215
0.01979 0.10799 -0.35831 0.00741 -0.34892 -0.23333 0.26789 0.11963 0.00704 0.04424 -0.14642 -0.18332 0.09035 0.15631 -0.27955 -0.43369 -0.04125 0.32620 0.14870 0.00867 -0.01816 0.23692 0.13130 -0.28819 -0.29911 0.33745 -0.02687 -0.17184 0.34209 -0.16640 -0.13723 0.08745 0.22846 -0.14192 0.00491 0.28874 0.28846 0.13923 0.30181 0.19690
-0.01142 0.03730 0.04370 0.34790 0.28391 0.12228 0.34075 -0.08942 -0.21337 -0.02312 0.09805 -0.17377 -0.14340 -0.23067 -0.16903 -0.08254 0.08698 -0.18691 -0.20389 0.20081 -0.09019 -0.05201 -0.17809 -0.07240 0.24154 0.08822 -0.26327 0.07415 -0.32083 0.13503 -0.05415 -0.00318 -0.01889 -0.14644 0.26055 0.14975 -0.14718 0.10030 -0.26279 -0.18239
0.17706 -0.03916 -0.21978 0.36971 -0.22160 0.27420 -0.12770 0.15933 0.20687 0.21060 -0.36665 -0.32867 -0.18034 0.26442 0.30509 0.31650 0.09572 0.18387 0.00567 -0.24319 -0.38676 0.31788 -0.28028 -0.24323 0.05648 -0.24730 -0.05340 -0.17139 -0.30349 0.13068 -0.11190 -0.31454 0.25415 0.06125 -0.34972 -0.18182 0.36739 0.14679 -0.26220 0.24453
-0.03044 0.45770 -0.29423 0.05178 0.40093 0.29418 0.14401 0.27353 0.06637 0.31216 0.15539 0.06939 -0.27143 -0.02531 -0.26596 0.05725 -0.22878 -0.05528 0.18749 0.12502 -0.12395 0.30586 0.25414 -0.24339 -0.03115 -0.20487 -0.05128 -0.20982 0.20574 0.10879 -0.25094 0.30884 -0.09061 0.08004 -0.02225 0.18614 -0.17652 0.30919 0.10767 0.09939
0.14684 0.40454 -0.09933 -0.30055 0.38444 0.26245 -0.16589 -0.31065 -0.40169 -0.34973 0.08298 -0.26971 -0.29602 -0.10321 -0.32087 -0.13886 0.08112 -0.22862 0.00902 0.10926 -0.18901 -0.19762 0.06318 -0.02601 -0.03555 -0.23905 -0.09836 -0.09702 0.22834 0.10957 -0.01018 0.00798 0.06836 -0.42966 0.15715 0.08236 0.09089 0.22252 0.08717 -0.03515
0.22048 -0.32075 0.31407 -0.17044 0.23824 -0.17607 -0.19309 -0.20164 0.10023 0.15449 0.18556 -0.29070 0.06637 0.04380 0.16531 -0.24037 0.26002 -0.38134 -0.16191 -0.06189 -0.22722 0.08434 -0.28992 0.06734 0.11401 -0.33849 -0.04128 0.20718 -0.23598 -0.14516 -0.02259 0.30727 -0.03734 0.21293 0.26274 -0.00220 -0.22425 0.08970 -0.08988 -0.29234
0.06047 0.07189 0.20727 0.07164 0.03349 0.14917 -0.18416 -0.02343 -0.32992 -0.20148 -0.26088 0.29308 0.32388 -0.14075 -0.19512 -0.31847 0.26457 0.22440 0.03552 -0.28929 0.09261 0.12389 -0.16623 -0.29781 -0.25672 -0.06611 -0.12659 0.25190 0.31936 -0.05299 0.02979 0.34117 0.23459 0.05944 -0.05774 0.00513 -0.22305 -0.00807 0.02413 -0.34056
-0.03270 0.10526 -0.23360 0.22311 0.32855 -0.12621 0.07641 0.19390 -0.10168 -0.28142 0.00568 -0.16257 -0.16240 0.09273 -0.24268 0.24187 -0.16558 0.25120 -0.16899 0.15167 0.23414 -0.02769 0.13534 -0.35261 0.20785 0.31212 0.14113 -0.32360 0.17653 -0.05205 0.06112 -0.05823 0.20356 0.23545 -0.11449 0.04221 -0.29960 -0.22666 -0.09029 0.30365
-0.27323 -0.04307 0.33491 0.28580 0.31448 -0.05191 0.07618 -0.20017 0.07296 0.09972 -0.30009 0.12012 -0.16008 -0.06022 -0.41464 -0.30610 -0.30335 0.37907 -0.05971 -0.08035 -0.03024 -0.33079 -0.05154 -0.12081 -0.02579 0.10151 0.30834 0.11069 -0.00392 0.35957 0.27279 0.13110 0.01857 0.19118 -0.12153 0.28073 -0.29677 0.22677 -0.31137 0.35579
-0.20294 -0.23525 -0.08013 -0.04687 0.03115 0.23995 -0.11935 -0.03532 -0.27740 0.24847 -0.39987 -0.01364 -0.11992 -0.24403 0.37534 -0.03349 0.01492 -0.18151 0.13171 0.05070 0.09616 -0.29233 0.13265 -0.11181 -0.41783 -0.39601 -0.29053 -0.02681 -0.33573 0.10802 -0.22332 -0.16071 0.04725 -0.05974 0.16408 0.00790 0.06665 0.14747 -0.08931 -0.02643
0.25937 -0.03120 0.30662 0.04164 0.27262 0.30021 0.42920 0.19852 -0.24777 0.02671 0.31096 -0.03013 0.21426 -0.07462 -0.17381 -0.29283 0.15953 -0.06731 -0.04146 -0.15826 0.02291 0.31679 0.26030 -0.17853 0.04945 -0.35968 0.21175 0.26604 0.19246 -0.03836 0.01636 0.28638 -0.02599 -0.07519 0.18140 0.00853 -0.42689 -0.00175 -0.25614 -0.04510
-0.11483 0.02341 -0.31183 0.22347 -0.07858 -0.37106 -0.17386 0.02970 -0.29143 -0.03975 0.12282 -0.10697 -0.17543 -0.16465 -0.29862 0.15877 0.06981 0.15877 -0.31325 0.27607 0.05230 0.27607 0.09715 0.09192 0.13356 0.31909 -0.13406 -0.22329 0.36887 0.24869 -0.10289 0.24422 -0.20165 0.29909 -0.18075 0.17439 0.18957 -0.30795 -0.19296 -0.06036
-0.04559 0.12673 0.11762 0.12004 0.05582 0.09472 -0.28897 -0.20519 0.16800 -0.18656 -0.40869 0.25383 0.14065 0.21118 -0.28753 -0.17173 0.05852 -0.23995 -0.17217 0.30031 0.20331 -0.22094 0.14241 -0.24552 0.24692 -0.33247 -0.03422 -0.21565 -0.28236 0.12227 0.19155 0.15681 0.25975 0.32180 -0.39062 0.15832 0.01409 0.07146 -0.09437 0.10408
0.03364 -0.20424 0.01941 -0.17244 0.09580 0.00309 0.13138 -0.19333 0.20494 0.18323 0.20568 0.01904 -0.28809 0.36550 0.11404 -0.16445 0.05821 -0.41389 0.04996 -0.39028 -0.03673 0.28097 -0.12278 -0.27732 0.25109 -0.28536 0.19819 -0.28112 -0.01887 -0.11763 -0.01467 -0.00521 -0.11304 -0.12026 -0.03560 -0.34269 -0.27468 0.29154 -0.14721 0.05388
-0.27489 -0.16255 -0.22234 -0.25899 0.12990 0.17644 0.27402 -0.30533 0.36424 0.10267 -0.14140 -0.29848 0.12587 -0.26532 -0.23815 -0.07312 -0.27277 0.10777 -0.20954 0.21850 -0.09779 0.19867 0.13711 -0.23653 -0.11039 -0.02817 -0.24117 -0.04093 -0.07587 -0.08342 -0.18494 -0.24241 0.19358 0.21973 -0.07443 0.29179 0.43004 0.31220 0.22347 -0.13237
-0.13521 0.05389 0.18966 0.10485 0.06386 -0.07589 -0.16224 0.28590 -0.05714 -0.11227 0.23044 -0.28160 -0.23017 0.17605 0.19810 -0.31796 0.27640 -0.30017 -0.37342 0.34752 0.16922 0.11338 -0.18625 0.17261 0.09758 -0.03601 -0.30237 -0.30618 0.14284 0.20298 0.23471 -0.11016 0.23634 0.36953 -0.37848 -0.17599 -0.27616 0.36505 0.04723 -0.16002
0.18154 0.10739 0.37082 0.28550 0.29591 0.36679 -0.13214 0.09372 0.12181 -0.41165 -0.10043 -0.21260 0.12791 0.07154 0.13197 -0.29561 -0.22133 -0.04939 0.09260 0.02385 -0.28303 -0.34953 0.39104 -0.30722 0.16297 0.19660 -0.23063 -0.28064 -0.21342 -0.32153 0.24659 -0.09889 -0.11711 0.29776 0.26757 -0.28253 0.33484 0.05276 0.24084 -0.32023
0.24357 -0.11210 -0.02084 -0.04151 -0.39913 -0.10904 0.12355 -0.12597 0.36752 -0.05216 0.13625 -0.34009 -0.04040 -0.00997 0.25696 -0.20207 0.23698 0.00973 0.00284 0.36943 0.34152 -0.14328 0.46378 -0.10010 0.18407 -0.00336 0.00628 -0.11043 -0.13059 0.19690 0.18888 0.07240 -0.03836 -0.01337 0.15671 0.25836 -0.25428 -0.06213 -0.06495 0.01514
-0.18394 -0.13269 0.16937 0.07631 0.04401 0.05576 0.23850 -0.08524 0.07444 0.19113 0.17235 -0.33206 -0.27943 0.34949 0.14846 -0.13915 0.27857 0.12048 0.35071 0.25155 0.04180 -0.07373 0.39826 -0.24548 -0.10024 0.13234 -0.19054 -0.04412 0.08798 -0.16258 0.07787 0.16214 0.13128 0.26767 0.03254 0.01765 -0.20116 0.08618 -0.34360 -0.07588
0.29283 0.27265 0.12907 -0.00772 -0.46955 -0.20804 -0.08078 -0.15024 0.31224 0.30904 0.33379 0.19380 -0.01898 -0.36493 0.02699 -0.09912 -0.12020 0.37530 0.32202 0.26240 0.02824 0.01042 0.40909 0.16085 -0.12009 -0.06573 0.25434 -0.16974 -0.21893 -0.11406 0.04079 -0.19458 0.21353 0.09739 -0.08114 -0.18638 0.04902 0.14934 -0.14913 0.10601
-0.04053 -0.29277 0.10886 -0.31773 -0.21653 0.01833 -0.20381 -0.28194 0.24803 0.27505 -0.00243 0.09077 -0.42531 0.34332 0.07240 -0.27991 -0.04240 0.00029 -0.20030 0.17657 0.00152 0.13975 0.14868 -0.02941 0.19153 0.15857 0.17265 0.20952 -0.06212 0.17376 0.19569 0.22860 0.13384 0.08515 -0.12061 -0.07288 0.13210 -0.14709 0.08712 0.34989
-0.07415 0.09095 -0.17985 -0.07754 0.32748 -0.21206 -0.15498 0.00967 0.23936 -0.01724 -0.15576 0.10262 0.21594 -0.02793 -0.08354 -0.17145 -0.18919 0.13968 0.08356 -0.23332 -0.10571 -0.04284 -0.34351 0.05623 -0.39022 0.41023 -0.25173 -0.21769 0.08681 0.02310 -0.07925 -0.22867 -0.11064 0.13776 0.25064 0.17742 0.12262 0.24917 -0.07621 0.14935
-0.04212 -0.30559 -0.20203 -0.35049 0.36933 0.28076 0.34696 -0.08144 -0.04707 -0.25717 -0.36319 0.02644 -0.30042 -0.18809 0.12887 0.19828 -0.21914 0.04954 -0.01237 0.19754 -0.02007 0.00807 0.23038 0.28277 0.13769 -0.27536 0.26474 -0.05463 -0.07604 0.17097 -0.22974 0.09558 0.33668 0.22015 0.36059 -0.19442 0.06455 -0.06368 0.17436 0.06090
-0.27219 -0.03115 -0.11073 -0.24121 0.23642 -0.00807 -0.37558 0.03733 -0.07080 -0.41383 -0.22335 -0.26988 0.07895 -0.28879 0.32098 -0.05644 0.26069 0.13299 -0.11957 -0.25869 0.35030 0.04810 -0.19848 -0.29856 0.24052 -0.38890 -0.47436 0.15143 -0.37010 -0.32399 -0.04868 -0.39462 -0.02857 0.37386 -0.38907 0.05896 0.02466 0.12731 -0.17911 0.39549
0.00258 0.21597 0.33291 0.28247 0.08444 -0.06322 -0.23411 -0.00356 -0.07704 -0.18903 0.20069 0.35780 -0.10005 0.20936 -0.13508 0.05340 0.12848 0.04729 0.01609 -0.02944 -0.30277 -0.30033 -0.04456 0.08821 -0.36729 -0.23115 -0.21266 -0.00568 0.30440 -0.22742 -0.29910 0.36925 0.12773 0.11702 -0.10393 -0.04284 0.07920 0.06742 -0.13978 -0.34637
0.34458 -0.31562 -0.04792 0.21639 -0.11749 0.37438 -0.16694 -0.00929 0.16759 0.10763 0.16285 -0.35381 0.03135 -0.16069 -0.17446 -0.19191 0.08968 -0.08026 0.15075 -0.27676 -0.04448 0.08857 0.03639 -0.25698 0.14116 -0.21072 0.25022 0.26674 0.09766 0.28127 -0.12485 -0.11993 -0.12221 -0.01219 -0.00062 -0.29787 -0.18038 -0.24379 0.24005 0.11333
-0.22735 -0.14261 0.19494 0.20768 -0.38187 -0.23085 -0.02173 -0.03938 0.14287 -0.07792 -0.02376 0.19640 -0.04517 0.28903 0.23735 0.17120 0.40523 0.17219 -0.31079 -0.11948 -0.14042 -0.20927 0.40090 0.29818 0.06055 0.36544 -0.27956 -0.19786 0.13349 -0.34659 0.25114 -0.17034 0.00202 0.45551 -0.09848 0.18282 -0.02231 0.06942 0.12327 0.11011
0.33399 0.05221 0.02365 -0.34984 -0.25052 -0.38291 -0.21872 0.05132 0.41759 -0.07300 -0.27989 -0.29388 -0.18426 -0.04556 0.06614 0.26565 0.34477 0.09514 -0.13394 0.17687 0.40961 0.27222 -0.16672 0.22749 -0.02585 0.24073 -0.05840 0.26967 -0.46835 0.13074 0.07524 0.08583 0.03964 -0.06024 -0.30934 0.24295 -0.36551 0.30758 -0.09784 -0.23981
0.32292 -0.10643 0.14854 0.00292 -0.22270 -0.16103 0.25134 0.11875 0.34301 -0.01894 -0.12708 -0.32970 -0.08396 0.18306 -0.31690 0.05137 -0.22208 -0.19665 -0.31012 0.03648 0.11913 -0.08847 0.31113 -0.00188 -0.26080 -0.12888 0.36636 -0.20179 0.10081 -0.05443 -0.08471 -0.17637 0.27941 -0.03491 0.31652 -0.24931 -0.18073 0.48249 0.05904 0.36359
-0.23420 0.20646 -0.35938 0.20790 0.06747 -0.05109 0.08879 -0.01165 0.11144 -0.28766 -0.04778 0.23148 -0.31224 0.13490 0.15587 -0.14550 -0.23277 0.01739 0.10195 0.03444 -0.00625 -0.18737 -0.19704 0.00139 -0.00023 0.21962 -0.34922 -0.32342 0.26043 -0.21895 0.10333 0.06547 0.23119 0.03690 0.09396 0.04876 -0.23022 -0.12260 0.01161 -0.10199
-0.29084 0.04039 0.14680 -0.20931 0.02480 -0.19624 0.07638 0.08693 -0.05863 -0.19482 0.15530 -0.04530 0.04448 0.34147 0.17612 -0.06321 -0.07525 0.03944 -0.19712 -0.15504 -0.07069 0.23688 -0.09148 -0.11333 0.21701 0.25064 0.08191 -0.37160 0.09207 -0.26638 0.00634 0.14392 -0.27337 -0.05587 -0.03721 0.43113 0.23368 -0.18805 -0.21127 0.31316
-0.28551 -0.18238 0.37464 -0.10448 -0.31306 -0.21274 -0.29362 -0.07076 0.14073 0.06938 -0.11390 -0.29466 0.13767 0.06842 -0.27558 -0.00353 0.29218 -0.11640 0.02152 -0.15360 -0.27343 0.29181 -0.07498 -0.03455 0.01658 -0.11844 0.00038 0.12859 0.33239 0.09055 -0.17145 -0.12667 -0.01659 -0.05176 -0.19155 -0.22374 -0.02627 0.19265 0.04835 -0.28400
0.28982 -0.08438 -0.35115 -0.03191 -0.13791 -0.24893 -0.24437 0.28352 -0.14353 0.30078 -0.27520 0.09457 -0.04170 -0.27866 0.03058 -0.08731 -0.35329 -0.01401 0.22358 -0.33384 -0.03242 0.35718 -0.23513 0.15856 0.24871 -0.03438 0.02336 -0.18949 0.26307 -0.19548 -0.20105 -0.01780 -0.16198 -0.12786 0.19350 -0.11845 0.40704 0.25415 0.19787 -0.13709
0.31681 0.22440 -0.23008 0.26326 0.27849 0.37811 -0.24823 0.01818 0.03740 0.26518 -0.12575 0.15400 -0.17591 0.30498 -0.15259 -0.05609 0.34527 -0.19249 -0.18263 -0.35518 0.17656 -0.21280 0.21602 -0.29653 0.15006 0.32441 -0.05996 -0.41448 0.35608 0.12753 -0.33815 0.12317 0.00942 0.03524 0.07235 -0.35531 0.08462 0.12914 -0.35367 -0.17488
-0.09598 -0.17702 0.06143 0.22969 -0.01014 -0.35802 -0.11272 -0.21219 -0.08656 0.12011 0.29588 -0.14467 -0.24982 -0.17580 0.29868 -0.23238 -0.08432 -0.26020 0.28990 -0.02451 0.28165 -0.05406 -0.25076 -0.23933 -0.06514 0.34482 -0.06059 -0.07533 0.31443 0.09126 -0.17485 -0.30381 0.41185 0.25759 -0.24561 0.17734 0.06117 -0.09411 -0.00496 -0.12643
0.05801 0.08163 0.29339 -0.10880 -0.15030 -0.19893 -0.30384 -0.35931 0.09471 0.05457 0.15635 -0.07123 -0.43208 0.34584 0.07390 -0.14226 0.11476 -0.04057 0.16256 0.33088 0.14605 0.00576 0.14293 0.22053 -0.00161 -0.14965 -0.20526 -0.07888 -0.10342 -0.09737 0.03510 0.17707 0.05445 0.34048 -0.26707 -0.22373 0.13023 -0.04253 -0.23654 0.24785
-0.24215 -0.13745 0.14087 0.21817 -0.30287 -0.08673 0.17060 -0.16444 -0.21106 -0.25633 0.18964 -0.17033 0.24414 0.36131 0.31438 -0.21720 0.28888 0.14553 -0.08752 -0.13168 0.22127 0.21263 0.09863 0.18775 0.13474 0.01590 -0.35535 -0.34275 -0.41509 0.21858 -0.18219 -0.14277 -0.28302 -0.31553 0.12690 0.21391 0.05340 0.30508 0.02143 -0.12201
-0.03044 -0.31282 0.21858 -0.06691 0.03480 0.08080 0.35987 -0.14377 -0.34224 -0.03770 -0.19997 0.29551 -0.17851 0.12426 0.07052 -0.19772 -0.04739 0.01560 0.43153 0.09365 -0.30026 0.25709 -0.33233 -0.24084 -0.30134 -0.10017 -0.32873 -0.22024 -0.08653 -0.10979 -0.02676 0.24044 -0.07862 -0.28907 0.03060 -0.27870 0.23865 0.10163 -0.10649 0.19056
-0.28832 0.20017 -0.22911 0.42910 -0.26346 0.24563 0.25764 -0.33892 -0.42102 -0.13518 0.29790 0.05475 0.16216 0.21720 0.05361 0.02411 -0.31386 0.47155 -0.30559 -0.08832 -0.12154 -0.14117 0.24283 -0.37409 0.09084 0.11924 0.39329 -0.15898 0.36367 0.04291 -0.07109 0.33497 -0.05460 -0.39134 -0.32422 0.42732 -0.35332 0.24228 -0.00554 -0.25132
-0.15832 0.00500 -0.00719 -0.09334 0.04054 -0.16478 -0.15449 -0.20507 -0.12033 -0.26022 -0.01518 0.21828 -0.06516 -0.14007 0.18494 0.21562 0.07033 -0.14942 -0.08960 -0.18559 -0.16921 -0.14728 0.15483 -0.08779 0.06110 -0.38882 -0.18454 -0.25443 -0.14770 -0.27072 0.23828 0.29881 0.27157 0.02836 0.35389 0.06003 0.20190 -0.10391 -0.22332 -0.30602
-0.23244 0.18674 -0.17117 -0.02029 -0.08623 -0.33527 -0.29486 -0.04973 -0.30157 0.11591 -0.33052 -0.17354 -0.09193 0.17151 -0.11707 -0.04374 0.04671 -0.00865 0.20227 -0.27980 0.03969 -0.12310 0.28863 0.03400 -0.02665 0.15181 -0.27326 0.33984 -0.05440 -0.03957 -0.12051 0.15984 0.05084 0.21270 -0.16821 0.21185 0.02968 0.25078 -0.08311 0.15006
0.18888 -0.29047 0.35668 0.15867 0.07257 0.20750 -0.11993 0.31828 0.01843 -0.39231 0.37239 0.12586 0.17919 0.29055 -0.36402 0.13979 -0.16984 0.17204 -0.20157 0.22046 0.37494 -0.00556 -0.24843 -0.32845 0.10381 -0.21232 0.01552 0.32015 0.18471 0.23612 -0.01876 0.21096 -0.24202 0.35284 0.11637 -0.05238 -0.03140 0.40894 -0.20515 0.06358
0.08488 -0.04662 0.15019 -0.10198 0.15777 -0.09416 -0.18840 -0.15480 0.06235 -0.06550 0.21615 -0.16061 -0.32745 -0.13706 -0.10543 0.08544 -0.23929 0.27098 -0.18307 0.13519 0.26615 -0.21702 -0.18197 -0.00164 0.18661 -0.14188 -0.32254 0.07250 -0.14368 0.42366 0.18506 -0.18102 -0.26560 -0.05365 0.37712 0.26932 -0.04070 -0.05812 0.24462 0.08653
0.18996 -0.26821 -0.17832 0.28758 0.28916 0.15383 -0.30602 -0.12868 -0.16413 -0.23378 0.08245 -0.30545 -0.10208 -0.12488 -0.12468 -0.16007 -0.13967 0.24597 -0.13887 0.02067 0.05614 -0.25344 -0.27826 0.09339 0.19995 -0.38506 0.07167 0.08666 0.12738 0.35956 0.34237 -0.29412 0.10895 -0.17142 0.20796 0.11215 0.14532 -0.29356 0.00078 -0.31313
-0.08264 -0.05065 -0.29571 0.20417 -0.03352 0.01930 0.01595 0.24296 0.06814 -0.38389 0.34696 -0.02291 0.03690 0.09546 0.04732 -0.39633 -0.24519 -0.15722 0.22508 -0.15281 -0.13446 -0.05260 0.26835 0.41346 -0.05096 -0.38688 -0.23915 0.13434 0.21556 -0.02069 -0.01577 0.08430 0.21405 -0.21642 0.37655 0.03806 -0.30553 -0.32279 -0.14012 -0.21326
0.04491 -0.44017 -0.17078 -0.29074 0.27699 0.09720 -0.04398 0.35576 0.07786 -0.09803 0.30838 -0.17338 -0.09038 0.20321 -0.17064 0.14206 0.30293 -0.15162 0.11183 -0.17288 -0.40860 -0.29453 -0.12140 0.30277 0.05745 -0.29399 -0.21939 0.24090 0.01995 0.15414 0.06308 -0.26985 -0.13137 -0.02025 -0.37617 -0.19176 -0.34010 -0.24559 0.25907 0.17580
0.02532 -0.00372 -0.14894 -0.28894 -0.32360 0.18440 -0.09485 0.10634 0.21596 0.27848 0.23133 0.28649 0.06039 0.35583 -0.33015 -0.08304 -0.07814 -0.27568 -0.20956 -0.24210 -0.32243 0.40005 -0.39024 0.01175 -0.30406 0.25901 0.05665 -0.31864 0.22430 0.11970 0.36352 0.41194 0.31158 0.32964 -0.24785 0.20347 -0.43483 -0.19672 -0.35553 -0.25239
0.30470 0.27163 -0.12686 -0.15478 -0.21325 -0.21992 -0.19008 -0.29137 -0.26066 0.31674 0.10998 0.39393 -0.35084 0.41173 -0.35563 0.23121 0.25042 -0.36198 -0.24424 -0.19858 -0.30743 0.28043 -0.09326 -0.22336 0.07722 0.33630 0.36060 0.37734 -0.05739 -0.25889 -0.11565 -0.04751 0.13653 -0.42295 -0.32195 -0.13047 0.34092 0.30493 0.25569 0.42486
-0.19410 0.08643 0.21970 -0.00623 0.15795 -0.23451 0.35181 0.23317 -0.16168 -0.40440 0.04685 0.01825 -0.18011 -0.01525 -0.33536 -0.11020 0.09036 0.24901 -0.20917 -0.35565 -0.09881 0.38003 0.23977 0.06086 0.33117 -0.05546 0.13059 0.27435 -0.15698 -0.22350 0.25559 -0.26355 0.26482 -0.05374 0.32612 0.06814 0.36229 -0.05564 -0.12799 0.34236
0.12285 0.00955 -0.18784 -0.34403 -0.04917 0.32436 0.20964 0.41511 0.11364 0.07419 -0.01592 0.18348 0.12789 -0.18263 0.04919 -0.37369 -0.29719 0.07221 0.15651 0.07864 -0.09689 0.27922 0.11474 0.16522 -0.32757 -0.32055 -0.22637 0.22652 -0.06271 0.12214 -0.15403 0.11031 -0.10187 0.25089 -0.18586 0.11829 -0.19588 -0.01397 -0.19186 0.08633
0.27112 -0.14258 -0.03518 -0.28611 0.09257 0.09782 0.11317 -0.07098 -0.10405 -0.07050 0.15466 -0.16127 0.14069 -0.12031 0.24214 -0.18684 -0.30965 -0.16421 -0.12130 0.25367 0.24468 -0.08167 -0.25934 -0.35878 -0.16346 -0.32915 -0.34785 0.25993 -0.05625 -0.00058 -0.20951 0.41744 -0.26292 0.11995 0.12243 0.27544 -0.05933 -0.16717 -0.18755 0.12745
0.24274 0.10371 -0.46884 -0.13038 -0.20305 0.10283 0.02029 -0.02272 -0.12342 0.05081 0.34160 0.23871 0.33137 -0.40696 0.07786 -0.32395 0.34973 0.21451 0.01502 0.04256 0.40540 0.03408 -0.31161 0.13507 0.02033 -0.28132 -0.37891 0.30298 0.25284 -0.04677 -0.40438 0.30119 0.32647 0.21621 0.08070 -0.37608 0.21015 -0.32435 0.21281 0.26864
-0.00747 0.04528 -0.07858 -0.34489 -0.26924 0.11809 -0.06264 0.35222 -0.35952 0.29133 0.11972 0.05163 0.00205 0.18623 -0.00618 -0.26770 0.13234 -0.13567 0.01590 0.11888 -0.06484 -0.17714 0.22102 0.04310 0.13966 0.04838 -0.16152 0.33338 -0.25534 -0.35050 0.10906 -0.28290 -0.42877 0.10979 -0.19245 0.28388 0.27233 -0.20816 0.50370 -0.21567
-0.36240 0.16814 0.12641 -0.16970 -0.25472 -0.00419 0.18051 0.42637 0.14624 -0.20507 -0.24022 0.24471 0.10374 -0.13969 -0.31928 0.36818 0.01248 0.27413 -0.40718 -0.11864 -0.35875 0.02444 0.13083 0.00531 -0.38636 -0.39017 0.32949 0.04612 -0.19460 0.25944 0.10457 0.02596 0.25799 -0.21088 0.14480 -0.26387 -0.33157 0.39131 -0.02210 0.17040
-0.21571 0.14487 -0.23816 0.26904 0.09005 -0.28273 -0.26623 -0.25709 0.19272 0.13055 -0.23093 0.08075 0.17167 0.13661 0.02969 0.15403 -0.36406 -0.08197 -0.07493 -0.25102 -0.01222 -0.31762 0.23855 -0.17199 -0.15007 0.43316 0.01960 0.21315 -0.18592 -0.11930 -0.02965 -0.24781 0.15576 0.32527 0.32596 -0.21602 0.06652 -0.06148 0.05881 0.02356
0.05573 -0.03853 -0.33055 -0.40488 -0.19900 0.21526 -0.06497 -0.28263 0.01874 -0.37266 -0.40061 0.18282 -0.11385 0.13909 -0.30556 0.31561 0.31697 0.23175 0.24475 0.28942 0.19631 -0.27140 0.15638 -0.21423 -0.30515 0.00539 -0.15697 0.29897 0.07009 -0.18353 -0.37186 -0.32465 -0.10937 0.29840 -0.36777 -0.06710 0.19369 -0.30755 -0.23554 -0.29140
0.22076 0.10461 0.12736 -0.17072 0.13879 -0.03640 -0.36997 0.16241 -0.34671 0.07542 0.11358 -0.06179 0.11175 0.39360 0.01595 0.09252 -0.08473 -0.18683 -0.17377 0.21972 -0.24962 0.24585 0.07584 0.15832 0.02338 -0.07940 -0.03470 0.31925 0.25808 0.33333 0.47765 -0.30918 -0.12706 0.01611 -0.17779 0.07146 0.21163 0.16754 -0.07687 -0.12576
-0.09263 -0.05359 0.03956 -0.25994 0.03285 -0.04437 0.22588 0.06062 -0.31460 -0.16911 -0.02182 -0.26133 -0.23623 0.40073 0.10714 -0.11098 -0.20383 -0.27484 0.25442 -0.04163 -0.35594 0.37332 0.32279 0.30493 -0.00727 0.09033 0.18996 -0.12047 -0.00257 0.02330 -0.07782 -0.04638 -0.20745 -0.16139 -0.20624 0.21440 0.32201 -0.21407 -0.39851 -0.01813
0.35343 -0.13785 0.01785 0.27361 -0.37182 -0.16506 0.11963 -0.02211 -0.16745 0.34511 0.27339 0.22556 0.21294 -0.38667 0.14182 0.29241 -0.09048 -0.21305 0.12253 0.35363 0.10961 -0.05600 -0.31771 0.25652 -0.23574 -0.28637 0.41770 0.25053 -0.39523 -0.37954 -0.06856 -0.16430 -0.35795 -0.18171 0.20003 -0.19382 -0.38559 -0.36352 0.31572 -0.25291
0.07369 -0.23046 0.04065 0.11991 0.11091 0.06829 -0.14050 0.27035 -0.25998 0.01282 0.30681 0.15361 -0.04525 0.12276 0.23371 0.08901 0.35884 -0.17073 0.00345 -0.21429 0.13872 -0.04613 -0.01796 -0.34724 0.29221 0.27167 0.25838 -0.35511 0.07896 -0.30468 0.00086 -0.19498 -0.18136 0.05449 0.27314 0.16970 0.18870 -0.17185 -0.11999 0.12062
-0.14590 0.26905 -0.20976 0.11375 -0.30177 -0.10795 0.32921 -0.09297 0.11404 0.30682 -0.18358 -0.25806 0.14126 0.27328 -0.27628 0.14465 -0.20629 -0.09855 -0.14262 0.09642 0.29177 -0.23962 0.41610 0.18448 0.12247 -0.28604 0.06283 -0.09551 -0.12589 0.20169 -0.31473 -0.01824 0.05676 -0.05405 0.02867 0.07470 0.32424 0.23259 -0.31079 0.12191
-0.24759 0.21756 -0.00463 -0.13271 0.27292 -0.17939 0.11575 -0.27486 -0.05714 -0.19541 0.14734 -0.20728 0.34896 -0.12338 -0.24583 0.04822 0.49264 -0.08571 -0.23014 0.18933 -0.22005 -0.09787 0.12168 0.20588 0.06006 -0.16226 0.23105 -0.07378 -0.03824 -0.26304 -0.16501 0.04128 0.39084 -0.09655 -0.02574 -0.11734 -0.11468 0.08786 0.10658 0.24229
-0.17511 -0.04027 0.08234 -0.25788 0.41500 0.06163 0.00289 -0.20407 0.07651 -0.12453 -0.12826 -0.15805 0.26797 0.05509 -0.10126 0.30142 0.51725 -0.12861 -0.07102 0.23486 -0.18608 -0.05191 -0.18430 0.00279 0.03584 0.07126 0.19079 -0.29111 -0.12804 -0.30107 -0.23931 -0.00175 0.40579 -0.21390 0.13179 0.23897 -0.34648 -0.18924 0.29055 0.18898
-0.10403 0.07631 -0.17711 -0.27081 -0.16795 0.31202 -0.01904 -0.22034 -0.31989 -0.20288 0.43133 -0.23805 -0.27022 0.45051 -0.01617 0.04826 -0.17213 -0.06166 0.35415 -0.13039 -0.10978 0.18100 -0.18489 -0.10938 0.12385 -0.33060 0.08809 0.23344 -0.26460 0.29679 0.16663 -0.34996 0.33165 0.41840 -0.08781 0.31594 -0.09344 0.04947 -0.18060 0.12153
0.18046 0.26486 0.33421 0.34070 0.00685 -0.42212 0.01810 0.21783 0.15159 0.34171 0.14196 -0.30728 -0.20481 -0.34909 0.33409 -0.37354 0.21685 -0.34305 0.40098 0.13864 -0.06975 0.10695 0.04891 -0.32886 -0.08906 -0.08947 0.13832 -0.33635 0.24840 0.21518 -0.23130 0.11467 0.17286 0.33965 0.06114 -0.01767 0.00184 -0.09299 -0.14812 -0.01352
-0.28059 -0.16232 -0.06008 -0.20344 -0.04460 -0.37578 0.21621 -0.17755 -0.04461 0.37826 0.24006 0.16164 0.29317 0.38443 -0.06429 -0.06505 0.34658 -0.33886 0.21749 0.19377 0.30846 -0.15382 0.09178 0.40016 -0.29032 0.22886 0.01061 -0.07609 -0.17928 -0.00669 -0.25094 -0.32218 -0.28909 -0.06729 -0.36865 0.22748 0.22461 -0.02882 -0.27571 -0.39339
-0.15448 -0.00372 -0.03982 -0.12022 0.12695 0.17897 -0.15247 0.31600 -0.06364 -0.29374 -0.21354 -0.43928 -0.39632 0.23844 0.25805 0.25601 0.03958 -0.34421 0.37697 0.07679 -0.39925 0.33592 0.33057 0.23200 0.11197 0.12631 -0.08899 -0.13282 -0.29526 0.27159 -0.06047 -0.24836 0.07838 -0.23063 0.27742 0.22311 0.13705 -0.03917 -0.35367 0.11308
0.15038 -0.16528 -0.17696 0.13555 0.39925 -0.12012 -0.19805 0.31449 0.07581 0.38209 -0.21024 0.11177 0.17660 0.12582 0.11958 -0.13579 0.36183 0.14261 -0.08899 -0.24487 0.23617 0.26818 0.17353 -0.08705 0.11617 -0.40195 0.27083 -0.15864 0.05808 -0.19614 -0.39310 0.15158 -0.16405 -0.23078 -0.23424 0.16097 0.41746 0.36561 0.48667 -0.26608
0.35151 -0.25490 -0.33448 -0.22990 0.36027 -0.17445 0.09481 -0.39726 0.09937 0.11981 -0.41207 0.08422 0.40058 -0.21865 -0.36878 -0.13197 -0.31857 0.26650 -0.34443 0.30131 0.23988 -0.32099 -0.12782 -0.42871 -0.13190 0.27070 0.38135 -0.17992 0.25724 0.05582 -0.07735 -0.33459 -0.27838 0.05467 0.27987 -0.41417 0.18062 0.05711 0.32765 -0.20337
-0.18026 0.09170 -0.33484 -0.25278 0.07783 -0.25645 -0.20232 0.16563 -0.20937 -0.09069 -0.20809 -0.10117 -0.16879 -0.03375 -0.10339 -0.07805 -0.20571 -0.01737 -0.08653 0.23144 0.08080 0.13765 -0.11923 -0.29124 0.03086 -0.30777 0.02247 -0.24639 -0.17791 0.18614 0.17021 -0.11974 -0.19549 0.04780 0.22237 0.01946 0.23183 -0.29214 0.17891 0.14159
0.00865 -0.18662 0.14855 0.11317 -0.20358 -0.12496 -0.00288 0.09976 0.03972 -0.01419 0.20829 0.10215 0.12400 0.24518 0.15311 -0.16910 0.18134 -0.02228 -0.14871 -0.03390 0.28716 -0.06193 -0.14643 -0.12747 -0.05237 0.31672 -0.25410 -0.31562 -0.37457 0.39620 -0.10662 0.02166 -0.13809 -0.24504 0.28284 0.06232 0.06625 0.30481 -0.10770 -0.16843
0.15370 -0.05917 0.17789 -0.31302 -0.26724 -0.32751 0.10398 0.08983 0.04185 0.36108 -0.07682 -0.10270 0.14269 -0.24628 0.05784 0.07859 -0.12723 -0.16650 0.20801 -0.13200 -0.02557 0.07475 -0.00309 0.27252 0.06801 -0.27446 0.31385 0.11203 0.13022 -0.05641 0.34380 -0.43920 -0.31073 0.21600 0.01026 0.41809 0.11374 -0.29750 0.17982 -0.13781
0.00126 -0.10918 0.05009 -0.24980 0.25955 -0.10876 0.06431 0.42834 -0.32492 -0.30511 -0.16186 0.03722 -0.29872 -0.33348 0.04396 -0.14677 -0.36232 0.29430 -0.00966 -0.11343 0.13281 0.35703 0.02938 -0.23808 -0.23138 0.46193 0.15735 -0.04013 0.00561 -0.08585 -0.18995 -0.11320 0.42946 0.07410 -0.03282 0.24029 -0.25979 0.09731 0.32197 0.16815
-0.33783 0.03941 -0.02093 0.39632 -0.16478 0.00200 -0.35571 -0.00080 0.09205 0.29610 0.07665 -0.27661 -0.16190 -0.08768 -0.06569 -0.16410 -0.33300 0.09044 0.12450 0.26668 0.35075 -0.34722 -0.32800 -0.09171 -0.00918 0.01920 -0.17389 0.29522 0.15211 0.18492 -0.17565 -0.28885 -0.12980 0.19837 0.06693 0.25043 0.01798 -0.02598 -0.38153 -0.02739
-0.05919 0.29869 0.43372 0.00823 -0.04953 0.03051 -0.31524 -0.36342 -0.33828 -0.43921 0.28305 -0.13422 -0.30767 -0.35620 0.33154 0.20518 0.12354 0.41826 0.08093 -0.03985 -0.32386 -0.29901 0.38623 0.14877 -0.02582 -0.12009 0.33780 0.01660 0.17502 -0.03106 -0.42135 0.26085 -0.09308 0.29793 0.18470 -0.39828 0.13287 -0.26698 0.24995 0.28317
