-0.33477 0.03603 0.08955 0.00453 0.00770 0.15348 -0.28734 -0.11113 0.11208 0.24681 0.22755 0.03295 -0.14827 0.32986 -0.03559 0.37734 -0.20554 -0.09174 0.25318 0.06126 -0.26103 0.21605 0.00882 0.31140 0.02268 0.44118 0.07410 -0.02959 -0.01531 -0.01562 0.11473 -0.00271 0.14482 0.16864 0.03004 0.10681 -0.14811 -0.15943 0.03655 -0.11059
-0.08331 0.03221 0.11280 0.02095 0.11378 -0.06603 -0.06872 -0.18533 0.15851 0.07616 0.23653 -0.16874 -0.10591 0.31152 -0.24395 0.24206 0.18827 0.38787 -0.17638 0.27392 -0.14715 0.01349 -0.10046 0.22661 0.12311 0.25274 0.11768 0.10692 -0.28396 -0.11835 0.04440 0.24417 -0.10598 -0.21898 0.18211 -0.28751 -0.18339 0.03629 0.04034 -0.00388
-0.21884 0.33726 0.36369 0.07986 -0.06901 -0.02458 -0.05004 -0.15613 -0.22831 0.09054 0.00879 0.25830 0.04771 0.29524 -0.22317 -0.20372 0.28998 0.21702 -0.03297 -0.06453 -0.14521 0.31448 0.15667 -0.11684 0.18923 -0.15647 0.26353 0.16028 0.00394 -0.30745 0.16208 -0.07771 0.25849 0.25662 0.19841 0.12916 0.24791 -0.19184 0.17442 0.09869
-0.31968 -0.00514 0.12645 0.09167 -0.18027 0.22520 -0.27504 0.07137 -0.01846 0.04009 -0.07563 0.18999 -0.31214 0.24457 0.17055 -0.03246 0.17745 0.15253 0.19069 -0.16244 -0.11961 0.22639 -0.28257 0.26850 0.16782 -0.08306 -0.27049 0.00935 -0.11255 0.13017 0.24204 0.01712 -0.18548 0.02074 0.41290 -0.14798 0.08214 0.25723 -0.07659 -0.18645
0.10220 -0.03489 0.07799 -0.44007 -0.10490 0.03202 -0.17165 0.29504 -0.14197 0.15711 -0.07217 0.12911 -0.14245 -0.04038 -0.22226 -0.35061 -0.00320 -0.22103 0.03962 -0.00688 -0.12676 0.30671 -0.01567 0.06223 0.09703 -0.16713 0.03368 0.09377 0.03324 0.22708 -0.02595 -0.00117 -0.13078 -0.14644 -0.26967 -0.06404 -0.17361 0.20742 -0.07516 -0.04631
0.25727 0.03542 -0.17336 -0.31070 -0.06507 0.17279 0.15336 0.12525 -0.22225 0.01248 0.08563 0.06295 0.10191 0.07243 -0.37765 -0.02375 -0.02662 0.17815 -0.19496 -0.13807 0.08553 0.17420 -0.28594 0.18448 -0.29604 -0.10474 0.26493 0.24294 -0.17665 -0.17599 0.31015 0.19880 0.06173 -0.10004 -0.18631 -0.12235 -0.08001 0.22941 -0.29052 0.16093
-0.27524 -0.04316 -0.10522 0.23678 -0.06697 -0.09979 -0.17446 0.04898 -0.01812 -0.20119 -0.14828 0.22237 0.15541 0.11020 0.19962 0.13962 0.14144 -0.25514 0.05322 -0.05825 0.04699 0.32661 -0.06520 -0.15707 -0.05452 0.08667 -0.33527 -0.20988 0.09308 0.19771 0.03841 -0.19840 -0.22212 -0.11482 0.29548 0.16626 0.24443 0.16730 0.06940 0.15608
-0.13686 0.11147 0.09488 0.14481 0.14519 -0.08657 -0.00897 0.05054 0.09301 0.12594 0.30787 0.08597 -0.03966 0.03998 0.24145 -0.24304 0.18663 0.19277 0.11297 -0.19605 -0.15519 0.04984 -0.00948 0.20944 0.07319 0.07792 -0.14609 -0.21730 0.09554 0.18685 -0.16121 -0.02269 0.05885 -0.03988 0.31520 -0.17540 -0.03709 -0.09857 -0.21985 0.25773
-0.25015 0.17829 0.22897 -0.11446 -0.19445 0.19018 -0.22841 0.27113 -0.15494 -0.07476 0.12880 0.02962 0.06652 -0.11558 -0.22974 -0.27612 0.01932 -0.04172 0.03803 -0.10036 -0.07511 0.10366 0.14210 -0.02809 -0.03854 0.02983 0.24228 0.28865 -0.09404 0.04481 0.06770 0.12354 0.12677 0.09402 -0.21212 0.01462 0.13404 0.11336 -0.06420 0.17411
-0.21358 0.34845 -0.08548 -0.04643 -0.12832 0.16654 -0.16678 -0.21544 -0.36352 0.36495 0.12132 0.03211 -0.32118 0.09115 0.02471 -0.41862 0.03311 -0.18321 0.06068 0.04744 -0.21986 -0.07577 0.01501 0.14988 -0.00179 -0.21769 0.36803 0.26166 0.02531 0.20527 0.14017 0.25887 0.10672 0.20118 -0.10784 0.03503 -0.25753 0.13663 -0.17451 -0.38395
-0.15332 -0.03059 0.08866 -0.27678 0.22679 -0.01900 0.01762 0.28481 -0.04468 -0.18387 -0.09381 -0.13274 0.21984 -0.14503 0.00680 0.30178 0.10020 0.16510 -0.23911 0.09884 0.16081 -0.33942 0.29004 -0.23107 -0.29526 -0.10697 0.00053 0.19814 -0.09679 -0.20500 -0.02574 0.03730 0.04374 -0.04278 -0.20610 -0.17612 -0.18202 0.02547 0.08092 0.23454
0.17457 0.01365 0.14021 -0.06236 -0.01513 0.06387 -0.02967 0.24379 -0.13614 0.00482 0.16260 0.28032 0.00162 0.08368 -0.04065 -0.15709 0.16134 -0.26867 -0.24543 0.14463 -0.17486 -0.29859 0.21311 0.28050 0.34657 0.00770 -0.05491 0.28622 -0.20798 -0.16133 -0.03869 -0.06970 0.13693 0.09616 0.22221 0.09459 0.00139 0.12083 0.09931 0.22935
0.14580 0.10041 -0.28856 -0.17611 0.12367 0.20698 -0.12275 -0.13390 -0.15958 -0.20910 0.13071 -0.03538 0.42690 -0.05838 -0.30281 -0.28633 -0.18097 0.30121 -0.13884 0.05871 0.12153 0.21067 0.37055 0.04859 -0.13995 0.09777 0.06333 -0.14738 -0.23231 -0.32163 -0.01517 0.29186 0.00346 -0.21983 0.04966 0.14650 0.09464 -0.29212 0.14698 0.00868
0.11476 0.23202 -0.13841 0.11598 0.06142 -0.20396 -0.00917 0.07126 -0.02065 -0.25211 -0.23758 -0.24428 -0.09815 -0.17185 0.08377 0.00139 -0.33090 -0.34263 0.30317 -0.29799 0.10716 0.08286 0.07498 0.11166 0.02149 -0.04571 0.30810 0.05909 0.28176 -0.11107 -0.10749 0.22194 -0.00370 -0.04155 -0.20516 0.31563 0.20658 -0.10009 0.19687 -0.07585
-0.14771 0.15775 0.28035 -0.21661 -0.17323 0.30511 -0.34763 -0.10082 0.07178 -0.01790 -0.38658 0.04706 -0.14632 -0.25950 -0.03784 0.01241 0.04772 0.19950 -0.30488 0.22873 0.26223 -0.18431 -0.30660 0.46477 -0.30961 0.00857 0.35695 0.00190 0.10589 -0.14731 -0.08834 -0.18339 -0.34190 0.32158 -0.09012 -0.22320 -0.01020 0.01538 -0.22250 -0.15032
-0.03969 0.11539 0.15557 0.05291 0.08451 -0.31468 -0.30501 -0.25247 -0.06277 0.08868 -0.15417 0.15649 0.29669 -0.15351 -0.22404 0.20868 -0.21496 -0.04505 0.06238 0.01698 -0.19537 0.04181 0.32914 -0.25342 -0.09576 0.08343 -0.25143 0.09976 -0.06953 0.19145 0.33284 -0.17011 -0.34766 -0.00340 0.22685 -0.15144 -0.04798 0.32020 0.22090 0.11877
0.08888 -0.23659 0.20886 0.25279 -0.00556 -0.02945 -0.07031 0.19457 0.18331 0.09577 0.18951 0.31854 -0.10057 0.16915 -0.25328 -0.11287 0.15633 -0.14142 0.03052 -0.05829 0.24628 -0.24596 0.19984 -0.17793 -0.28199 -0.09394 0.16593 0.04332 -0.27268 -0.21016 -0.08572 -0.10929 -0.11201 -0.52535 -0.13002 -0.12749 0.30298 -0.04356 -0.17752 -0.02319
-0.18807 -0.23049 0.14208 0.26023 0.00593 -0.22654 0.25133 0.31452 0.15774 -0.06192 -0.08516 0.38413 -0.30650 -0.06206 -0.34309 -0.14700 0.09032 -0.07177 0.05435 0.01205 -0.09040 -0.20974 0.17153 0.14699 -0.16651 0.10818 0.22909 -0.11202 -0.27608 -0.39427 -0.06972 0.09911 0.09842 -0.37674 -0.10142 -0.01186 0.13749 0.17460 -0.30383 0.13893
0.38773 0.29835 0.39670 0.17228 -0.32788 -0.06952 0.08845 -0.19159 0.27837 0.04309 -0.02818 0.33749 -0.03136 0.11933 0.10946 0.33140 0.04664 -0.25810 -0.30140 -0.27378 0.07069 -0.03412 -0.26928 -0.04452 -0.25717 0.34866 -0.29083 0.09183 0.09528 0.37337 -0.11468 -0.23851 -0.20524 0.34975 -0.08451 -0.34083 0.19927 -0.04605 0.29158 0.08377
0.15698 -0.06413 -0.13567 0.30387 -0.09363 0.00225 -0.08310 0.06614 -0.27777 -0.05139 0.26124 -0.24159 -0.10343 0.01996 -0.13634 -0.18381 0.05617 -0.24944 -0.14433 0.04846 -0.27474 -0.26727 0.16781 -0.41108 -0.31127 0.25153 0.33964 0.05458 -0.06748 -0.34846 -0.23291 -0.12768 0.19635 -0.10381 -0.11821 -0.08303 0.18429 -0.05458 0.23572 0.28812
0.06122 0.10680 -0.24023 0.21371 0.17168 -0.16098 -0.03383 -0.21427 0.04475 -0.00827 -0.13869 0.22661 0.05462 0.24324 -0.26764 0.44483 0.17682 -0.40610 0.29491 -0.10316 0.00454 -0.05575 0.22621 -0.20390 -0.24350 0.13484 0.03702 0.02013 0.17274 0.24675 -0.04137 0.12811 -0.11604 0.16098 -0.24338 0.25033 -0.15692 -0.12062 0.01927 -0.01896
-0.20678 0.29420 0.22299 0.13897 -0.02046 -0.27882 -0.26675 0.29340 0.03550 -0.24004 0.37807 0.14810 -0.12877 -0.24542 0.25847 0.12187 -0.40809 0.19086 0.16002 -0.35261 0.18568 -0.07316 -0.27151 -0.09555 0.38096 -0.12317 0.27172 0.08559 0.14929 0.14632 0.04733 -0.17354 0.00246 0.11343 0.02798 0.29576 -0.05185 -0.28879 -0.26046 -0.16006
-0.08464 -0.18813 0.14146 -0.17399 0.32005 0.17985 0.08513 0.35896 0.19008 0.34156 -0.06604 0.12909 0.44936 0.07576 -0.24030 -0.01429 0.08464 0.24052 -0.00931 -0.27495 0.32389 -0.01481 -0.02614 0.14988 -0.32652 0.28445 -0.00294 -0.29360 0.21440 0.11035 0.33418 -0.08305 0.23552 -0.34894 -0.44212 0.11555 0.04473 -0.02356 -0.17420 0.05560
-0.23872 0.04065 0.33086 -0.28595 -0.08323 -0.23108 0.13304 0.20328 -0.05185 -0.10403 0.22503 -0.25605 -0.03817 -0.11524 0.08042 0.35757 -0.18766 0.28431 -0.26844 -0.09284 0.18849 -0.35988 -0.04228 0.03422 0.02303 0.20803 0.00466 0.25816 -0.04950 0.06097 -0.01247 -0.24874 0.14086 0.21012 -0.16757 -0.01955 0.13020 -0.05567 -0.21314 0.16158
-0.41965 -0.11007 -0.00690 -0.20059 -0.39262 -0.25932 0.06129 0.02836 0.33793 -0.09168 0.15393 -0.31468 -0.03174 0.20574 0.27760 -0.00106 -0.14119 -0.31930 -0.06355 0.02064 0.05346 -0.28588 -0.30108 -0.04743 -0.20026 0.05494 -0.27073 0.35962 -0.24900 0.29479 -0.12309 0.06875 0.29707 -0.00734 -0.33999 -0.12124 0.08367 0.00477 -0.21425 0.03521
-0.06468 0.14809 0.33835 0.34223 -0.06673 -0.33822 -0.13767 -0.39911 -0.29232 0.32776 0.27972 -0.09019 0.14958 0.23970 0.29064 -0.04709 -0.09393 -0.27376 -0.32695 0.07169 0.03866 0.16502 0.26190 0.33043 -0.36920 0.09845 0.08956 0.08413 0.18475 0.15878 -0.26727 0.34901 0.00993 -0.22993 0.32008 0.20369 -0.22426 -0.06976 0.34930 -0.20166
-0.06348 0.07739 -0.17857 -0.04712 -0.37789 -0.19745 -0.09176 0.22512 -0.13164 -0.12764 0.26773 0.13045 -0.23662 -0.14353 0.19488 0.03655 -0.12241 -0.12784 0.27877 0.05270 -0.24488 0.25405 -0.00394 0.17964 0.38597 -0.31407 0.35843 0.14584 -0.14262 0.03507 -0.10836 0.05090 -0.20744 0.18606 -0.31030 -0.21111 -0.22267 -0.16452 -0.06255 -0.17971
-0.34866 -0.25570 0.23672 0.20455 -0.14982 -0.20254 -0.04352 0.07077 -0.24742 -0.01453 0.24392 0.03692 -0.14478 -0.01504 0.12220 -0.11056 0.17634 -0.16184 0.10654 0.02188 -0.25958 0.15774 -0.23895 0.34428 0.04789 -0.15349 -0.00358 -0.10947 0.23188 0.22993 -0.32663 0.05559 0.13154 -0.13188 0.19559 0.11681 0.23241 -0.08108 0.01965 0.19701
0.28170 -0.18167 -0.35363 0.33327 -0.22015 0.12575 0.08445 0.27970 -0.06493 -0.04083 0.29858 0.12487 0.06896 0.31943 -0.00176 -0.20750 -0.16197 -0.20049 -0.35179 0.26610 -0.18061 -0.27655 -0.15068 0.21064 0.30231 0.14123 -0.10490 -0.15067 -0.02437 -0.01114 0.15912 0.10084 0.19523 -0.26177 -0.33279 0.15551 0.33408 -0.13451 0.07265 -0.20862
0.11653 0.20747 0.32928 -0.38397 -0.31981 -0.38727 -0.06216 0.07183 -0.18328 0.12633 0.37115 -0.30325 -0.30870 -0.31600 0.12123 0.13464 0.13351 -0.33103 -0.20643 -0.41200 -0.01924 0.20700 -0.12990 0.04498 0.04311 -0.35157 -0.16069 0.09193 0.29266 -0.01708 0.16404 -0.06764 -0.03628 0.18477 0.00751 0.07035 0.09337 0.31666 -0.32629 0.17244
-0.38658 0.00258 0.09733 0.24962 -0.19620 0.07081 0.04611 -0.04184 0.22710 0.16608 0.07369 -0.14505 0.00038 -0.08297 -0.14553 0.17541 0.34183 -0.03192 -0.05231 0.25676 -0.24473 -0.17969 -0.30567 -0.01888 -0.13776 -0.10472 0.26998 -0.23355 0.21386 0.05046 0.11917 -0.21472 -0.31561 0.17603 0.32360 -0.14933 0.02519 0.02073 -0.01657 -0.08733
-0.04625 0.31121 0.03231 0.05041 0.01382 -0.23343 -0.37180 0.06317 0.09733 -0.23908 -0.11787 -0.27217 0.15968 -0.06721 -0.11545 0.11938 0.01011 -0.03266 0.02197 -0.10121 -0.22299 0.22893 -0.31089 -0.09895 0.28042 0.09147 -0.38400 -0.40268 -0.16457 0.20182 -0.23112 0.02237 0.03470 -0.17106 -0.05683 -0.35332 0.06170 -0.19097 0.38705 0.18688
0.15047 0.22713 -0.02026 0.15099 -0.19881 0.17539 -0.14645 -0.03325 -0.06586 0.15403 0.13896 -0.25242 0.11410 -0.14301 0.03472 -0.27607 -0.10948 -0.31710 -0.08752 -0.05339 -0.31466 0.14860 0.30764 -0.29657 -0.09559 0.21223 0.01072 -0.07319 -0.22750 -0.06057 -0.04670 0.04634 -0.19632 0.33957 0.13760 -0.29525 0.08174 -0.32213 -0.31194 0.39165
-0.36723 -0.34954 -0.11454 0.31765 -0.05484 -0.15816 -0.04172 0.12503 0.15625 0.10624 -0.11887 0.09159 0.18491 -0.04203 0.04191 -0.09524 -0.16348 -0.00484 0.22059 -0.02818 -0.21779 -0.01397 0.20435 0.34787 0.05211 0.09292 0.07591 -0.07718 -0.09477 0.11384 -0.32039 0.16928 0.27885 -0.22324 0.16015 -0.16041 -0.36660 -0.00231 -0.06203 -0.37127
-0.35859 -0.20583 -0.15467 -0.15931 -0.11169 -0.13343 -0.13577 -0.19976 0.18591 -0.36932 -0.07834 0.39289 -0.04864 -0.13845 0.08440 0.15434 0.11020 0.03909 0.25688 -0.28788 -0.28980 0.08565 0.08754 -0.00141 0.04504 -0.05341 0.16682 0.23263 -0.26422 -0.13124 0.17625 0.17068 0.28748 -0.27400 0.12230 -0.08903 -0.25962 0.22098 0.28634 -0.33798
-0.04654 0.07147 -0.15008 0.24358 -0.04553 0.08864 0.04350 0.20784 -0.14615 -0.26618 -0.06203 0.29303 0.01574 0.00822 0.15869 0.06591 -0.02852 -0.07298 0.07734 -0.25835 -0.29502 0.13965 0.11083 0.29709 0.12818 -0.13846 0.21032 -0.06115 0.04756 0.08034 0.20654 0.06073 -0.06634 -0.10363 -0.08779 -0.01020 -0.06932 0.20889 0.39549 -0.12382
-0.14540 -0.25157 -0.06244 0.28686 -0.29176 -0.08696 -0.09825 0.12778 -0.12684 -0.25297 -0.15770 0.23593 0.12362 0.11074 0.30249 -0.18664 0.09814 -0.19892 0.12086 0.12533 -0.21432 0.04455 -0.02493 0.26091 -0.07674 -0.15825 -0.02208 -0.07854 -0.16048 0.02449 0.24613 0.25732 -0.17713 -0.02970 0.02096 0.16959 -0.07602 0.31001 0.28154 -0.16079
-0.07578 -0.01604 -0.35429 0.31842 -0.31491 0.01329 -0.35359 -0.25835 0.33355 -0.24129 -0.41276 0.00209 0.08909 -0.09672 -0.34076 0.16827 -0.12792 0.04974 -0.07826 0.00949 -0.02582 -0.13389 0.14318 0.04405 0.17617 0.26169 -0.11023 0.14597 -0.19637 0.13141 -0.25179 -0.15165 -0.18456 0.10062 0.07937 0.24389 0.07011 -0.29979 -0.24327 0.27677
-0.18881 0.20329 -0.25103 0.14817 -0.30657 0.07016 -0.18722 -0.19054 0.20481 -0.32164 -0.12252 -0.15019 -0.18998 0.09706 -0.30357 0.20185 -0.07774 0.23031 0.09025 -0.03704 0.23903 -0.23048 -0.06210 0.12062 0.25433 0.25919 -0.13046 0.24276 -0.20608 0.35460 -0.25985 0.05185 -0.28835 -0.11582 0.08057 0.02744 -0.01925 -0.26994 -0.02242 0.34499
0.19836 0.00986 0.08464 0.14682 0.25806 0.13526 0.06010 -0.08564 0.09803 0.23654 -0.24580 0.25959 -0.02411 -0.12304 0.12031 0.31766 0.06100 -0.27379 0.11415 0.14318 -0.11743 0.25472 0.07635 0.14010 -0.02236 0.08884 -0.03168 -0.28797 0.29376 -0.12578 -0.24006 0.20873 -0.25324 0.10168 0.18623 0.18308 -0.08561 -0.29938 0.23557 0.01637
-0.05574 0.07325 -0.03122 0.06741 -0.00648 -0.29517 0.16128 -0.14211 -0.10054 -0.20779 0.19617 -0.19269 0.11021 -0.23545 -0.07809 -0.09748 -0.28530 0.25265 0.00105 -0.15213 0.31392 0.14228 -0.25985 -0.10278 0.36582 -0.28318 0.02827 -0.04997 0.15856 0.17857 0.12377 -0.17626 0.00385 0.00089 0.15907 0.03659 -0.24613 0.26123 -0.12770 0.32444
0.19014 -0.08454 -0.07674 -0.13578 0.37436 -0.23703 0.22068 0.07139 0.00537 -0.14219 -0.01786 0.09091 -0.22235 0.05258 -0.26255 -0.26919 -0.04622 -0.25862 -0.10845 -0.03803 0.02190 -0.10169 -0.29475 0.44881 0.29640 0.22830 0.25803 -0.24217 -0.34462 0.24162 -0.25657 -0.06640 0.20248 -0.30036 0.32436 0.30630 -0.19021 0.24750 -0.25606 0.10412
-0.23550 0.06234 0.22508 0.02827 0.22344 -0.02034 0.23375 0.04801 0.26565 -0.01758 0.10543 -0.31170 0.20346 -0.24250 0.12515 -0.23410 0.01376 -0.19766 -0.15901 -0.28829 -0.05425 -0.23813 0.17063 0.14161 -0.18009 0.03408 -0.17036 0.27340 0.11149 -0.10423 -0.05941 0.00415 0.06678 0.28926 0.20751 -0.11958 -0.21238 0.23337 0.11976 0.09253
-0.12939 -0.01880 0.01443 -0.23055 -0.06407 -0.09075 0.22881 -0.03716 -0.20171 0.29173 0.20570 -0.03113 -0.24580 0.10932 0.15776 0.02536 -0.15558 -0.15590 0.17658 -0.21915 -0.33317 0.11657 0.00312 0.08805 -0.05633 -0.20572 -0.08448 -0.30524 0.26671 -0.04695 -0.06884 -0.00900 0.01849 -0.18857 0.19730 -0.08680 -0.03771 -0.08131 -0.06709 0.05175
-0.28292 0.11563 -0.08405 0.10462 -0.01485 -0.00939 0.14901 -0.11548 -0.22958 0.09851 -0.10730 0.03241 -0.23149 0.21088 0.18916 -0.05366 0.16656 0.17871 -0.01318 -0.13805 0.10361 -0.02077 -0.21414 0.30104 0.08110 -0.05234 -0.02202 0.03703 0.23158 0.38295 -0.19945 0.18194 -0.19513 0.08607 0.25967 0.12660 -0.00804 0.22097 -0.04922 0.30303
-0.12399 0.05563 0.35570 -0.22249 -0.35515 0.03420 -0.20575 -0.19060 0.28197 -0.12833 -0.16438 -0.36241 0.19492 -0.11020 0.14624 0.20038 -0.19433 -0.02248 0.05350 -0.01358 0.29465 -0.07696 -0.10296 0.01665 0.23288 0.29618 0.06358 0.32160 0.18157 0.20715 -0.11684 0.02042 0.04165 0.21967 -0.17775 0.08417 0.20429 -0.16916 -0.11678 0.20782
-0.09217 -0.10482 0.23299 -0.16570 -0.21437 0.10363 -0.08400 0.11491 -0.13050 -0.05097 -0.21316 -0.22025 -0.08577 -0.00454 -0.22292 -0.25906 0.27017 0.19950 -0.02578 0.06675 -0.01844 -0.25090 0.06839 0.12755 0.10949 -0.19815 -0.04444 0.29948 -0.01809 -0.17276 0.23853 -0.02943 0.06525 -0.08128 0.27218 0.13826 -0.04539 0.31972 -0.18913 -0.30211
0.16734 -0.13320 -0.10585 0.26153 0.11209 0.16009 0.19910 0.02051 0.15179 -0.37239 0.09559 -0.31728 0.08412 0.07431 -0.02278 0.04190 0.10511 -0.24907 0.17143 0.09320 -0.22775 0.14515 0.18051 0.28925 0.13472 0.11221 0.06284 0.21897 0.09767 0.19040 -0.09694 0.34160 0.19556 -0.04772 -0.16619 0.23014 0.13136 -0.08979 -0.27919 -0.01425
0.09544 0.21295 0.01652 0.20003 0.22459 -0.18545 -0.13136 0.07276 0.03243 -0.18780 0.27422 -0.14591 -0.07219 -0.15177 -0.14908 -0.11978 0.07933 -0.15900 -0.08832 0.10683 -0.08410 -0.02816 -0.01947 -0.06850 0.27188 -0.24057 0.17437 -0.06801 0.14010 -0.21882 0.09638 0.12505 0.05209 -0.03180 -0.02817 -0.03498 -0.02694 -0.28578 0.20903 -0.18521
0.23725 0.13892 -0.26830 0.16345 -0.09284 -0.17687 0.20635 0.06044 0.04411 -0.06130 0.22701 0.19287 -0.13188 -0.06598 -0.16111 -0.30352 0.35406 0.12154 0.04018 0.26656 0.26696 0.09893 -0.12063 0.13210 0.02965 -0.13441 -0.01258 0.09008 -0.13714 -0.13421 0.10847 0.09201 0.21263 -0.10397 -0.02087 -0.22522 -0.17995 0.37315 -0.14659 -0.09990
-0.22051 0.19438 0.21482 -0.04943 -0.00451 0.13000 -0.05539 -0.00891 0.03827 0.21512 -0.31551 -0.27294 0.10897 0.09039 0.15077 0.01247 0.00408 0.19794 0.17095 0.10439 -0.32569 -0.33587 0.18616 0.02857 -0.19259 -0.22390 0.21272 -0.16811 0.22879 0.03679 0.16004 -0.09741 0.05972 0.34182 0.23663 0.06183 -0.09630 0.06695 0.03262 -0.10560
-0.03829 -0.12974 0.31683 -0.09530 0.04397 -0.09945 -0.00866 -0.24330 -0.04871 0.14345 0.22461 0.05912 -0.21361 0.33463 0.04889 0.11135 0.34781 0.22164 0.16041 0.27234 0.20254 0.02503 0.13739 -0.16352 -0.11083 -0.13787 0.25889 0.15867 -0.15756 -0.00316 0.15485 -0.10773 -0.09410 -0.19282 0.37663 -0.13871 0.32691 0.03743 -0.00599 -0.13272
-0.10644 0.04664 -0.17051 -0.00721 -0.03566 0.09095 0.10265 -0.08095 0.23413 0.03779 0.37843 -0.06949 0.21579 -0.21994 0.19437 -0.07393 -0.34960 0.28516 0.09857 -0.17404 0.02113 -0.22256 -0.06111 0.15431 -0.08643 -0.21575 0.19766 0.27850 0.18791 0.10315 -0.28504 0.16520 0.29054 -0.21214 -0.32788 0.35365 0.20380 0.05443 -0.31960 -0.01336
-0.24686 -0.10552 -0.34766 0.13788 -0.29925 -0.22473 0.24314 0.33256 -0.31146 -0.36629 0.08883 -0.00827 0.03551 -0.19417 0.13113 -0.47313 -0.16921 0.05914 0.14348 0.27430 -0.01616 0.10984 0.53875 0.13084 -0.11693 -0.10615 0.17474 0.24772 -0.00988 -0.34250 0.17885 0.33375 -0.15176 -0.03070 -0.09294 -0.00467 0.20678 -0.20950 0.09129 0.25802
-0.22930 -0.06273 -0.36092 -0.01174 0.16125 0.23550 -0.14940 0.23962 0.07618 -0.03696 -0.27009 -0.20734 0.18637 0.05888 -0.35306 -0.22035 0.04227 0.34265 0.15286 0.25533 0.21349 -0.01448 0.23459 0.31927 -0.06950 -0.03543 -0.28541 0.09915 -0.17199 -0.35672 -0.24149 0.28575 0.10400 -0.04096 -0.07592 -0.13740 -0.12670 -0.19259 0.12410 0.21918
0.21846 0.34799 0.00170 -0.44654 0.07275 -0.01562 0.25542 0.30686 0.33933 0.20459 0.01965 -0.04210 0.16433 -0.29665 0.15418 -0.19033 -0.33178 -0.25753 0.34925 0.00685 -0.10946 0.12524 0.10509 -0.25389 0.05189 -0.20005 0.02776 -0.32370 -0.25089 0.38802 -0.25940 0.07009 -0.09710 0.10758 -0.00695 -0.26138 0.12084 -0.05951 -0.09206 0.41699
0.09812 -0.13496 0.03412 0.05959 -0.12223 -0.13459 0.18932 0.04785 -0.29514 0.15014 0.15740 -0.09567 -0.25366 -0.09013 -0.28261 -0.03239 -0.34676 0.00975 -0.10515 0.03973 0.20497 -0.30363 -0.05742 0.21980 0.16152 -0.16374 0.14622 -0.09979 -0.04969 -0.25295 0.19300 0.14844 0.06912 0.09094 0.00500 0.13591 0.02862 -0.22744 -0.24660 -0.08845
-0.38367 0.16704 0.20095 0.16776 -0.32412 -0.06700 -0.32959 0.26199 -0.23225 -0.31080 -0.02643 0.14598 0.34261 0.20782 -0.23213 -0.05833 -0.08512 -0.04375 0.33877 0.10057 0.15017 -0.02069 -0.20617 0.04424 -0.09438 0.22854 -0.05627 0.23917 -0.07568 -0.21117 0.24122 -0.04138 -0.05084 -0.18641 0.31470 -0.21340 0.25895 0.18206 0.40903 -0.12552
0.05974 -0.00646 0.31058 -0.35104 -0.06864 -0.05567 0.11879 0.29379 0.18749 0.01473 -0.34615 -0.22323 0.21300 0.01607 0.00116 0.29881 0.11560 -0.25897 -0.36222 0.15949 0.25970 -0.00279 -0.27935 0.20472 -0.06550 0.38848 0.27883 -0.13362 0.08011 -0.05460 0.23812 -0.19150 -0.25520 -0.13338 0.18068 0.17212 0.24485 -0.05041 0.14571 0.21780
0.18158 0.34372 0.01968 -0.01160 -0.04220 -0.02711 0.06818 0.03341 -0.07009 -0.12207 -0.07720 -0.28473 -0.37014 0.20159 0.33478 0.30252 0.03467 -0.14875 -0.26779 0.28930 0.25102 0.09884 -0.35120 0.39074 -0.03011 0.21931 0.20695 0.18814 -0.20801 0.01150 -0.08849 -0.15780 -0.16600 0.23487 -0.04877 -0.24815 0.12581 -0.27598 0.29374 0.21670
-0.05462 0.12115 0.20482 0.30931 0.10915 -0.03834 -0.06557 0.01867 0.16814 -0.25065 0.23779 -0.02383 -0.03385 0.08395 -0.00699 0.07828 0.19147 -0.31828 -0.11774 0.33653 -0.26272 -0.16075 0.04386 0.08718 -0.40211 -0.18868 0.08745 -0.15307 -0.25023 -0.23100 -0.20468 -0.35728 -0.17234 -0.08480 -0.31601 -0.15375 0.07967 0.11776 0.09395 0.34027
-0.16331 0.05626 -0.22867 -0.05421 0.28736 -0.10347 0.15619 0.29834 -0.08638 -0.15407 -0.09582 0.11597 -0.10165 0.01350 -0.02816 -0.11996 0.25096 -0.17770 -0.00328 0.35972 0.17006 -0.19012 0.12346 0.08500 -0.18417 0.29376 -0.18907 0.13429 -0.23693 -0.04834 0.21672 -0.04542 0.39250 -0.28966 0.29171 0.10194 0.12330 0.18960 -0.12394 -0.09518
0.15625 -0.19474 0.04552 0.00437 0.06323 -0.11990 0.05522 0.13063 -0.09337 -0.03838 -0.17593 -0.28328 0.08023 0.05241 0.17640 0.23379 0.04576 -0.28556 0.17193 -0.23671 -0.22398 -0.00217 0.10761 0.20559 -0.11854 0.01709 0.09936 0.23762 -0.13258 -0.10368 -0.08406 0.31093 -0.23853 -0.16617 -0.07959 0.10405 0.22121 0.05744 -0.27083 0.08482
0.38069 0.19548 0.17283 0.22186 -0.07477 -0.14266 -0.27288 0.13812 0.09610 0.01230 -0.03359 0.13304 0.23094 0.13930 0.22707 -0.05728 -0.14593 0.21791 -0.21381 0.03768 -0.28104 -0.03917 0.31044 0.03414 0.05866 0.09937 -0.33138 0.29247 -0.00437 -0.10312 0.21499 -0.24044 0.18096 0.04226 0.18671 0.05427 0.15241 -0.00367 -0.04191 0.10288
0.12065 0.17288 0.11932 0.24370 -0.22176 -0.27683 -0.05047 -0.00156 0.21521 -0.23105 -0.21467 0.19564 0.26299 -0.17372 -0.32892 -0.13650 -0.27016 -0.37897 0.14381 0.24817 -0.10575 0.23349 0.44019 0.07223 -0.01794 0.28433 -0.15918 -0.22973 -0.14526 -0.20736 0.09330 -0.18424 -0.27914 0.08793 0.33618 -0.33283 -0.09336 0.23016 -0.16419 -0.19245
-0.14644 -0.14843 0.19522 -0.23427 0.30976 0.03523 0.12123 -0.23978 0.05377 0.12662 0.02167 -0.30938 -0.22193 -0.04622 -0.15922 0.20355 0.00945 -0.15212 0.16450 -0.20464 -0.18920 0.08827 0.06104 0.22058 -0.16085 -0.14213 -0.04111 0.02715 0.06565 -0.01609 -0.30770 -0.10002 -0.26405 -0.14765 0.11299 0.13033 -0.11994 0.03327 -0.15134 -0.07101
0.18633 0.09171 -0.36169 0.41909 0.10101 -0.00324 -0.19368 -0.29777 -0.09664 -0.36540 0.36092 -0.35923 -0.11954 -0.08969 -0.07632 -0.11368 -0.35408 -0.14989 0.28630 -0.01748 -0.03575 -0.26244 -0.36935 0.01515 0.05283 -0.00723 0.39165 0.29116 0.28901 0.27590 0.09107 -0.31969 -0.26770 0.17044 -0.12540 0.17726 -0.11675 -0.08609 -0.14590 -0.17361
0.30419 0.02958 -0.07286 -0.31437 0.08712 0.16914 0.25813 -0.17603 -0.03526 0.08195 -0.20297 0.10972 -0.36580 -0.11333 -0.34600 0.27550 -0.10783 0.36836 0.15063 -0.41975 -0.07598 -0.06830 0.09836 -0.11339 0.17057 0.27334 -0.13932 0.34442 -0.10905 0.31901 0.30017 0.06012 0.16361 -0.30265 0.16063 -0.20603 -0.11247 -0.03589 0.02702 0.12049
0.06407 -0.08261 -0.25485 -0.35926 0.17465 0.24796 0.15338 0.16014 -0.23123 -0.02423 -0.15425 -0.13434 -0.40455 -0.07202 -0.22526 0.39811 -0.26162 0.31479 0.15683 -0.39882 -0.24645 0.30457 -0.34854 0.03142 0.32768 0.24250 0.00104 0.07558 0.17049 0.01962 0.28374 0.05535 0.10421 -0.28631 -0.02564 -0.02072 0.01437 -0.24510 0.26141 0.31073
0.20507 0.10493 0.12183 -0.05634 -0.13438 0.06146 -0.13030 -0.03309 0.22249 -0.08194 -0.07280 -0.15902 0.09462 0.38978 0.24951 0.20900 -0.15235 -0.23686 0.00939 0.06694 0.02794 -0.20321 -0.21045 0.14481 -0.03146 0.16968 -0.07548 -0.16829 -0.18302 0.10454 0.28050 -0.06420 0.18299 -0.07532 -0.19601 0.12385 0.14673 -0.31269 0.11471 0.10592
-0.17360 -0.05245 0.11657 -0.03528 -0.17771 -0.10730 -0.20068 -0.18019 -0.16183 -0.23282 0.06985 -0.09399 -0.04374 0.38284 0.23426 -0.06642 -0.23086 -0.04492 -0.16188 -0.14310 0.14099 -0.10289 -0.03997 -0.05611 -0.14941 0.04003 -0.12047 -0.14163 0.07704 -0.17998 0.05602 0.01367 -0.11049 0.18586 -0.02826 -0.16361 0.09107 -0.14527 0.16511 0.11495
0.04498 -0.08247 -0.18343 0.07666 0.00249 -0.16265 -0.04987 0.23136 -0.24845 0.06059 -0.16334 -0.22863 0.35186 0.51243 0.32770 0.07471 -0.01706 -0.30177 -0.06595 0.03269 0.23843 -0.17149 -0.09329 0.12084 -0.18868 0.15246 -0.32716 0.06593 0.01380 -0.21559 0.34253 0.12264 0.29434 -0.03624 -0.06819 0.06901 0.08529 0.13060 0.20890 0.16443
0.27469 0.12611 -0.07866 -0.02558 -0.13339 -0.09114 0.18843 -0.20671 -0.13509 -0.19240 0.07918 -0.19162 0.26456 0.33642 0.24145 0.13417 -0.26351 0.02344 0.20791 0.02025 0.36579 -0.25924 -0.09026 -0.16730 0.12418 -0.16862 0.02653 0.11708 0.22276 -0.35016 0.13456 -0.16319 0.00865 -0.04659 -0.09266 -0.13647 -0.12836 -0.02176 0.00613 0.02928
-0.14948 -0.20299 0.10517 0.29511 -0.29472 -0.11701 -0.28571 -0.02991 0.30346 0.09954 -0.10633 -0.00593 0.00889 0.30081 -0.06383 0.20949 -0.11429 -0.25882 -0.05339 -0.04404 0.18383 0.23892 -0.19204 -0.40552 0.23591 -0.34630 0.31704 0.28890 -0.02825 0.02399 0.03765 0.08069 -0.42223 -0.10350 -0.16406 -0.31704 -0.05478 0.43062 0.15118 0.20622
-0.12893 0.06529 -0.02227 -0.24803 0.16893 -0.25124 0.26469 0.02973 0.05131 0.10413 -0.14422 -0.05105 -0.15473 -0.13085 0.04661 0.16339 -0.39460 0.06560 -0.14446 -0.30529 -0.11200 0.08671 0.06793 -0.13881 0.37517 -0.18356 0.41395 0.15547 0.15743 0.17529 -0.07031 0.21447 0.24335 0.10200 -0.07176 -0.00725 0.14950 -0.08042 -0.32193 0.06084
-0.12114 0.17814 -0.43150 0.32122 -0.18095 -0.10788 0.42278 -0.22863 0.16292 -0.00406 0.44674 -0.10560 -0.43825 -0.25551 0.40060 0.40312 0.12583 -0.01088 -0.24233 0.02636 -0.03326 -0.28977 -0.05073 0.44703 -0.02706 0.15577 0.13721 0.03064 -0.04880 -0.04481 -0.02353 -0.23021 0.35528 0.13211 -0.32364 0.25646 0.33383 -0.17520 0.26607 0.36969
0.03145 -0.21694 -0.10425 0.01421 0.09116 -0.08869 0.29697 -0.17117 -0.03656 0.21023 -0.10409 0.07618 -0.38143 0.17346 -0.05532 -0.07000 -0.15860 -0.00273 0.33050 0.12218 -0.04155 -0.04055 0.05362 0.01253 0.33739 -0.22652 -0.25826 -0.21475 0.14105 0.00513 -0.13626 0.11442 -0.00841 -0.33495 -0.04471 0.01953 -0.01652 0.25501 -0.13027 0.03544
0.03557 -0.28191 -0.18797 0.10628 0.34621 -0.11314 0.18216 -0.16107 -0.02419 0.12612 0.02187 0.24140 0.24677 0.13308 -0.01788 0.15376 0.25926 -0.07527 0.04330 0.13560 -0.15378 0.24718 -0.15068 0.13340 0.15583 -0.22632 -0.02622 -0.21074 0.26306 0.09278 0.05151 0.18126 -0.00638 -0.05020 0.23508 -0.03420 0.00026 -0.08080 -0.28491 0.00068
-0.06290 -0.33820 -0.13330 -0.02194 0.23230 -0.26374 0.02559 0.05589 0.08934 0.06723 0.25139 0.14930 0.13218 0.22758 0.10696 -0.11758 0.30208 0.11037 -0.02498 -0.27886 -0.12569 -0.07256 -0.14201 0.26949 0.13463 -0.10175 0.17383 -0.21111 0.05139 0.04674 0.10716 0.09942 -0.18689 -0.05855 -0.14149 -0.17664 0.17582 0.09962 -0.26834 0.19988
0.16207 0.15091 -0.14001 0.01620 -0.21010 -0.35293 0.02470 0.27631 0.06501 -0.17747 -0.20280 0.25103 0.41545 -0.02014 0.09579 0.12753 -0.36698 0.31628 -0.16748 -0.06724 -0.16963 -0.15550 0.31993 -0.07439 0.04131 -0.09309 -0.27313 0.14280 -0.03302 0.00135 -0.11684 -0.06706 0.20726 -0.04411 0.15692 -0.09840 -0.15199 0.18757 -0.33239 -0.05407
0.11854 0.02236 -0.11533 -0.02210 -0.14369 -0.07595 0.12304 0.10067 0.27484 0.07310 0.27258 -0.28796 -0.16540 -0.34521 0.00962 -0.24409 0.02664 -0.07115 0.00403 -0.05741 -0.26881 -0.17770 -0.20146 0.08811 0.29138 -0.18688 -0.23584 0.03949 0.13202 -0.01437 0.05061 0.04179 0.16471 0.12105 -0.05719 0.30091 0.07010 -0.09246 -0.31656 0.18659
0.07883 0.14604 -0.09410 -0.09144 -0.12234 -0.28117 0.12053 -0.18087 0.28379 -0.06152 0.05418 0.10312 0.08761 0.30202 0.29099 0.14419 -0.28086 0.31225 -0.12642 0.30354 -0.16388 -0.38647 0.00243 0.01213 0.31784 0.12393 0.01282 -0.25522 -0.00011 0.30488 0.29759 0.19105 0.25487 -0.18919 -0.02688 -0.05973 0.17129 0.03950 -0.09921 0.27593
-0.33703 -0.13578 0.30731 -0.14880 0.06685 0.26551 -0.14667 -0.27744 0.06052 0.14017 -0.07370 0.19941 0.18123 -0.00523 -0.05136 0.16683 0.31184 -0.06536 0.10014 0.21382 -0.08201 0.01824 0.11901 -0.11734 0.12976 -0.06248 -0.06935 -0.02405 0.01148 -0.27009 0.07373 -0.15346 -0.04317 0.20619 -0.04411 0.07923 -0.01547 -0.02772 0.27827 0.14040
0.05451 0.08164 0.04327 0.00045 0.22069 -0.01706 -0.06210 0.03096 -0.27564 -0.19914 0.10275 0.05807 -0.20590 0.11617 -0.16409 -0.22135 -0.18903 0.06782 0.03802 0.21630 0.05633 0.02597 -0.18195 -0.11350 -0.19629 -0.16812 -0.34225 0.19601 -0.27914 -0.00435 0.07108 -0.13821 -0.14630 0.07968 -0.33525 -0.03070 0.16804 -0.09118 -0.33679 -0.10304
-0.20605 0.29393 0.20533 -0.20762 0.32328 -0.08038 0.08210 0.35110 0.10050 0.36752 -0.32651 -0.10747 -0.28681 0.28759 -0.25918 -0.35645 0.32639 0.02051 0.37324 -0.19198 0.21493 -0.30041 -0.10848 -0.43081 0.33072 0.32269 -0.06531 -0.17504 -0.38822 -0.01726 0.36129 0.34104 -0.33820 -0.12628 -0.35907 0.13807 0.10846 0.27893 -0.14151 -0.00302
-0.37461 0.05370 -0.12388 -0.41430 -0.19264 0.00278 0.24057 -0.15088 0.23442 -0.09446 -0.01312 -0.11734 0.25333 -0.14434 0.02964 -0.05968 -0.00718 0.32433 0.09235 -0.38069 -0.03988 0.05824 0.23129 0.02387 0.04051 0.11194 0.28726 0.09922 -0.06509 0.02865 -0.29591 0.29426 -0.21209 0.00417 0.08252 0.24539 -0.14497 -0.15551 -0.25378 0.24072
0.08586 -0.24698 -0.30314 -0.16759 0.22995 0.06155 0.21327 0.00574 -0.12873 -0.36895 -0.09984 -0.04548 -0.28154 -0.00710 0.04055 0.21184 0.03871 0.15745 -0.02925 0.16101 0.32015 0.11743 -0.07058 0.03986 -0.06323 -0.08243 0.07184 -0.12626 0.05896 0.03031 0.15605 0.19627 0.17194 -0.35482 -0.03713 0.01916 -0.22004 -0.07517 0.31292 -0.04690
-0.11178 -0.15682 0.06607 -0.02655 0.10086 0.00007 0.14299 0.09575 0.03868 -0.07130 0.10474 0.10266 -0.03165 0.19617 -0.18859 -0.25516 0.40040 0.07507 -0.11862 0.07417 0.07432 0.01129 -0.14311 0.22001 0.00786 0.19777 0.10805 0.05226 0.02425 0.15711 0.06450 -0.06162 0.24732 -0.19902 0.26711 -0.08734 -0.13685 0.28171 -0.02940 0.01462
0.21237 0.14716 0.29680 -0.18734 -0.01178 0.14697 -0.35409 -0.27424 0.11893 -0.32743 -0.44431 0.08926 -0.11874 0.07462 0.32223 0.07424 -0.13008 0.04077 -0.07915 -0.34204 0.17580 -0.29540 -0.24738 0.08619 0.14420 0.03331 -0.08072 0.21663 0.18785 0.20229 -0.06633 0.04270 0.03360 0.24239 0.11047 -0.02863 -0.29991 0.37213 -0.00577 0.04159
-0.35811 0.22034 0.19298 -0.13881 0.09846 -0.05619 0.05692 0.11186 -0.01554 0.21693 0.15885 0.19904 -0.13851 0.20847 -0.11830 -0.05567 0.23284 0.18175 -0.28804 -0.12685 -0.13063 0.20723 0.02236 0.19727 0.08837 -0.08134 -0.11110 -0.22256 -0.23120 -0.31064 0.23139 0.04035 0.14675 0.04310 0.26390 0.01872 0.16796 0.00012 0.08475 -0.10120
-0.47075 -0.02022 0.16724 -0.07178 0.20295 0.26592 -0.19453 -0.04537 0.21639 -0.03948 0.12761 0.39344 0.33406 -0.16342 -0.31818 0.34011 0.35743 -0.15785 0.28632 0.33866 -0.12473 -0.23291 -0.12967 -0.21353 -0.23780 0.14597 -0.25849 0.17936 0.13193 -0.15424 0.17412 -0.15288 0.12320 0.17273 0.29422 0.20617 0.12005 -0.26065 0.27315 -0.07316
-0.14197 -0.09654 -0.36886 -0.10843 0.32390 -0.11419 0.46360 -0.15041 0.14292 -0.20339 0.01359 -0.10326 0.03838 0.21175 -0.14843 0.38926 0.22701 0.31003 -0.06272 -0.16296 0.42139 0.09064 0.02854 0.07479 0.06300 -0.15526 0.19084 -0.35401 0.28211 0.32795 -0.25721 0.38158 0.39281 0.01576 -0.28254 0.24517 0.09681 0.01568 0.40500 0.24138
-0.11610 0.09719 -0.17296 -0.29724 -0.04869 -0.28132 0.24731 0.21431 0.17732 -0.00010 0.25142 -0.01788 -0.06156 -0.13915 -0.06873 0.18428 -0.31155 0.08965 0.25781 0.01250 -0.16272 -0.34255 -0.06093 0.10530 0.20216 -0.34670 0.12389 -0.22208 0.22298 0.05792 0.00310 0.01464 0.27218 -0.20111 -0.06862 -0.19354 -0.09387 -0.08988 -0.25749 0.27937
-0.05538 0.11688 0.05753 -0.10550 0.32038 -0.13485 -0.14425 -0.14285 -0.01075 0.19932 -0.17402 -0.01482 0.10523 0.01965 -0.18521 -0.01848 -0.12918 -0.19433 -0.14998 0.24345 0.33025 -0.09483 -0.01744 -0.33346 -0.36983 -0.01935 -0.57861 -0.09069 -0.33538 0.04729 0.06484 -0.13079 0.04912 0.03119 -0.32630 -0.10723 -0.18313 -0.07951 -0.23796 -0.04789
0.05564 0.17273 0.29735 -0.16820 -0.12614 0.19986 -0.07086 0.20294 0.36724 -0.43131 -0.28020 0.25470 0.39277 0.16761 0.27033 -0.26516 -0.06403 0.24074 -0.23380 -0.11432 0.04311 0.09379 0.27808 0.27703 -0.16623 -0.04857 0.18296 -0.19637 0.18451 0.05366 -0.04360 -0.21814 -0.24949 -0.32624 -0.26075 0.16333 -0.02073 0.18899 -0.37055 0.35827
0.38974 0.00176 -0.14756 -0.04539 0.17242 -0.06328 -0.10982 -0.01726 0.02915 0.17462 -0.01808 -0.23302 -0.13798 0.14803 0.00570 0.07713 -0.08249 0.00099 -0.06475 0.19159 -0.14153 0.14792 -0.40676 -0.03291 -0.38637 0.06089 0.29874 0.28025 -0.00507 -0.05950 -0.00147 0.09304 -0.14025 0.00339 0.22024 0.29957 -0.18129 -0.07325 0.32373 -0.39259
0.10549 0.30316 -0.49020 -0.02150 0.43456 0.13712 0.39876 -0.27800 -0.34505 -0.15781 -0.45546 0.24140 0.02162 0.11260 -0.20497 -0.02404 0.42111 0.39711 0.11290 -0.16097 -0.34887 -0.44015 -0.38202 0.31864 -0.37000 0.19671 0.00766 -0.44000 0.05974 0.28677 -0.21007 -0.15654 -0.07230 -0.26743 0.14826 0.02914 -0.04636 0.21484 -0.17787 -0.06888
-0.07812 -0.19891 -0.18893 -0.37341 0.17702 0.22766 -0.18656 0.15630 -0.32060 0.00065 0.31235 0.21892 0.11944 -0.19072 -0.05857 -0.29111 0.18857 0.17489 0.19837 -0.01925 -0.21384 -0.20256 0.26746 0.08219 -0.17423 0.19104 0.17697 0.09778 -0.12018 0.25378 -0.10783 -0.26046 0.08892 -0.01617 -0.21232 -0.12538 -0.02777 0.18862 0.20693 -0.07924
0.20315 -0.20329 -0.23314 -0.19625 -0.15940 0.43748 -0.04032 0.07124 0.17762 0.43538 0.30350 0.29613 0.31648 -0.15666 -0.11517 -0.15187 0.29447 -0.09442 0.24462 -0.12811 -0.20447 -0.01947 -0.16966 -0.12538 -0.06580 0.09104 -0.20381 0.17412 0.32676 -0.19084 -0.09104 -0.23839 0.38986 0.08375 -0.03058 -0.02168 0.03970 -0.00964 0.00324 0.16242
-0.00361 -0.25456 0.15890 -0.13392 0.34906 -0.27351 0.19625 0.20679 0.12941 -0.19536 0.01873 -0.16237 0.29446 -0.32463 0.22121 0.37785 -0.03420 -0.16177 -0.25996 -0.13280 0.16779 -0.27442 0.23444 0.10974 -0.21585 -0.12200 -0.31396 0.35400 -0.13537 0.06895 0.01137 0.28609 -0.20561 -0.22372 -0.24218 -0.26334 0.00808 0.05591 0.09072 -0.33060
0.04227 -0.05369 0.23147 -0.26846 0.07487 0.22597 0.33432 0.06229 -0.06017 -0.25833 -0.13772 0.34689 -0.18437 -0.09861 -0.09867 0.10561 0.13563 0.15543 0.05064 -0.11570 -0.01952 0.06646 0.12573 0.07075 0.02421 0.27410 0.19384 0.00932 -0.36194 -0.27350 -0.02479 0.02983 -0.27465 0.09965 -0.18933 0.25401 -0.12683 0.09109 -0.01504 -0.11698
-0.12346 -0.08322 0.20427 0.28573 0.18051 0.30785 -0.15066 0.11486 -0.38433 -0.04301 -0.07962 -0.25122 -0.25585 0.05514 -0.02698 0.33452 0.20905 -0.26753 0.06321 0.10541 -0.15805 -0.16762 -0.16260 0.00867 0.19828 0.12741 -0.11501 0.35316 -0.19348 -0.16488 0.05021 0.26579 -0.03273 -0.33404 -0.16063 -0.18494 0.06709 -0.05936 -0.29054 -0.20280
0.24237 -0.01618 -0.31493 0.13285 0.14222 0.01571 0.36445 -0.37817 -0.15883 0.23175 -0.29022 0.33998 -0.08946 0.10103 0.35212 0.08364 0.26890 0.25825 -0.08561 0.27291 0.02411 0.11776 0.15336 -0.10894 0.21130 -0.18768 -0.17966 0.13595 -0.02048 0.16428 -0.05767 0.01220 -0.30027 -0.28491 0.10313 0.13358 0.18161 0.09520 0.17955 -0.13700
0.21588 0.28412 -0.16001 -0.24027 -0.11149 -0.28906 0.23631 -0.34396 0.06830 0.24808 0.07068 -0.12339 -0.04500 -0.31367 -0.07117 -0.25409 -0.14283 0.25867 -0.01082 0.23006 0.38419 -0.15619 -0.05927 -0.02032 -0.30574 0.25361 0.14488 0.24938 -0.15434 -0.17319 -0.05277 0.28206 -0.11825 -0.15695 0.22798 0.25140 -0.09979 -0.16009 -0.14373 0.00019
0.05853 0.06044 0.11623 -0.00913 -0.00351 -0.26729 -0.13797 0.14428 0.20770 -0.19874 0.09009 0.00547 -0.09824 -0.15443 0.20492 -0.09555 -0.23344 -0.04834 0.01870 -0.30397 -0.01626 0.08652 0.17281 0.09274 0.17750 -0.12039 0.32664 -0.09425 0.08098 -0.00799 -0.13626 0.24998 0.08689 0.11346 0.02169 0.11919 -0.14728 0.06258 0.14843 0.18687
0.15812 -0.01577 -0.33956 -0.19821 -0.00257 0.40667 0.27814 0.04761 -0.13818 0.23842 0.36547 0.26447 0.26285 -0.01661 0.09205 0.13388 0.16648 -0.20645 0.10595 -0.01508 -0.04605 -0.00111 -0.14552 0.04382 0.21475 -0.13359 -0.11136 0.30005 0.22954 0.15211 0.01867 0.01523 0.19178 0.03860 -0.14314 0.03504 0.20391 -0.11635 0.13835 0.19393
-0.09173 0.10098 0.12164 0.28111 -0.19994 0.27890 0.10083 -0.09830 -0.25348 0.15110 0.02620 0.23037 -0.37752 -0.33100 -0.20706 0.10165 0.18623 -0.04674 0.07273 0.02100 -0.05532 -0.32557 0.01926 0.10173 0.26459 -0.16820 0.03858 0.33499 -0.06595 -0.16810 -0.28011 -0.07795 0.01367 0.02505 -0.12119 0.28883 -0.18738 -0.00830 -0.33819 0.12704
0.23087 0.13539 -0.25291 0.12139 0.06778 -0.07813 -0.30395 -0.08450 -0.19396 0.26163 -0.25398 -0.05292 -0.31898 -0.14936 -0.05941 0.04095 0.01078 0.01603 0.17778 0.24532 0.22993 -0.32549 -0.07356 -0.07662 -0.18978 -0.01954 0.06848 0.16343 0.19145 -0.15500 0.00798 0.07409 0.11548 -0.06052 0.03573 0.08580 0.06479 0.02009 -0.11810 0.01956
-0.31852 -0.35099 -0.24665 0.07357 0.10529 0.32016 -0.00845 0.21081 -0.15834 0.22201 0.32768 -0.10919 0.12053 -0.26457 0.24067 0.34815 0.41108 -0.00568 0.21543 -0.18332 -0.13017 -0.10102 0.26121 -0.03571 0.32901 0.01294 -0.10078 0.35961 0.10135 0.16174 -0.41493 0.16351 -0.18926 -0.36958 -0.23908 -0.09501 -0.24689 0.24738 -0.28844 -0.20093
0.27610 0.18181 0.03652 -0.05935 0.28898 -0.11778 0.21636 -0.45991 -0.04016 -0.01346 0.19020 0.41486 -0.04497 -0.29830 -0.00125 0.16805 -0.09633 0.18266 0.06790 0.12474 0.06175 0.29866 0.07922 0.17247 -0.17245 -0.22359 0.15252 -0.21261 0.14844 -0.24295 0.15691 -0.03542 0.28301 -0.19743 0.34575 0.36178 -0.25368 0.16652 0.09507 -0.22006
0.10161 -0.25604 -0.24467 0.04243 -0.01569 -0.29517 -0.24761 -0.08657 -0.37134 -0.02439 -0.16411 0.24287 0.03395 -0.27335 -0.16214 -0.24075 0.43849 0.14075 0.02971 0.25748 0.01731 0.15552 -0.14668 0.17154 -0.23478 0.08889 0.04910 0.02407 0.09920 0.10125 0.12368 -0.03564 0.13435 0.03569 -0.02943 0.06711 -0.09989 0.06305 0.32695 0.20604
-0.29900 0.31713 -0.13761 -0.27126 -0.18645 -0.17245 0.35651 -0.23606 0.09305 0.10882 -0.26420 -0.39896 0.05028 -0.39460 0.15525 -0.04696 0.27247 -0.23857 0.34435 0.41654 0.07559 0.23636 -0.36562 -0.05950 0.40360 0.08265 -0.07037 0.09745 -0.38795 0.15048 -0.02787 0.37503 -0.12333 0.01915 -0.13657 -0.04061 -0.12092 -0.08749 0.10256 0.18031
0.10388 0.37089 -0.03732 0.10199 0.19007 0.27135 -0.01155 -0.15010 -0.05101 0.30388 0.00475 -0.05647 -0.27019 0.39779 -0.13076 0.09436 0.22392 -0.12584 -0.07409 0.17407 0.03415 -0.26241 -0.03274 0.10311 -0.11641 0.08866 0.01964 0.10338 0.22303 0.03332 0.30917 -0.27413 -0.06824 -0.05394 0.28274 0.20857 -0.11843 0.09655 -0.16903 0.02189
0.29210 0.36142 0.06840 -0.23201 -0.32109 0.27597 0.24803 0.09644 0.07753 0.14350 0.15088 0.01459 0.25980 0.12700 0.38861 -0.31883 -0.16979 -0.11820 0.19095 0.26034 0.33603 -0.12123 0.12773 -0.20171 -0.36675 0.02757 0.28868 -0.13081 -0.27454 -0.04392 0.41109 0.23008 0.24222 0.03137 -0.07083 -0.40950 0.10844 -0.02379 0.33627 0.16076
0.12706 0.09405 -0.28825 -0.01703 -0.17823 0.05259 0.02759 0.04138 -0.12513 -0.36867 0.10975 -0.09234 0.06279 0.12564 -0.31158 -0.33303 -0.02209 -0.04015 0.06911 -0.12012 0.17125 0.34974 0.43844 -0.14391 0.13084 0.30579 -0.23845 0.13245 0.03293 -0.24000 -0.22057 -0.09951 0.11220 -0.02888 0.09706 -0.03002 -0.20331 -0.28556 0.29794 0.19256
-0.18269 0.30339 -0.05735 0.06757 0.24702 -0.27524 -0.09064 -0.00934 0.13201 -0.22641 0.23564 -0.22576 0.21196 -0.30798 -0.22548 -0.37296 0.12854 -0.21315 -0.22916 -0.06267 0.14168 0.17810 -0.25527 -0.24497 0.33286 -0.01207 0.30740 -0.14338 0.14741 0.02969 0.12112 0.23767 0.22369 -0.15230 0.23070 -0.20459 0.19438 0.09873 0.28398 0.10495
0.04120 0.07438 0.19531 -0.01412 -0.06993 -0.27505 0.06991 -0.03361 0.23326 -0.14915 -0.02841 -0.26034 0.17433 0.00455 0.12482 -0.05736 0.15015 0.28347 0.16667 0.16970 -0.17631 -0.23534 0.26038 0.18849 0.22749 -0.10037 0.19632 -0.27115 -0.00436 0.27754 0.15242 0.25685 0.19443 0.14546 -0.19583 0.19712 -0.06262 -0.21361 -0.36949 0.35997
0.23110 0.21482 0.33382 0.13510 -0.16817 -0.30577 -0.05745 -0.28526 -0.09655 0.11555 0.19529 0.15735 0.05746 -0.05403 -0.10905 -0.07646 -0.20288 0.19615 0.14704 0.36626 -0.14933 -0.03164 0.15647 0.25922 -0.02609 0.03421 0.18903 0.25261 -0.30609 -0.06929 0.10517 -0.09306 -0.32495 -0.04857 -0.10542 0.07066 -0.00883 0.18501 -0.14478 0.07675
-0.12839 0.01178 -0.22381 -0.08549 -0.11619 0.08181 0.10526 0.07562 -0.02769 -0.28429 -0.01051 -0.27815 -0.08924 0.01413 0.21658 0.14893 -0.16305 -0.32018 0.13173 -0.31884 -0.16796 0.20167 0.05739 0.10384 -0.08077 0.11739 0.21153 -0.13158 -0.02967 0.05032 -0.25412 0.19372 -0.01573 -0.03498 0.00444 0.00640 0.25966 -0.04355 -0.20055 0.14406
0.04349 -0.10361 0.11043 -0.22023 -0.07485 -0.20639 0.12450 0.32659 -0.05718 -0.15367 0.12079 0.01737 0.06362 0.15223 0.15107 0.01027 -0.37326 -0.07857 0.35709 -0.17272 0.13946 -0.35020 0.17145 -0.15190 0.38280 -0.21970 -0.22931 -0.29817 0.29959 -0.01815 -0.16415 0.04175 0.09093 -0.20707 0.13588 -0.11421 0.30635 -0.21132 -0.31160 0.07815
0.16778 0.30735 -0.31237 0.20908 0.26843 0.21801 -0.15180 0.20021 0.07153 0.25812 -0.18777 0.23784 -0.04460 -0.00934 -0.05419 -0.38002 -0.03301 -0.06919 -0.17032 0.01547 0.00630 -0.30285 -0.28998 0.16280 -0.10102 0.17429 0.23365 -0.09234 -0.21320 0.13384 -0.27961 0.04557 0.08375 0.11800 0.19681 0.03378 0.01735 -0.22055 0.14563 0.12746
0.09237 -0.03374 0.06807 0.14811 -0.15249 -0.05786 -0.10981 0.11626 -0.36115 0.16342 0.07068 0.03771 -0.20740 -0.05604 0.18350 0.14761 -0.10689 -0.11782 -0.06379 -0.05784 -0.04237 0.01755 0.08198 0.19606 0.09430 0.00951 0.11310 0.08023 -0.06698 -0.10109 -0.06701 0.12437 0.09594 -0.09543 0.07194 -0.07346 0.05647 -0.19498 -0.23092 -0.01456
-0.24071 -0.09858 -0.10928 -0.15087 -0.31585 -0.32280 -0.24918 -0.15475 0.44448 0.18591 -0.17821 -0.13159 -0.15575 -0.43812 -0.25789 -0.07459 0.00994 0.23182 -0.28813 -0.09956 -0.19928 0.17842 -0.31713 -0.35746 0.33831 0.08639 -0.00526 0.04813 -0.33696 0.09556 -0.37689 0.27540 0.25993 0.16451 -0.37343 -0.21148 -0.09102 0.23814 -0.06696 -0.34456
0.13692 0.12749 0.25502 0.20982 0.35503 -0.15102 -0.00935 -0.23567 -0.05350 -0.17876 -0.28632 0.03185 -0.10522 -0.23097 -0.27606 -0.30198 -0.16970 0.25064 -0.26430 -0.17557 0.21349 0.09321 -0.23693 -0.27327 -0.42289 0.15721 -0.44987 -0.02369 -0.35810 0.12884 0.17595 -0.27627 -0.25903 0.18934 -0.15175 0.17506 0.29990 -0.19463 0.02927 -0.02914
