0.04443 0.15241 0.32116 -0.14762 -0.17064 -0.36390 0.08929 -0.06745 0.07900 0.00445 -0.02743 -0.01273 0.04514 0.11123 0.14316 -0.01743 -0.15488 -0.22143 -0.18522 0.34816 0.04601 -0.24191 -0.00411 -0.03539 0.00179 0.14387 -0.09200 -0.09242 0.10426 0.02988 -0.29448 0.08170 0.27488 -0.00896 -0.00991 0.18499 0.07714 0.00171 -0.04750 -0.27320
0.02122 -0.04575 -0.27375 0.12583 0.16266 0.22361 -0.05494 -0.05011 -0.24212 0.00100 0.01654 -0.02381 -0.12087 -0.12200 -0.06269 -0.07539 0.00142 0.32002 0.06829 -0.24333 -0.11515 0.05318 -0.00200 -0.01077 0.13141 -0.16267 0.16448 0.09100 -0.26921 0.05953 0.22516 -0.00536 -0.26154 0.10731 -0.16578 0.05058 -0.01018 -0.08541 0.03344 0.12348
0.00937 -0.15780 -0.04487 0.11946 0.17944 0.25313 -0.14305 0.04270 -0.21430 0.06549 -0.00128 -0.05221 -0.01189 -0.06721 -0.10756 0.02153 0.19008 0.22756 0.01118 -0.32481 -0.05856 0.18210 -0.02907 0.01679 0.01381 -0.11879 0.09379 0.13198 -0.19525 -0.00323 0.22960 -0.21494 -0.31749 -0.03206 -0.04183 -0.24026 -0.03845 -0.11506 0.16310 0.19124
-0.15184 -0.01421 -0.17520 0.23624 -0.06073 0.35703 0.00718 0.18347 -0.16837 0.13305 -0.06106 0.12141 -0.17759 -0.18036 -0.23639 0.11346 0.00667 0.08189 0.24409 -0.22388 -0.08254 -0.02976 -0.04937 0.15089 0.14118 -0.12498 0.08609 -0.06088 -0.10042 -0.08122 0.26287 -0.01462 0.00066 -0.00087 -0.05286 -0.12048 -0.06623 0.06129 -0.12394 0.33408
-0.18237 0.08395 -0.05939 -0.00554 -0.07209 0.12514 0.09398 0.18582 0.23799 -0.01560 0.05458 0.16746 -0.11864 -0.19661 0.00265 0.10538 0.17828 0.22117 0.14058 -0.10670 0.05105 0.24052 -0.18680 0.10927 -0.02052 -0.06300 0.20739 0.04759 0.00412 -0.01955 0.12795 -0.11096 -0.28193 0.07415 0.13369 -0.31745 -0.01864 0.19404 -0.17922 0.17508
-0.00768 -0.13540 -0.37370 0.14165 0.07338 0.16836 -0.14603 0.03117 -0.17086 -0.05633 0.03756 -0.01267 0.01936 0.04506 -0.11846 -0.01205 0.11379 0.12686 -0.00074 -0.14443 -0.08656 0.11174 -0.04884 -0.12692 0.06966 -0.09919 0.22715 0.11845 -0.21663 0.11571 0.23244 -0.01805 -0.18022 0.11416 -0.05616 -0.10654 0.03341 -0.07741 0.09084 0.23312
0.06300 0.15369 0.31518 -0.14853 -0.17204 -0.37829 0.10484 -0.04822 0.10899 0.00110 -0.04766 -0.02684 0.06723 0.11980 0.13530 -0.02035 -0.15841 -0.24249 -0.18893 0.37082 0.05047 -0.25473 0.00566 -0.02483 0.00715 0.16088 -0.12143 -0.09318 0.10520 0.02731 -0.31882 0.07711 0.26998 -0.01412 -0.00734 0.19710 0.07101 0.00373 -0.05686 -0.30555
-0.11123 -0.27470 -0.00509 0.13729 0.19287 0.16793 -0.17665 0.13004 -0.21107 0.02166 -0.01299 -0.05061 -0.03006 0.03689 -0.10184 0.02508 0.14600 0.13025 -0.01087 -0.28572 0.00706 0.05358 -0.22074 0.00619 -0.04076 -0.15801 0.17025 0.08383 -0.10714 0.09591 0.26446 -0.24167 -0.21819 0.11029 0.04753 -0.25834 -0.01333 -0.04269 0.20353 0.27867
-0.00449 -0.12167 -0.11522 0.15157 0.24544 0.23958 -0.10992 0.02933 -0.24069 -0.05013 0.00972 0.04178 -0.15317 -0.02556 -0.15969 -0.02742 -0.02726 0.31201 0.07280 -0.30740 0.00551 0.08767 -0.12067 0.00960 0.03740 -0.08591 0.16339 0.15565 -0.19932 0.04155 0.18836 -0.12345 -0.15928 0.02570 -0.02435 0.03219 -0.10653 0.01440 0.15905 0.18855
0.04345 -0.06064 -0.29163 0.07963 0.02631 0.17680 -0.14454 -0.16887 0.14093 -0.03673 0.04953 0.00680 0.03236 0.08215 -0.01145 -0.09723 0.19436 -0.11152 0.08405 -0.15775 0.06962 0.34068 0.27352 0.13256 -0.19726 0.06897 -0.02246 -0.04502 0.25221 -0.23432 0.19809 0.14202 -0.04918 -0.12089 0.07210 -0.28021 0.13854 0.08086 0.02357 0.07380
0.08374 -0.06212 -0.20992 0.08400 0.23518 0.22940 -0.04834 -0.01334 -0.26544 0.01714 0.07604 -0.07829 -0.08655 -0.04641 -0.13967 -0.01820 0.11230 0.29559 0.04899 -0.30689 -0.03098 0.04948 -0.03703 -0.02918 0.05005 -0.06039 0.06048 0.06524 -0.21503 0.12546 0.28137 -0.12137 -0.28728 0.06470 -0.07982 -0.14595 -0.02324 -0.14919 0.10916 0.23558
