-0.14607 -0.08203 0.05791 -0.06702 0.10890 -0.02811 -0.11061 -0.19491 0.13860 0.08880 0.02214 0.03587 -0.14138 0.20637 0.12193 -0.03532 0.25098 0.00731 0.18345 0.00978 0.27247 -0.05469 -0.03021 0.09756 -0.23105 -0.08581 -0.08341 0.01974 -0.18450 -0.08351 0.08083 0.12502 0.05459 0.03897 0.05284 -0.08343 -0.08729 -0.15288 0.31133 -0.02333
-0.20371 -0.06205 -0.04080 -0.12333 0.12503 0.11554 -0.10490 -0.12816 0.19167 0.17291 0.07118 0.06282 -0.05548 0.15551 0.05132 -0.14846 0.28939 0.00824 0.26537 0.02945 0.35083 -0.11767 -0.09819 -0.03839 -0.19898 -0.11991 -0.06829 -0.00299 -0.33033 -0.06077 -0.01947 0.06915 0.07925 0.00283 0.01316 -0.11823 -0.00338 -0.08062 0.31257 0.00550
-0.23858 0.00717 -0.07521 -0.16113 0.01008 0.03940 -0.20780 -0.11235 0.14784 0.13832 -0.06119 -0.03127 0.01068 0.13392 0.04308 -0.19033 0.37301 -0.04677 0.21571 -0.09781 0.32391 -0.11051 -0.11001 0.10817 -0.17029 -0.12389 -0.07755 -0.00738 -0.21810 -0.08418 -0.05097 0.14186 0.12073 -0.08763 0.08945 -0.14659 -0.20391 -0.11528 0.30965 -0.04527
0.04223 -0.13909 0.08483 -0.01331 0.05285 0.09141 0.07012 -0.17346 -0.04173 -0.03406 -0.22692 -0.01669 0.08503 -0.08494 -0.28364 0.10378 -0.12532 0.03999 -0.35420 0.11298 -0.08857 0.01831 -0.09144 -0.16316 0.20599 0.08476 0.01942 -0.36474 -0.01776 0.02834 -0.14701 0.02344 -0.03856 0.24980 -0.12674 0.05750 -0.17555 0.15549 -0.11916 0.20935
-0.19918 0.04210 0.06818 -0.25210 0.14632 0.07704 -0.09152 -0.18890 0.21544 0.19035 0.10685 -0.04403 -0.03011 0.14229 0.03501 -0.07481 0.21891 0.01121 0.30491 -0.04229 0.34377 -0.12171 -0.05310 0.01771 -0.17790 -0.17747 -0.09396 -0.06878 -0.37998 -0.13928 0.02947 0.19944 -0.02145 -0.03687 0.04236 -0.17432 -0.14796 -0.09639 0.39449 0.12785
-0.23750 0.05465 0.01625 -0.23651 0.01576 0.02857 -0.05407 -0.15542 0.17460 0.06265 0.07681 -0.04301 0.00565 0.10471 0.07433 -0.10684 0.31079 0.00974 0.23616 -0.02908 0.34874 -0.09410 -0.15794 0.07048 -0.17097 -0.04113 -0.09121 -0.09884 -0.33428 -0.21794 -0.00629 0.16704 0.21496 0.02447 -0.03116 -0.12215 -0.20481 -0.12509 0.26630 0.14233
0.25939 -0.08037 0.26120 -0.01429 -0.00659 -0.26821 0.15011 -0.02164 -0.28236 -0.06919 -0.23608 0.15924 -0.39836 -0.09474 -0.00420 0.09779 0.01774 0.20434 -0.10807 -0.03841 0.01486 0.20188 0.38606 0.00815 0.06108 0.23629 -0.01987 0.09867 -0.00004 0.10021 0.08182 -0.18035 -0.23408 0.03076 -0.18613 -0.06310 0.04905 -0.06833 0.03244 -0.15114
-0.02041 -0.03170 -0.21660 0.04669 0.04643 -0.24984 0.01166 -0.04600 -0.23380 -0.00484 -0.18144 0.00587 -0.14715 0.08673 -0.13446 0.06396 -0.13597 -0.02578 0.13958 -0.21670 0.02477 0.24849 0.13989 0.15717 0.14554 0.10181 0.21711 0.12752 0.10336 0.21158 0.16099 -0.14745 -0.12012 -0.14192 -0.08765 -0.06959 -0.18399 0.00299 0.03789 -0.10951
0.12575 -0.24216 0.32045 0.15948 0.12380 -0.11680 -0.04647 0.12437 -0.25679 0.04148 -0.19028 0.09770 -0.32905 0.06409 0.10998 0.10830 -0.04107 0.12208 0.16029 0.17131 -0.06691 0.19079 0.14176 -0.18441 0.06530 -0.00052 -0.07896 0.17541 0.05294 0.06106 0.06703 -0.13044 -0.09768 0.00811 -0.02502 -0.00363 0.18770 -0.02829 -0.09371 -0.11833
-0.01382 0.08720 -0.10469 0.26483 -0.14409 -0.00257 -0.07843 0.06780 0.06267 -0.15672 0.06128 -0.14620 0.32594 -0.09894 0.01480 0.07198 -0.18827 -0.13758 -0.11892 -0.01643 -0.19036 -0.11253 -0.08457 0.04920 0.18728 -0.11389 -0.11482 -0.10791 0.18417 0.01682 0.02408 0.08313 0.10201 0.04485 0.18060 0.09969 0.09665 0.12145 -0.20956 0.16386
-0.00730 0.21508 -0.27994 0.32317 -0.08457 -0.01028 -0.12230 0.10324 0.18477 -0.11764 0.16664 -0.17586 0.27602 -0.11535 0.12576 0.08284 -0.12430 -0.15121 -0.06136 -0.00040 -0.21929 -0.12363 -0.15400 0.10112 0.14753 -0.16639 -0.08063 -0.07583 0.21940 0.01936 -0.05210 0.14443 0.12763 0.04862 0.28137 0.16814 0.10438 0.10178 -0.29628 0.13072
-0.04844 0.14183 -0.23094 0.28427 -0.14823 0.01366 -0.03702 0.09243 0.17518 -0.12675 0.13499 -0.11591 0.39246 -0.11019 0.07008 0.05343 -0.16641 -0.15345 -0.07842 0.03108 -0.23174 -0.10899 -0.18463 0.07124 0.09592 -0.19335 -0.10732 -0.08576 0.22919 0.08609 -0.04145 0.17148 0.16180 0.01272 0.23109 0.17005 0.03266 0.12250 -0.26211 0.07260
0.02844 0.14226 -0.19422 0.33213 -0.12613 -0.09480 -0.05083 0.08762 0.11927 -0.13273 0.05240 -0.13005 0.27193 -0.14732 0.10939 0.13769 -0.14922 -0.09582 0.03031 -0.04160 -0.18700 -0.10754 -0.12805 0.07432 0.10299 -0.21857 -0.11777 -0.03807 0.22536 0.03398 -0.00952 0.13786 0.15389 0.02591 0.27331 0.18673 0.12652 0.12624 -0.26205 0.10921
-0.03249 0.16509 -0.16781 0.30929 -0.08390 0.00974 -0.13041 0.00757 0.15550 -0.10350 0.19438 -0.07051 0.42266 -0.14043 0.11191 0.14368 -0.11559 -0.18122 -0.04967 -0.01033 -0.22453 -0.26021 -0.12427 0.02301 0.05171 -0.21771 -0.18849 0.00761 0.19607 0.01729 -0.00001 0.12301 0.21095 -0.02815 0.24006 0.21738 0.09447 0.10117 -0.24174 0.15540
-0.14674 0.07373 0.00555 0.21197 -0.13234 0.19339 -0.02677 -0.13222 0.16748 -0.10366 0.11901 -0.02965 0.31235 -0.11899 0.06492 0.16298 0.01048 -0.10138 -0.18622 -0.05627 -0.13708 -0.10770 0.00827 0.07611 0.01431 -0.00196 -0.11596 0.12728 -0.00064 -0.09497 0.05128 0.22415 0.11583 -0.03467 0.10248 0.12038 -0.07767 -0.00980 -0.29853 -0.01355
-0.07551 -0.16632 0.10348 0.03846 -0.19043 -0.01162 0.21441 0.10293 -0.08559 -0.18173 -0.08947 0.08860 -0.10337 -0.12609 -0.05435 -0.01302 -0.06855 -0.09648 0.16781 0.14719 -0.11315 -0.12030 -0.15650 -0.17803 0.05409 -0.09539 -0.02663 0.30157 0.13483 -0.04734 0.13926 -0.12429 0.09901 0.01509 -0.00190 -0.09842 0.24101 0.07508 -0.26389 -0.05880
0.07111 -0.16805 -0.15745 -0.05137 0.07024 0.13516 -0.09849 0.08373 -0.05639 -0.03575 0.08007 0.02213 0.06237 -0.11327 0.06668 -0.17413 0.10610 -0.22847 -0.08215 0.04449 -0.20179 0.09449 0.16616 -0.16284 -0.21282 -0.05617 0.04907 -0.04040 0.05390 0.16936 0.15448 -0.12479 0.01532 -0.18454 0.26262 -0.08798 -0.01466 0.27641 0.04468 -0.18416
0.26426 -0.17234 -0.25042 -0.10281 0.11652 -0.02573 0.13607 0.18708 0.03268 0.07419 -0.07203 0.02650 -0.27441 -0.15015 0.12683 -0.18356 0.05966 0.03623 0.13297 0.16516 -0.11581 0.19918 -0.00601 -0.10004 -0.18323 -0.04657 0.14142 -0.02219 0.22306 0.13081 -0.17459 -0.04519 0.16339 -0.17865 0.01783 -0.12876 0.09669 0.00738 -0.01512 -0.09426
0.18621 -0.07992 0.25413 -0.00056 0.02333 -0.21679 0.07874 -0.02166 -0.19417 -0.03333 -0.22956 0.06638 -0.29657 -0.06091 0.04373 0.15653 -0.07164 0.19498 -0.07234 -0.10086 0.03883 0.14597 0.34113 -0.01032 -0.00723 0.20576 -0.05765 0.07338 -0.00273 0.09695 0.07548 -0.17901 -0.21800 -0.01479 -0.14631 0.03191 0.05845 -0.00279 0.08116 -0.15498
0.21960 -0.03386 0.30394 -0.01652 -0.04042 -0.20410 0.08410 0.01661 -0.32276 -0.03865 -0.26779 0.02500 -0.34253 -0.07380 0.03476 0.13017 0.02787 0.19787 -0.07906 -0.13672 0.03520 0.18138 0.36835 -0.00051 -0.00679 0.27867 -0.05241 0.05957 -0.02769 0.12692 0.11043 -0.15697 -0.29226 0.02126 -0.13353 -0.01301 -0.03457 -0.01931 0.07805 -0.15387
0.20550 -0.11489 0.26961 -0.02259 0.00442 -0.30403 0.11984 -0.03296 -0.30365 0.00698 -0.28437 0.07525 -0.36214 -0.01594 0.01889 0.11562 -0.01044 0.21298 -0.01711 -0.07597 0.03089 0.19526 0.36241 0.01028 0.01362 0.24373 0.00659 0.14663 0.00747 0.14375 0.05940 -0.11469 -0.23734 0.00847 -0.18772 -0.09414 0.00186 -0.05356 0.01992 -0.16260
-0.12784 -0.06261 0.01450 -0.09718 0.12918 0.08254 -0.18078 -0.09171 0.22093 0.12364 0.15497 0.06586 -0.06567 0.19183 0.14839 -0.11218 0.29443 -0.02472 0.22087 0.06685 0.26298 -0.14790 -0.09472 0.06707 -0.25323 -0.08197 -0.10869 0.05527 -0.19999 -0.12894 0.04424 0.06159 0.07146 -0.06913 0.06645 0.02180 -0.08569 -0.12318 0.31644 -0.04279
-0.07451 0.20863 0.06554 -0.00796 -0.05854 -0.05341 0.05382 0.19317 -0.24795 -0.11826 0.30594 -0.06508 0.23923 0.05989 -0.29984 -0.10192 0.03421 -0.07982 -0.14162 0.06149 -0.20944 0.07820 -0.01497 -0.25773 0.18938 0.19969 0.12505 0.10947 -0.06071 -0.31341 0.21370 -0.07698 0.06869 0.05417 0.02812 -0.18964 0.10570 -0.12066 -0.09823 0.03259
-0.07934 0.21134 0.06188 -0.03363 -0.06859 -0.05780 0.05218 0.18182 -0.25168 -0.13465 0.29128 -0.07868 0.22696 0.09052 -0.28357 -0.11436 0.01889 -0.08751 -0.15571 0.05611 -0.20878 0.04705 0.00469 -0.23002 0.17490 0.20965 0.14104 0.13075 -0.04447 -0.29907 0.21964 -0.06630 0.07881 0.04100 0.02210 -0.17518 0.12860 -0.11921 -0.09021 0.02918
0.19447 -0.02616 0.31920 -0.03524 -0.02642 -0.27658 0.09945 0.02231 -0.25593 -0.02736 -0.25115 0.13778 -0.29834 -0.10680 0.02663 0.06247 0.02953 0.24848 -0.10378 -0.08542 0.05624 0.17341 0.36993 -0.04731 0.03577 0.25858 -0.09073 0.10285 -0.05874 0.11193 0.06612 -0.12471 -0.27622 -0.02161 -0.15038 -0.07908 0.10944 -0.07652 0.07159 -0.16399
0.02092 -0.13447 0.03445 -0.02217 0.01169 0.13611 0.09222 -0.17127 -0.06378 -0.01262 -0.18284 0.00508 0.06019 -0.01077 -0.29982 0.11876 -0.08475 0.03612 -0.37000 0.09257 -0.05004 0.05423 -0.13019 -0.14818 0.16302 0.16511 0.07353 -0.35706 -0.03066 -0.01849 -0.09682 0.08938 0.00429 0.35087 -0.17941 0.07245 -0.15031 0.08030 -0.11406 0.18684
0.21027 -0.23666 -0.04675 -0.07150 -0.00210 0.08213 0.28046 0.33262 0.04549 0.00936 -0.07242 0.01113 -0.15229 -0.04716 0.07219 -0.11127 -0.18522 0.01691 0.05501 0.20068 -0.08461 0.26500 -0.04947 -0.06190 -0.15820 0.07494 0.20769 0.08712 0.19684 0.22993 -0.10820 -0.01575 0.08257 -0.16328 0.16821 -0.14088 0.09721 0.08988 -0.11549 -0.23954
