0.17371 0.20199 0.06517 0.34921 -0.00231 0.02498 0.04197 -0.16011 0.08885 -0.06671 -0.32910 0.08476 0.09043 0.24253 -0.03681 -0.10637 0.00539 -0.13893 0.02741 0.21049 0.07834 0.10484 -0.00727 0.14165 -0.04948 0.12202 0.11736 0.11660 -0.08481 0.09361 0.06907 0.04610 -0.15298 -0.14267 0.17437 0.06560 0.10023 0.10939 0.01013 -0.16331
0.12152 0.09858 0.16238 0.18671 -0.03706 0.12429 0.09514 -0.21592 0.07322 -0.15025 -0.35815 -0.09696 0.02177 0.14904 0.12379 -0.09320 0.02609 -0.11990 -0.19525 0.03870 0.22703 0.18216 -0.06010 0.12739 0.20402 0.12345 0.06754 0.15020 0.06162 -0.00031 0.11895 -0.05764 0.09299 -0.03602 0.12512 -0.02729 0.09220 -0.01859 0.03590 -0.00918
0.00436 0.14114 0.01345 0.16761 -0.13284 -0.06709 0.02541 -0.18351 0.05965 -0.04070 -0.24115 -0.09521 -0.12172 0.12591 0.22344 -0.21877 0.14582 0.02632 -0.07443 0.08073 0.23670 0.01895 -0.18474 0.12713 -0.03807 0.05024 0.17757 0.05549 -0.05003 -0.00437 0.03090 0.03780 -0.07036 0.05252 0.15893 -0.09025 0.21831 0.05034 0.02444 -0.03582
-0.07772 0.08065 0.01317 0.28518 -0.04116 -0.12850 -0.05116 -0.15447 0.16055 -0.08723 -0.18689 0.07867 0.01811 -0.03197 0.12088 -0.15541 0.15794 -0.08155 -0.14547 -0.02763 0.27932 0.20210 -0.13413 0.09866 0.03272 -0.01838 0.14380 0.06023 -0.14370 -0.02254 0.01974 0.04012 0.03434 0.05824 0.12364 -0.03035 0.08885 0.07314 0.00011 0.02418
-0.11102 0.02320 0.08192 0.37142 0.12730 -0.02736 -0.04233 -0.04800 0.38044 -0.00936 -0.37687 0.22012 0.12333 0.10775 -0.09556 0.00552 -0.00421 -0.06868 0.10853 0.11726 -0.02519 0.07569 -0.06499 -0.00097 -0.09028 -0.16758 0.26084 -0.21507 0.16241 0.17756 0.01269 0.09495 -0.06745 -0.09569 0.24832 0.04621 -0.05711 0.21159 0.18499 -0.10226
0.03753 0.20038 0.06387 0.21396 0.08770 -0.09504 -0.22874 -0.02941 0.09038 -0.02617 -0.18504 -0.01546 -0.12974 0.11503 -0.11216 -0.21933 -0.07234 -0.11617 -0.17731 0.18767 0.02230 0.13569 -0.13104 -0.02066 -0.00001 -0.00620 -0.06273 -0.07285 0.10374 -0.06236 0.06581 0.11909 0.09923 0.01297 0.09530 0.06074 -0.02807 -0.07121 0.07289 -0.10380
-0.04629 -0.17577 -0.13450 -0.32313 0.03252 0.17689 0.19903 0.10448 -0.33074 -0.04169 0.41670 0.19165 -0.06525 0.04120 -0.02658 0.21075 -0.12705 0.00468 0.11517 -0.05413 -0.26664 -0.04510 0.25304 0.03931 -0.02905 0.03312 -0.14480 -0.09329 -0.04224 0.08408 -0.01013 -0.18859 -0.07920 0.10636 -0.07843 0.06531 0.12370 -0.15486 -0.15171 0.15954
-0.01950 0.32691 0.09611 0.27424 -0.26289 -0.16850 -0.26108 -0.28475 0.07605 0.09724 -0.25452 -0.09614 -0.05156 0.21728 0.09898 -0.10663 0.06343 -0.13638 -0.04997 -0.06284 0.31234 -0.10456 0.06004 -0.04114 -0.00646 -0.02137 0.18785 -0.22459 0.19344 0.21489 -0.06077 0.05289 0.11750 0.16262 0.26619 -0.03183 0.17115 0.21137 -0.21996 -0.10676
-0.06204 0.00375 0.14009 0.36423 -0.13708 -0.09195 0.01482 -0.07341 0.16720 0.04134 -0.07372 -0.38468 -0.09721 0.08781 -0.00046 -0.09305 0.10786 0.11510 -0.19583 0.27633 0.17591 0.03272 -0.20621 -0.00113 -0.02410 -0.00027 0.04696 0.07628 0.16474 0.20296 -0.02787 -0.10977 -0.03488 0.05032 0.00251 -0.08932 -0.02385 0.01065 -0.01784 -0.19856
0.07580 0.19241 0.08635 0.27391 0.01996 -0.04463 -0.15854 -0.10494 0.07677 0.11737 -0.13075 -0.02630 -0.15522 0.23283 0.12349 -0.28890 -0.02357 -0.00426 -0.07930 0.34762 0.16238 -0.00488 0.10257 -0.05787 0.01890 -0.17939 0.03227 0.13538 0.01230 0.19630 -0.04591 -0.16471 -0.17672 -0.11359 0.19531 -0.15188 0.09329 0.16578 -0.10218 0.03043
0.07416 0.01781 -0.14394 -0.03595 0.12054 0.01291 0.01435 0.17721 -0.20384 0.07034 0.12725 -0.03710 0.00531 -0.13808 0.04406 0.18254 -0.14299 0.04221 0.14813 -0.00139 -0.01099 0.02833 0.06029 -0.01413 -0.07075 0.20428 0.10576 0.17661 -0.06445 0.00148 0.01210 -0.06166 -0.02581 0.05166 0.18810 -0.01150 -0.11574 0.00938 0.02367 -0.02712
0.01496 0.02150 0.13812 0.18469 -0.10834 -0.10339 -0.07209 -0.28102 0.15992 -0.04239 -0.34222 -0.12899 -0.25257 -0.04267 0.07079 -0.27027 0.36352 -0.05816 -0.23322 0.15462 0.18027 0.16894 -0.09427 0.06481 0.12817 0.01367 0.14980 -0.09368 0.13279 -0.06692 -0.19943 0.23438 0.01987 -0.05120 0.04337 -0.00539 0.12978 0.17948 0.12999 -0.10245
-0.02311 -0.17970 -0.16189 -0.26776 0.04230 0.16802 0.21374 0.10989 -0.29551 -0.08130 0.35600 0.11427 -0.12021 0.02932 0.02418 0.10763 -0.13705 0.00831 0.09904 -0.03694 -0.21752 -0.01089 0.19482 0.08104 -0.03917 0.00090 -0.15084 -0.08086 -0.01773 0.04937 0.04353 -0.18736 -0.13467 0.07391 -0.06206 0.09265 0.08878 -0.18420 -0.14147 0.12831
-0.02780 0.21933 0.10152 0.36421 -0.04789 -0.14545 -0.04386 -0.12010 0.11017 -0.08617 -0.36026 -0.05360 -0.04372 0.08065 0.09038 -0.08203 0.12893 -0.16117 -0.23489 0.15882 0.12308 0.11108 -0.19351 0.03584 -0.02211 -0.04234 0.08005 -0.00844 -0.04141 0.00678 -0.09034 -0.08396 -0.02502 0.04251 0.13075 -0.08889 -0.02862 0.05292 0.10674 -0.01371
-0.02274 0.23302 0.10372 0.05940 -0.30007 -0.14654 -0.26041 -0.13592 0.19479 0.20552 -0.28040 0.08822 -0.00956 -0.07243 -0.12848 -0.17381 -0.11615 -0.03227 -0.13464 0.13485 0.22327 -0.20500 -0.19354 -0.07970 0.06676 0.11800 -0.11822 -0.04428 0.22864 0.09576 0.03960 0.08151 0.26361 -0.15223 0.11097 -0.17192 -0.01763 0.03749 0.24076 0.03431
0.04301 0.18963 0.11104 0.25265 -0.06277 0.00485 -0.05433 -0.21987 0.25011 -0.11275 -0.29782 -0.01611 0.02624 -0.02740 0.09245 -0.03085 0.07519 -0.03987 -0.09311 0.17532 0.12720 0.11001 -0.15609 -0.03480 0.06572 -0.08507 -0.03240 -0.04749 -0.00863 -0.06041 -0.07104 -0.05689 -0.09220 0.14517 0.12584 -0.06405 0.10224 0.20316 0.10252 -0.11508
-0.07841 0.22884 0.15894 0.22476 0.00432 -0.06539 -0.07619 -0.13007 0.17239 -0.09080 -0.39549 0.02460 -0.15985 0.23607 -0.06290 -0.22182 0.07600 0.06760 -0.03719 0.18296 0.05028 -0.02597 0.05008 -0.18034 0.12933 -0.09302 -0.13708 -0.02852 0.03430 0.10614 -0.09471 -0.21951 -0.15681 0.05617 -0.06847 0.01894 0.22332 0.18505 0.14325 -0.05783
0.01105 -0.01723 0.05909 0.29794 -0.19815 0.10047 -0.04076 -0.08534 0.29325 -0.02617 -0.03774 -0.12353 -0.08766 0.05056 0.10466 -0.17362 0.03656 -0.04123 -0.24449 0.13657 0.00046 -0.03230 0.03520 -0.05138 -0.05986 0.00509 0.02724 0.10882 0.13409 -0.05860 0.06492 -0.05093 -0.07739 -0.04445 0.10958 -0.01817 0.19364 -0.07457 -0.02628 -0.09432
0.01543 0.05968 0.03192 0.27542 0.02983 -0.01408 0.01373 -0.02498 0.10320 -0.07177 -0.30020 -0.24905 -0.10109 0.09985 -0.03324 -0.33690 0.10314 -0.09721 -0.14407 0.19975 0.10169 0.14805 -0.05392 0.04319 -0.03194 -0.06068 0.05080 0.00062 -0.00475 0.11884 -0.11616 0.03008 -0.19083 0.09223 0.10832 -0.06273 -0.07222 0.20496 0.18161 -0.03597
-0.04863 0.17455 -0.02019 0.37422 0.04837 -0.22334 -0.05429 -0.16401 0.08242 -0.08719 -0.30620 -0.02530 -0.03296 -0.01097 0.06889 -0.13744 0.20574 -0.03340 -0.25540 0.11545 0.22179 0.14304 -0.08920 0.04223 -0.03002 -0.08600 0.03394 0.17461 0.01947 0.04419 -0.02816 -0.03140 0.21611 0.04453 0.12528 -0.08498 0.03067 0.14269 -0.04792 0.07331
0.02787 -0.03449 0.07719 0.29512 -0.09664 -0.07940 -0.00680 -0.13316 0.12379 -0.19880 -0.37696 -0.10426 -0.16809 0.04604 0.24096 -0.29789 0.26015 0.00717 0.00273 0.12965 0.15271 0.12230 -0.23596 0.07387 0.04480 0.10506 0.14812 -0.01249 -0.07717 -0.01323 -0.03189 -0.25949 -0.03359 -0.07835 0.11938 -0.06202 0.17341 0.13170 -0.07668 -0.20362
-0.09301 0.10699 0.12899 0.18694 -0.23406 -0.01154 -0.09169 -0.14525 0.20637 0.06860 -0.24175 -0.03696 -0.08355 0.11677 0.03244 -0.11485 -0.05053 0.05190 -0.27245 0.04831 0.17083 0.08141 -0.20335 0.03435 -0.10526 0.06794 0.17843 0.07100 0.08687 -0.05150 -0.03108 0.17910 0.05806 0.02406 0.09323 -0.12306 0.13038 0.15517 0.13833 -0.09251
0.02016 -0.16482 -0.11834 -0.21952 0.00006 0.14144 0.12749 0.11230 -0.27741 -0.11306 0.38520 0.13259 -0.04808 0.01758 -0.00168 0.14395 -0.18834 0.05355 0.10812 -0.06286 -0.23648 -0.12493 0.19867 0.00371 -0.08771 0.03166 -0.10783 -0.04661 0.04184 0.08792 0.02229 -0.19850 -0.01699 0.04480 -0.08186 0.02833 0.10531 -0.21553 -0.12401 0.08567
0.04057 -0.02214 0.05177 0.14214 -0.16698 -0.28066 -0.20185 -0.02563 0.01914 0.02650 -0.42849 -0.10927 0.00850 -0.03262 -0.01058 -0.27772 0.08911 -0.03102 -0.04429 0.06647 -0.00201 0.06154 -0.20947 -0.00986 -0.19887 -0.03702 -0.03941 -0.02179 0.16185 0.03711 -0.20669 0.10859 0.18821 0.00016 0.04544 -0.02060 -0.02875 0.04189 0.00062 -0.26886
-0.11569 0.12039 0.27519 0.30173 -0.31203 0.04107 -0.08623 -0.05198 0.22711 -0.00455 -0.15626 -0.05604 -0.23419 0.00004 0.01951 -0.10204 0.08507 -0.24990 0.08812 0.00928 0.17589 -0.01043 -0.00793 0.26526 0.18648 0.09933 -0.19015 -0.21464 0.00506 0.12470 -0.09902 0.05758 -0.07338 0.12670 0.13065 -0.02862 0.02231 0.12039 -0.01718 -0.12793
-0.08063 -0.02566 0.24374 0.18203 -0.02594 -0.05743 0.02518 -0.27410 0.08312 0.06934 -0.15877 -0.00055 -0.28641 0.02034 0.10997 -0.28125 0.13251 -0.09427 0.07893 0.13242 0.29803 -0.14170 -0.12691 0.08157 0.22737 0.02675 0.09829 0.01756 0.03120 -0.07783 0.01463 0.01132 0.14272 -0.13296 -0.01808 -0.12084 0.12907 0.08347 0.22673 -0.06507
0.25326 -0.11914 -0.07981 -0.21138 -0.00120 0.22423 0.05248 0.22584 0.01673 -0.19540 0.27314 -0.07961 0.06942 -0.04108 -0.24477 0.21396 0.00480 0.12506 0.04624 -0.23552 -0.11420 -0.04299 0.11696 -0.03685 -0.04959 -0.06780 -0.06844 -0.03401 0.14260 0.01832 -0.02144 -0.06845 -0.12928 -0.08757 0.19866 -0.06065 0.06047 0.17205 -0.03219 -0.07520
0.06769 0.00488 0.01497 0.18956 -0.00219 -0.10695 -0.16133 -0.20231 0.12076 -0.08528 -0.25847 -0.00213 -0.16154 -0.11411 0.01778 -0.17116 0.24072 -0.15031 -0.16083 0.11619 0.21617 0.11268 -0.15363 -0.05735 0.04450 -0.10693 0.15087 -0.13432 0.19823 -0.02855 -0.11465 -0.02971 -0.07730 -0.01677 0.17211 -0.19218 -0.14261 -0.00494 0.10222 0.04937
0.22672 0.21096 -0.13302 0.29231 -0.06151 -0.14578 -0.14946 -0.18277 0.09159 -0.05006 -0.29782 -0.04358 -0.09409 0.07710 -0.15989 -0.23570 0.01148 -0.14191 -0.02711 0.26474 0.15399 0.05972 -0.11153 0.04957 0.09035 0.12861 -0.00409 0.07505 0.07971 0.00648 -0.21294 0.00722 0.07771 -0.01930 0.07336 -0.14986 0.03731 0.27657 0.04768 -0.15457
-0.10172 0.17292 0.31491 0.13787 0.21841 -0.22243 -0.24015 -0.04782 0.16431 0.05520 -0.20344 0.05808 0.19546 -0.07319 0.15834 -0.31525 0.14302 -0.29608 -0.03979 -0.14827 -0.06725 0.07566 0.01173 0.11082 -0.22400 0.03151 0.01546 -0.11863 -0.05094 0.09637 -0.10695 -0.13146 0.10556 0.18850 -0.10917 0.15151 -0.24429 -0.00953 0.08492 -0.25219
-0.05686 0.04135 0.07843 0.40932 -0.07650 0.00576 0.03730 -0.22450 0.20039 -0.04173 -0.08141 -0.18595 -0.13646 0.00677 0.09428 -0.22367 0.12322 -0.13245 -0.03764 0.16242 0.27070 0.08086 -0.01065 -0.00165 0.05781 -0.01591 0.35087 -0.00736 0.04407 0.13149 0.06132 0.00918 0.03900 0.23128 0.12177 -0.03185 0.08072 0.12887 0.01607 -0.04340
0.14232 -0.04811 0.03780 0.14941 -0.10744 0.02451 -0.12653 -0.33433 0.00963 -0.04251 -0.13566 -0.13091 -0.27454 -0.14339 0.09733 -0.09635 0.04090 -0.26978 -0.20911 0.26938 0.09971 -0.21332 -0.10000 0.02662 0.02661 -0.08124 -0.01265 0.17768 0.09057 -0.00293 -0.15425 0.20640 -0.08109 0.03716 0.02623 -0.07735 -0.17265 0.16111 0.16538 0.07320
-0.03078 -0.14737 0.19139 0.30924 -0.21014 0.11166 0.07550 -0.18380 0.18087 -0.04045 -0.18739 -0.03834 -0.05700 -0.07964 0.11466 0.07935 -0.07301 -0.02394 -0.17532 0.11526 -0.05033 -0.03580 -0.04391 -0.18594 -0.00912 -0.06298 0.06862 0.18509 0.10341 0.12061 0.00552 0.12278 -0.00659 -0.03239 0.14298 0.02276 0.26170 0.10950 0.13889 -0.15453
-0.13190 0.02193 0.25321 0.20640 0.15830 -0.00364 -0.07114 -0.32734 0.20704 -0.22508 -0.21030 0.16737 -0.34019 0.02934 0.09142 -0.03585 0.06415 0.00429 -0.12655 -0.10006 0.31672 0.12293 -0.27338 0.22079 0.04976 -0.04519 -0.03493 0.03385 -0.01949 -0.18336 -0.24860 0.10466 -0.19064 -0.10742 -0.17225 0.13625 0.23694 -0.02544 0.26651 -0.12555
-0.07681 0.05886 -0.12598 -0.27930 0.02248 -0.05790 0.03731 0.15727 -0.22225 0.13546 0.09173 0.13396 0.05825 0.02549 -0.14120 0.10868 0.03820 0.04808 0.16511 -0.12433 0.00515 -0.05398 0.03164 -0.06366 0.03286 0.03276 -0.14130 0.02149 -0.16436 -0.12285 -0.09498 -0.06884 0.11551 0.12464 -0.15411 0.05578 -0.08668 0.00985 -0.07683 -0.07284
-0.21151 0.26272 0.19647 0.49849 0.01813 -0.26952 -0.00916 -0.18720 0.29020 -0.14365 -0.17566 0.04480 0.19273 -0.05405 -0.01964 0.01157 -0.05926 -0.11848 0.04073 0.32788 0.03684 0.00947 -0.11753 -0.05527 0.13876 -0.02219 0.02948 0.07887 0.09434 0.17560 0.08743 0.19184 0.06258 0.16924 0.29831 -0.25866 0.00417 -0.01817 0.25879 -0.17789
0.18623 0.05069 0.03829 0.28409 0.11105 0.08542 0.01434 -0.14366 0.19626 -0.11890 -0.26443 -0.11286 -0.00855 0.02346 -0.11097 -0.19594 0.24280 -0.21147 0.03681 -0.03462 0.31069 0.03524 -0.26289 -0.00142 0.08565 0.01085 0.07929 -0.07161 -0.06275 -0.02794 -0.02321 0.02985 0.08640 -0.06549 0.08558 -0.12213 0.11946 0.16435 -0.02310 -0.10265
0.02880 -0.12972 -0.04206 -0.15706 -0.01274 0.19738 -0.02608 -0.10616 -0.08113 0.01025 0.16035 0.08854 0.10015 -0.01212 -0.09994 0.10356 -0.13416 0.07013 0.14707 0.06365 -0.10582 -0.04578 0.14661 0.10815 0.02265 0.06730 -0.00939 -0.05329 0.01107 -0.11398 -0.18771 -0.05680 -0.06772 0.09639 -0.00555 -0.00103 -0.02896 -0.04772 -0.11868 -0.15675
-0.04772 0.01274 -0.17082 -0.18102 -0.03040 0.16487 -0.03222 0.31521 0.05323 0.04461 0.13718 -0.10608 0.09818 0.05538 -0.06647 0.24341 -0.05010 -0.04100 0.05432 0.00271 -0.07640 0.03210 0.03270 -0.09268 -0.17646 0.04293 -0.17734 -0.07049 -0.00944 -0.15645 0.09493 -0.01085 0.19048 0.08274 -0.11999 0.13014 -0.13158 -0.08228 -0.12169 0.17677
0.01850 -0.11338 0.13081 0.27622 0.01000 0.04778 0.05502 -0.18233 0.30962 0.08917 -0.16019 0.05081 0.00313 -0.04781 0.07655 -0.03749 -0.03365 -0.04567 0.03824 -0.01906 -0.08075 -0.02444 0.03721 -0.12138 0.06571 0.03818 0.04841 -0.00540 0.12603 0.08712 0.00239 0.12263 -0.18099 -0.01824 0.05451 0.10994 -0.03314 0.11859 0.00033 -0.18969
0.01561 0.21906 0.13118 0.45421 -0.20433 0.09433 -0.18483 -0.03984 0.01212 0.06998 -0.09597 0.20173 -0.00862 -0.02990 0.11890 -0.29063 0.27312 0.04787 -0.19469 -0.00015 -0.01699 -0.14972 -0.07778 -0.10307 -0.04900 -0.09300 0.03165 -0.02776 -0.22269 -0.00155 -0.03095 0.03604 0.07534 -0.10416 -0.05648 -0.23892 0.11122 0.12328 0.28151 -0.26664
0.08067 0.08576 -0.11547 -0.16850 0.07730 0.13376 0.16321 0.16579 -0.24394 -0.02079 0.15591 -0.00007 0.13423 0.02340 -0.22408 -0.11843 0.01034 0.15086 0.00446 -0.02108 0.04029 -0.16267 0.07345 0.14320 0.06000 0.17573 0.07923 -0.05899 -0.19690 -0.02801 0.23234 0.02128 0.12431 -0.09176 -0.04245 -0.22921 -0.16840 0.04165 -0.23549 0.14310
-0.00367 0.11957 -0.07040 0.22784 -0.10090 -0.24464 -0.17090 -0.19409 0.11354 0.14083 -0.17109 0.08845 0.13911 -0.17469 0.08672 -0.07680 0.30970 -0.27344 0.11447 0.14559 0.32413 0.05536 -0.25875 -0.07807 -0.11860 -0.19227 0.12659 -0.10087 -0.11279 -0.03417 0.02476 0.14658 0.25343 0.00894 0.07672 -0.26555 0.00292 0.04825 0.14871 0.04623
