0.29573 0.04528 -0.16135 0.01342 -0.26678 -0.15123 0.18484 0.36556 -0.23694 0.06322 -0.09436 -0.09790 0.16058 -0.22527 -0.18189 0.02553 -0.09805 -0.22289 0.02184 -0.43136 0.21155 -0.00359 -0.15507 0.01828 -0.17206 0.10513 -0.27449 0.02996 -0.13786 -0.05232 0.09006 -0.11086 0.06271 0.22887 0.25362 -0.01634 -0.12852 -0.09068 0.37014 0.20369
0.29507 0.05195 0.32153 -0.27476 0.28933 -0.16370 -0.25304 0.28319 0.22520 -0.05133 -0.17604 -0.05199 0.26810 -0.11964 0.18822 0.34752 0.27098 -0.00107 -0.32864 0.21554 0.01469 0.09190 -0.12909 -0.31477 0.12226 0.06880 0.31099 -0.07950 0.26548 0.14087 -0.22537 0.01191 0.05098 -0.03684 -0.16719 -0.00946 -0.11931 -0.23012 0.33072 -0.12154
-0.09446 0.07724 -0.25829 -0.26315 -0.04181 0.01589 -0.23779 0.31702 0.10446 -0.30682 -0.26532 -0.22202 -0.16526 -0.24161 -0.28591 -0.18395 0.12740 -0.02706 -0.23589 -0.28827 -0.05249 -0.27858 0.26979 0.14673 -0.01964 -0.39314 0.40572 -0.38917 0.34340 0.35196 -0.00008 -0.25834 -0.27806 0.14792 -0.17491 0.10928 -0.04668 0.36785 0.30374 -0.26232
-0.42442 0.02883 -0.23696 0.21194 -0.34229 -0.06203 -0.15496 0.00426 -0.26680 0.31896 -0.21285 0.03912 0.02824 0.04631 -0.27224 0.25236 0.14657 -0.19300 -0.06037 -0.31554 -0.09137 -0.34804 0.16170 -0.14494 0.20148 0.14810 0.31001 0.05702 0.22193 -0.15532 0.31700 -0.31741 -0.36067 0.29593 0.06296 -0.25975 -0.29280 -0.40853 -0.20360 -0.03343
0.08758 -0.28722 0.14425 0.23689 -0.32110 -0.26350 -0.39231 -0.29791 -0.24888 0.14899 0.16714 -0.33658 0.02509 0.17804 0.12552 -0.13045 -0.28923 0.31530 -0.17646 -0.37243 0.02859 -0.30336 0.13104 0.02687 -0.18350 0.12788 0.18492 0.39844 0.37001 -0.20263 -0.12832 -0.29116 -0.08101 -0.06397 0.31154 -0.04595 -0.06918 -0.35106 0.10208 0.17222
0.24657 -0.26411 0.43227 -0.39230 0.32562 0.05719 -0.11208 -0.40763 -0.31350 -0.14986 0.12556 0.27986 0.29651 0.36953 -0.17488 0.28637 0.34448 -0.24181 0.22840 -0.31576 -0.05701 0.43981 0.08764 0.20250 0.30529 0.36325 -0.30908 -0.25796 0.38058 -0.44501 -0.39320 -0.03093 -0.12872 0.18678 -0.30022 -0.40917 -0.31139 -0.40157 0.28190 -0.22133
0.23108 -0.15511 -0.30897 -0.12328 0.12951 0.22720 -0.34881 -0.13332 -0.06014 0.31447 -0.25542 -0.03163 0.23674 -0.42571 -0.37474 -0.01397 -0.26087 -0.22686 -0.09096 0.27307 -0.38025 -0.12477 -0.26079 -0.05828 -0.10304 0.03493 -0.30420 0.14709 0.03600 0.12777 -0.29455 0.26840 -0.07220 -0.21322 0.15976 -0.13906 0.13521 0.27351 0.03733 -0.01207
0.16695 0.11481 -0.14241 0.12409 0.29235 -0.05894 -0.04278 -0.10863 0.34171 0.18100 0.31779 0.29914 0.26933 0.35665 -0.10950 0.10954 0.24443 0.24070 -0.17067 -0.48674 -0.07293 0.36877 0.24866 0.23845 0.29502 -0.30795 0.39890 -0.34419 -0.21232 0.35110 -0.19256 -0.12452 -0.15854 -0.11748 -0.43845 -0.11127 -0.14894 0.13990 0.05416 0.18512
-0.02700 0.13112 0.00368 0.09553 -0.07665 -0.01402 0.31021 0.11522 -0.36628 -0.17652 0.25668 0.31792 -0.01499 0.38603 -0.43828 0.00340 0.25772 -0.23277 -0.19155 -0.18325 -0.19756 0.15639 0.18878 -0.01491 -0.06051 0.04540 0.16908 -0.08795 -0.32886 0.06570 0.08039 -0.18525 0.16851 0.08544 -0.15569 -0.32439 -0.18900 -0.26268 0.35578 -0.28060
0.18406 -0.10862 0.18353 -0.27989 -0.11737 0.11736 -0.34859 0.18750 -0.25941 -0.05159 0.04061 -0.05587 0.06830 0.04575 -0.34113 -0.44831 -0.18844 0.27600 0.05778 0.22212 -0.07126 0.31980 0.16980 -0.18060 -0.29503 0.35394 -0.23801 0.14755 0.08677 -0.32895 0.38507 0.08134 -0.10461 -0.32596 -0.32210 0.31007 0.19342 0.23509 -0.39590 0.33646
0.10223 0.07015 0.22478 -0.07751 0.16437 0.41536 0.35689 -0.14105 0.00956 -0.41772 -0.19090 0.33498 -0.07959 -0.15548 -0.15200 -0.04775 0.33056 0.02185 0.35564 0.10226 -0.21334 0.19348 0.19386 0.24713 0.18201 0.30657 0.13397 0.29007 0.02519 0.20767 0.00822 0.05610 0.07557 -0.06794 0.01057 0.01212 -0.21568 0.12231 0.08053 0.40271
0.16450 -0.03092 0.14723 0.08981 0.11392 0.07112 -0.11128 -0.13714 0.15619 -0.33754 0.25904 -0.00574 -0.15498 -0.02555 0.00239 0.01475 0.22631 0.15422 0.13086 -0.21531 -0.14434 -0.05291 0.08359 0.30668 -0.18045 -0.32001 0.07443 -0.09941 -0.04867 -0.18288 -0.10910 -0.08359 0.25667 -0.14315 0.06198 -0.16803 -0.15892 -0.14031 -0.29299 -0.27294
0.08403 -0.14491 -0.33221 0.19836 -0.10457 0.04841 -0.04488 -0.34672 -0.20088 -0.04438 0.24710 -0.06659 -0.12588 0.23430 0.39157 0.29433 0.17470 -0.08541 0.08155 -0.06686 -0.07313 -0.14072 0.07063 0.38613 0.18185 -0.48562 0.12363 -0.00893 0.21045 -0.24162 0.23255 0.38059 0.44287 0.24136 -0.33192 0.28906 0.23584 0.25005 0.10235 -0.36680
0.28644 0.08149 0.16218 0.24502 -0.23444 0.18991 0.26557 -0.03822 0.05163 -0.03354 -0.20919 0.04111 0.25587 0.20838 0.03306 0.28923 0.04593 -0.05519 0.16276 -0.25240 0.01685 -0.04070 -0.16334 -0.25944 0.01110 -0.36419 0.09436 0.19677 0.32805 0.07134 0.11679 -0.09842 -0.00843 -0.04100 0.23689 0.23305 0.18827 0.07039 -0.02224 0.19036
0.16617 0.15457 -0.23300 0.03260 0.07059 0.10664 -0.20094 -0.19039 0.11823 -0.07106 -0.05525 0.33858 0.14413 -0.08357 0.31919 -0.16870 -0.24076 -0.19879 0.09363 0.24022 0.24206 -0.25271 0.12123 -0.18374 0.08873 -0.03164 0.29624 0.25927 0.23393 -0.31143 0.20644 0.17892 -0.08344 0.10910 0.11125 -0.22728 0.08732 0.21739 -0.26502 0.33337
0.19200 0.13590 -0.12806 -0.22039 0.03816 -0.29764 0.24537 -0.02909 -0.23829 -0.16715 0.01768 0.07946 -0.23427 0.09968 -0.36820 -0.24059 0.21227 -0.24840 0.06457 0.31335 0.34689 -0.11202 -0.24660 0.11883 0.35509 -0.04392 -0.11669 0.11862 -0.36153 -0.36666 -0.24810 0.17591 0.02840 -0.00911 -0.09796 -0.07771 -0.22410 -0.28957 -0.42247 -0.29420
-0.10983 0.01672 0.18377 -0.16362 -0.01510 0.01332 0.11506 0.28026 -0.12685 -0.05939 0.15607 -0.19494 -0.05475 0.25646 0.05185 0.41933 -0.36741 0.15911 -0.05215 0.30664 0.12972 0.18396 0.14182 -0.01008 -0.01040 0.04358 -0.08192 -0.19075 0.34305 0.24043 -0.14250 0.09858 0.02248 0.14912 0.12080 0.10149 -0.41032 0.02954 0.13394 -0.03719
0.00698 -0.00439 -0.01712 -0.15391 -0.17989 -0.16674 0.12528 0.11196 -0.47193 0.29280 -0.11979 0.09452 0.36887 -0.02302 -0.32890 0.24165 -0.03526 0.20059 -0.24533 -0.33454 -0.14900 0.17172 0.29933 -0.29314 0.23528 -0.32286 -0.37317 -0.14976 0.25159 -0.13297 -0.25398 0.01245 0.01428 -0.06890 -0.19693 -0.27204 -0.40562 -0.00759 0.29190 0.21637
-0.29865 0.01426 0.12136 0.05823 0.25748 0.20335 0.04611 -0.31560 -0.38867 0.20193 -0.09373 -0.28955 -0.18771 0.29503 0.40583 0.30526 0.25735 -0.26527 -0.12056 0.08136 -0.27280 -0.12092 0.18530 -0.42083 -0.08042 -0.31697 0.14727 0.20628 -0.36099 -0.04816 -0.33446 -0.16781 0.04644 0.37979 0.14050 -0.09275 -0.05182 -0.26392 0.03454 -0.23555
-0.07576 0.39613 0.17856 -0.23471 -0.05647 -0.01078 -0.12178 -0.27121 -0.42431 -0.26905 0.14528 -0.27312 0.28773 -0.46047 -0.21832 -0.23811 -0.34524 0.20272 -0.27403 0.03109 0.34176 0.18256 -0.18789 -0.27847 0.27253 0.05916 0.39722 -0.32402 -0.25111 0.18174 -0.24617 0.38746 -0.43725 0.35250 -0.23751 0.40155 0.23915 -0.00063 0.31729 -0.44315
-0.05520 -0.11692 0.23491 0.03707 -0.07681 0.03416 0.20038 0.01119 0.31017 -0.05806 -0.24534 0.31860 0.27755 -0.11833 0.05168 -0.03653 -0.07249 -0.25526 0.01530 -0.18446 -0.20013 0.04814 0.19697 0.27574 -0.06912 0.03828 -0.20609 -0.05142 0.30514 0.35799 -0.07948 -0.22627 0.10353 0.13133 -0.23485 0.14092 -0.01198 -0.10117 0.33284 0.23341
0.35556 -0.25466 0.10825 -0.25903 -0.22634 0.24499 -0.16994 -0.15629 0.09137 0.41928 0.35023 -0.34144 -0.01306 0.05293 0.39317 0.18760 0.02804 0.18754 0.24317 -0.01282 -0.36657 0.08001 0.02262 -0.02753 -0.23259 -0.18328 0.14840 0.33069 -0.11010 -0.16978 -0.03635 0.29376 0.19477 0.43582 0.07888 -0.16190 0.19329 -0.17346 -0.20123 0.28924
0.25642 -0.05537 0.03765 -0.30499 0.19559 0.25712 0.18979 0.13111 0.07966 -0.15757 -0.25356 -0.13576 -0.22637 -0.30135 0.17937 -0.18286 -0.07403 0.19464 0.48887 0.18340 -0.03453 -0.08997 -0.26266 -0.26949 0.19790 0.22537 -0.04248 0.13395 0.14300 0.20385 0.13014 0.10565 -0.28886 0.01200 -0.39748 -0.05214 0.11685 0.31904 -0.19450 -0.09619
-0.30554 0.03885 0.00481 -0.00806 0.03121 -0.14910 -0.19496 0.28514 0.00918 -0.18832 0.40989 0.04965 -0.07503 0.10720 0.30099 0.13962 0.20330 -0.26698 0.14388 -0.37088 -0.37385 -0.30850 0.09654 0.24419 -0.13781 0.07092 0.32127 0.13712 0.12917 0.07186 -0.16242 0.22017 0.06507 0.34761 -0.03271 -0.26253 0.26204 -0.23878 -0.06591 -0.28977
-0.37756 -0.35589 -0.16730 0.01771 -0.22584 -0.26221 -0.09014 0.22359 -0.35404 0.23829 -0.08065 -0.23184 -0.31743 -0.34964 -0.37214 -0.37746 0.07810 -0.18470 0.25501 -0.29544 0.25924 0.26732 0.45469 -0.21258 0.11742 -0.09548 0.21646 -0.00841 0.32398 0.20989 0.18526 0.09744 0.35323 -0.38832 0.12863 0.03147 -0.28782 -0.29531 0.32313 -0.38952
0.39131 -0.15215 -0.01758 -0.01110 0.13447 0.31118 -0.14217 0.22342 -0.36382 0.30114 0.35977 -0.07496 -0.13581 0.12305 0.35432 0.04916 -0.24870 -0.10107 -0.33219 0.07349 -0.20469 -0.23844 0.02717 0.02074 0.21305 0.25207 0.36298 0.17283 -0.30035 0.32134 -0.30083 -0.21816 0.17424 0.40117 -0.16164 -0.48203 0.41387 0.11124 -0.34697 0.14429
0.20303 -0.15832 -0.22917 -0.12649 -0.09672 -0.47872 -0.14192 0.29458 0.15317 0.20071 0.06859 -0.36151 -0.33111 0.46355 0.36189 -0.21203 0.32133 0.07724 0.11040 0.09325 0.26445 -0.18885 0.22693 0.07321 0.42967 0.13506 0.22798 0.25541 -0.17400 -0.12868 0.35455 0.18636 0.32453 0.15298 0.00119 0.06774 0.09050 0.13307 0.16947 -0.22617
0.24388 -0.08322 -0.14163 0.27158 -0.13567 -0.30271 -0.11994 0.23445 0.24353 -0.03843 0.10715 -0.22634 -0.08736 -0.13742 -0.11697 -0.15754 -0.17657 -0.15114 0.49121 -0.04355 0.02647 -0.17889 0.09443 -0.42092 -0.12669 0.31183 -0.11426 -0.39140 -0.29566 0.09469 0.26504 0.06033 0.27686 -0.31932 -0.39683 0.32546 -0.04031 0.01352 0.35457 -0.00903
0.09335 0.06990 -0.11050 -0.31031 -0.11366 -0.19222 -0.38413 0.28345 0.17536 0.15504 -0.05067 0.15024 0.13382 -0.20342 0.35502 0.34483 0.01040 -0.11805 -0.18221 -0.18154 -0.02901 0.29483 -0.13721 0.39599 -0.30795 -0.00284 0.05156 0.21542 -0.05473 -0.01452 -0.25948 0.44260 0.25323 -0.16256 0.39847 0.14984 0.19293 -0.13602 -0.37362 0.20223
0.34081 0.16860 0.04116 -0.02129 -0.33800 0.21912 -0.21937 0.00356 -0.26390 -0.13288 -0.26174 0.26371 -0.15128 -0.02308 0.12914 0.24740 -0.10052 0.17379 -0.02654 0.16062 -0.25574 -0.30691 0.23757 0.21709 -0.35523 0.07287 -0.35133 0.12140 -0.02293 0.16596 -0.24406 -0.15755 -0.42962 0.06017 -0.25228 -0.28108 -0.08814 0.25835 -0.31812 -0.05762
-0.01824 0.17915 -0.33912 0.23192 -0.26420 0.05354 -0.12094 0.05759 0.01451 -0.24842 0.10882 -0.00642 0.18656 0.19616 0.28627 0.03618 0.26679 0.11313 -0.06342 0.27830 0.07051 -0.05355 -0.02061 0.24574 0.34728 -0.34342 -0.30275 -0.19998 0.14559 -0.12125 -0.31242 -0.26241 -0.24295 -0.35847 -0.26810 0.14813 -0.25718 0.17520 -0.20774 0.34650
-0.30197 0.31462 0.06785 0.28912 0.21035 -0.48769 -0.01006 -0.20497 0.25641 -0.24140 0.01122 -0.00100 -0.06213 -0.32568 -0.36743 0.10257 -0.03168 0.19090 0.32284 0.01265 0.07806 -0.43473 -0.31675 0.17939 -0.35363 -0.26190 -0.26779 0.38591 0.27280 0.19240 -0.23429 0.21512 0.17508 0.07098 0.16255 0.35468 0.29403 -0.33907 0.06017 -0.18863
0.34401 -0.25524 -0.24196 0.13910 0.10712 0.42867 -0.12827 0.20479 0.14714 -0.12687 -0.24865 0.32290 0.09769 -0.03783 0.10931 0.37688 -0.09460 -0.41725 -0.02849 0.27557 0.34163 -0.24608 -0.28975 0.12815 -0.09183 0.10667 0.11868 -0.40831 0.10953 -0.40262 -0.21973 0.25208 -0.07391 -0.34417 -0.14102 0.42586 -0.29956 -0.08703 -0.27826 -0.20115
-0.13709 0.25124 -0.08918 -0.10213 -0.27861 0.08549 0.29611 0.16105 -0.14957 -0.32159 0.22287 0.13855 0.25702 0.06427 -0.14616 0.11127 -0.17023 0.05945 -0.31862 -0.12588 0.14480 -0.12337 0.24846 0.21154 0.02871 -0.10849 0.06635 -0.06532 0.13289 -0.08852 0.14574 0.24234 -0.08042 -0.05881 0.08120 0.11108 -0.18035 0.08598 0.01703 0.12406
-0.22988 0.01472 -0.16571 0.27050 -0.01345 -0.10628 -0.05699 -0.08886 0.03082 0.20088 -0.13373 0.23187 -0.25815 0.22780 0.08063 -0.26787 -0.15453 -0.15781 0.03012 0.44944 -0.36649 0.42858 0.10538 -0.26999 -0.36233 -0.06402 0.30623 0.42204 -0.32466 0.36892 0.35396 0.37902 -0.22900 -0.15389 0.30879 -0.18501 -0.23499 -0.02941 0.36990 -0.32629
-0.15178 -0.27929 -0.11140 -0.26320 -0.07794 0.26662 0.24256 -0.39033 -0.05739 0.11711 0.11647 -0.08160 0.05787 0.38158 -0.12617 -0.07840 -0.02575 -0.28707 0.32578 0.16128 -0.15043 0.10572 0.05878 -0.24532 -0.24959 -0.36328 0.05506 0.15008 -0.27286 0.25632 0.24099 0.15386 0.06690 -0.08627 0.35890 0.02048 -0.03099 0.39613 -0.17013 0.27190
0.09705 -0.08849 0.19798 0.22997 -0.26165 0.22567 -0.12472 -0.31229 -0.11597 0.16261 -0.01974 0.37788 0.14808 -0.18859 -0.18718 -0.27803 -0.15521 -0.01630 0.19069 0.44107 -0.00928 0.17977 0.26374 0.29649 -0.34437 0.10356 0.34110 -0.02810 0.30617 -0.22432 -0.21397 -0.39067 0.13816 -0.21783 -0.03789 -0.32866 -0.31045 0.09221 -0.11539 -0.13859
0.29008 0.05047 0.13569 -0.01760 -0.17945 -0.11999 0.00600 0.22245 0.34770 -0.24621 -0.29416 -0.25732 0.08939 0.25866 -0.21521 -0.29511 -0.28429 0.03747 -0.26850 -0.17956 -0.04739 0.01497 0.35742 0.16019 -0.36544 -0.25235 -0.31784 -0.00743 0.04064 -0.15425 0.01146 0.00148 0.11354 -0.23167 0.07859 0.05133 -0.13036 -0.33461 -0.27431 -0.37422
0.07273 -0.18404 -0.08087 -0.05402 -0.11466 0.01492 0.07349 0.11351 -0.31579 0.04374 -0.11921 0.15809 0.39549 -0.02929 0.06906 -0.11226 0.44807 0.02353 -0.22958 0.01165 -0.17002 0.23606 -0.04853 0.10120 -0.20390 0.06328 -0.00927 -0.20096 -0.01624 0.12285 -0.09245 -0.32042 0.06877 0.16958 0.33340 -0.00639 -0.12167 -0.23855 0.03343 -0.08761
-0.25863 -0.02681 -0.33895 0.06367 -0.22877 -0.00951 0.18177 -0.04334 0.09006 0.44326 0.40673 0.19917 -0.01253 0.04729 -0.39601 0.17368 0.09849 0.04503 0.20009 -0.31038 0.03290 0.07708 0.10529 -0.15259 0.28682 -0.36254 0.22170 -0.34561 0.29643 0.16552 0.23760 -0.21273 0.38368 0.05524 -0.20136 -0.30406 -0.15865 -0.06953 0.28418 -0.09678
0.02897 -0.12476 -0.16388 0.13157 0.01853 -0.25483 0.20714 0.14967 0.17249 -0.16715 -0.22479 0.28558 -0.23935 -0.19154 0.12585 0.31879 0.24386 0.25491 -0.16955 0.18537 0.28130 -0.08157 0.09054 0.14423 0.10052 -0.02962 -0.28483 0.25683 0.33323 -0.34073 -0.08442 -0.23725 -0.14839 -0.04243 0.05352 0.22806 -0.33258 -0.17451 -0.14586 0.45326
-0.15090 0.27344 0.23859 -0.00792 0.30588 0.41491 -0.19989 0.29508 -0.14450 0.35498 -0.07959 -0.02123 -0.06124 -0.40145 -0.31681 -0.19820 -0.38459 0.19291 -0.21393 0.03252 0.37884 -0.03530 0.01582 0.05691 -0.08674 -0.41419 0.33353 0.16691 0.32619 0.21946 -0.25213 0.11808 -0.01062 0.00683 -0.22616 -0.12530 0.29228 -0.10618 0.10796 -0.14302
-0.12052 -0.35828 0.04553 0.37364 0.01630 -0.00537 -0.09166 -0.27036 -0.47263 -0.12836 -0.30990 0.05709 -0.17239 0.02056 0.22056 -0.09815 0.13173 -0.27829 0.27448 -0.01440 0.01803 0.22103 0.10188 0.22987 -0.01598 -0.25351 0.20559 -0.33394 0.39871 0.11467 0.10973 0.37064 0.25234 -0.08101 -0.14937 0.30505 0.18255 0.04107 -0.03287 -0.06951
0.26400 0.24199 0.04282 0.17225 0.11625 0.28181 0.12098 0.15182 -0.26678 0.27981 -0.26529 0.03615 0.38692 0.08007 0.00140 0.20708 0.03753 -0.32566 -0.15857 0.32528 -0.02665 0.00293 -0.33222 -0.16235 0.32615 -0.26095 -0.24486 0.04696 0.36623 0.35580 0.04543 -0.08991 0.15743 -0.19854 -0.41782 -0.06895 -0.16056 0.15767 0.00223 0.02548
-0.31583 -0.04742 -0.37862 -0.20678 0.25634 -0.39956 -0.38001 -0.15667 0.42747 0.20789 0.05336 -0.22041 -0.43416 -0.22746 0.25542 -0.33337 -0.37656 0.31855 0.16138 0.45107 0.44505 0.20485 0.02713 0.12732 0.49145 0.35656 0.22424 -0.22504 0.35782 -0.25109 -0.07234 -0.39353 0.38963 0.33176 0.06314 0.16040 -0.22206 0.16233 0.14000 0.37243
0.24470 0.01441 -0.31039 -0.15063 0.43705 -0.20814 0.39138 0.14489 0.06642 -0.31710 -0.13406 0.06284 0.31315 -0.21892 0.17347 0.28766 -0.08870 0.16019 -0.03338 -0.33860 0.15951 0.21301 0.24433 0.17406 0.26846 -0.16799 -0.18218 -0.17507 -0.11741 0.14712 -0.33312 -0.26170 0.03540 0.05527 0.14245 -0.21038 -0.09068 0.15755 -0.31399 -0.14039
-0.04527 -0.32450 0.05177 0.12141 0.17995 0.13132 -0.27878 -0.03077 0.01465 0.32909 0.28189 -0.28201 -0.35837 -0.41028 0.27269 -0.27407 -0.06179 0.28891 -0.01184 -0.24005 -0.30503 0.18049 -0.02894 0.13011 -0.21690 0.12968 -0.06122 0.08972 -0.29294 0.06419 0.03024 0.09714 -0.20433 0.10894 0.14966 -0.16693 0.01082 -0.38179 0.05213 -0.26778
0.36922 0.26835 0.16631 0.01832 0.07280 -0.07289 0.09897 -0.11253 0.26293 -0.01748 -0.13308 -0.27609 -0.37052 0.30989 0.24782 0.05953 -0.19697 0.18872 -0.05223 0.11098 -0.35974 0.42618 0.00656 -0.02190 -0.30973 0.27738 0.31653 -0.44306 0.40116 -0.26343 0.25936 -0.12277 0.33764 0.26200 0.05969 0.37249 0.32648 0.24611 -0.02815 0.26796
0.19756 0.43899 -0.18893 0.28662 0.31325 0.15886 -0.19450 0.00235 -0.39837 -0.25492 -0.11027 -0.13006 -0.11939 -0.32813 0.30347 0.04226 -0.12169 -0.01657 0.07375 0.12387 0.31087 0.19525 0.16283 -0.30866 -0.09652 0.06534 -0.22912 0.14651 0.31809 -0.13481 -0.01703 -0.36075 -0.30657 0.34382 0.11842 -0.36594 -0.10670 0.33256 0.23208 0.21222
-0.29993 -0.24880 -0.30216 0.10646 0.00503 0.13817 -0.31721 0.21102 -0.05174 0.35070 -0.38253 0.25284 -0.23615 -0.36405 0.03425 0.05839 -0.38582 0.17752 0.20492 0.31911 -0.32577 0.25425 -0.40493 0.07150 -0.09167 0.05382 0.08555 -0.07586 -0.11041 -0.12497 0.21706 -0.02002 -0.32949 -0.09940 0.00971 -0.40804 0.31447 -0.25650 0.10183 -0.27255
-0.02994 0.12695 -0.12841 -0.28008 0.20324 0.02894 -0.28199 0.21983 0.29613 -0.33794 0.28011 -0.21839 -0.00779 0.09520 0.14854 0.41432 -0.29457 -0.03321 -0.32985 0.05091 0.16126 -0.05208 0.05143 -0.32097 -0.05775 -0.42080 -0.13301 0.12332 0.00199 0.20336 -0.29688 0.25234 -0.15315 -0.17996 0.17048 0.07914 0.31258 -0.42875 0.07947 0.27695
-0.35701 0.12540 -0.09833 -0.09882 0.07130 -0.00588 -0.04086 -0.06297 0.29363 0.17051 -0.41837 0.05386 -0.00684 -0.10294 0.17099 0.34068 0.32627 -0.12165 -0.32364 -0.10573 0.10486 -0.19956 0.07981 -0.32932 0.33486 -0.05668 0.13648 -0.38271 0.04353 -0.01009 0.24775 -0.17827 0.18214 -0.00167 0.19539 0.14927 -0.16407 -0.24019 0.20500 0.10586
-0.07621 -0.13814 -0.13836 0.36622 0.22736 -0.28369 0.07570 -0.40862 -0.34369 -0.11563 0.04216 -0.11717 0.28732 0.04121 0.26670 -0.04887 -0.34693 0.12633 -0.10922 0.02527 -0.33113 0.00412 0.14659 -0.06526 0.33539 0.07959 0.01680 0.39846 -0.29710 0.26484 0.01666 0.18304 0.43276 0.43685 -0.20882 -0.10455 -0.21559 0.06795 -0.23068 0.34442
-0.05367 -0.11526 0.25462 0.04519 -0.14906 -0.00174 -0.14366 -0.15051 -0.20561 -0.08604 -0.23388 -0.01541 0.18971 0.00323 -0.33723 -0.19186 0.28459 -0.07483 -0.30565 0.04436 -0.16580 -0.02944 0.26109 -0.33054 0.16538 0.32032 0.00754 0.23535 0.17310 0.11263 -0.11222 0.01944 0.30129 -0.11542 0.34432 0.09839 -0.24108 0.08024 -0.11271 -0.26922
0.31088 -0.30936 0.17663 -0.02609 0.26149 0.06409 -0.42546 -0.08514 -0.43277 -0.39338 -0.38296 -0.32736 0.03571 0.47521 -0.08056 0.44751 -0.19211 -0.25299 0.41323 0.14853 0.10838 -0.18300 -0.27637 0.06581 0.30499 -0.10326 -0.13665 0.28884 -0.10073 0.07092 -0.13187 -0.09324 0.43311 -0.23352 -0.31764 0.12731 -0.03007 -0.29837 -0.36561 0.19983
0.17477 0.32460 -0.23569 -0.30332 0.22468 -0.16980 -0.28952 0.10671 -0.42174 -0.21034 0.29679 0.14130 0.09366 -0.25370 0.15287 -0.38261 -0.24136 0.05727 -0.37731 0.03330 -0.01499 0.22597 0.34925 0.41250 0.02076 -0.05478 0.37645 0.14481 -0.08581 -0.23063 -0.09196 -0.12853 -0.27368 0.10287 -0.24364 -0.13404 -0.04744 -0.11627 0.23273 0.19140
-0.11952 0.16800 -0.28414 -0.19594 0.10387 -0.26834 -0.21468 -0.39692 0.03844 0.18435 -0.29570 -0.36969 0.33622 -0.41435 -0.10744 -0.13479 -0.15767 -0.38089 -0.00150 -0.11818 -0.07372 0.37294 -0.18188 0.36302 -0.02113 0.19193 -0.22029 -0.11656 0.08053 0.37461 0.21991 0.21907 0.14112 -0.31336 -0.07468 -0.20861 -0.09834 0.48740 0.20193 -0.16175
-0.23035 -0.07883 0.00559 0.03974 0.36010 -0.42767 0.21493 0.01534 0.15105 0.13918 -0.18732 -0.08061 -0.08552 0.10998 0.38004 0.31448 -0.39040 -0.08083 0.33616 -0.07788 -0.24700 0.24923 -0.12371 -0.17949 -0.37509 -0.18947 0.06880 0.26568 -0.15989 0.03077 0.15583 -0.39204 0.23149 0.18918 0.26487 -0.24325 0.31499 -0.28473 -0.34198 0.24782
0.28086 -0.07870 0.19576 -0.07569 -0.09586 0.21057 0.44291 -0.26489 0.27411 -0.12822 -0.01860 -0.46549 0.02777 -0.23447 -0.33881 -0.02395 -0.42969 0.23939 0.16414 -0.00238 -0.18541 -0.29291 0.36196 -0.16132 0.10628 0.11362 0.23971 -0.04677 0.09797 0.01620 -0.24954 0.13298 -0.14733 -0.22314 0.04014 -0.07549 0.31016 0.25535 0.02338 -0.18546
-0.07391 0.13607 0.06001 0.31497 -0.14020 0.09166 -0.23399 -0.03391 -0.32587 -0.28713 0.27017 0.28878 0.27983 0.12472 -0.11002 -0.11102 0.13287 0.10206 -0.05842 -0.41201 -0.10061 -0.30347 -0.25164 0.14062 -0.29566 0.43042 -0.01936 0.32123 -0.10434 -0.35346 -0.00454 0.04441 -0.28355 0.17827 0.03073 0.17525 0.34789 0.16014 0.03421 -0.19841
0.06070 0.07518 -0.08270 -0.23380 0.17964 -0.27400 -0.26309 -0.01543 0.03005 0.16429 0.08079 -0.21922 0.15132 -0.11912 0.29386 -0.14883 0.05104 -0.20929 -0.17932 0.30844 -0.35828 -0.08401 0.03079 0.14721 -0.10986 -0.12520 0.19299 -0.39808 0.25572 -0.16547 0.22236 0.32232 0.13569 -0.22054 0.12290 0.07261 -0.00185 -0.11288 0.03696 0.02960
-0.20764 0.07918 -0.27717 -0.15330 0.22015 -0.20010 -0.08483 0.00881 0.00571 0.12576 -0.35099 0.10794 -0.19514 -0.14046 0.30677 0.00536 0.06279 -0.12525 -0.05169 -0.13154 0.12038 -0.41116 -0.01047 -0.31884 0.19773 -0.02993 -0.09016 -0.03720 -0.12703 0.04562 0.05504 -0.04143 0.16740 -0.02382 0.12847 -0.21163 0.24409 0.28234 -0.14170 0.15592
-0.08620 -0.29741 0.21393 -0.10162 -0.30213 0.34270 -0.08713 -0.19642 -0.15533 0.01202 0.10699 -0.00294 0.40494 -0.09082 0.38827 0.08031 0.28859 -0.44444 0.11743 0.28867 0.27315 0.20803 0.26465 0.32666 -0.07684 0.30451 0.41261 -0.14592 0.31881 -0.33764 0.16963 0.31881 0.22591 0.04286 0.29141 0.35185 0.18992 0.05833 -0.16562 0.24746
0.29333 -0.32894 0.41969 0.02321 -0.27215 0.13530 0.11298 0.18056 -0.02215 0.22757 -0.29028 0.24611 -0.35178 0.01212 0.24179 -0.03805 -0.04790 0.33402 0.17474 -0.07484 -0.05627 -0.01457 0.18657 0.14247 -0.37618 -0.17219 -0.25275 0.20221 0.28155 0.12913 -0.44665 -0.28851 -0.41682 -0.33552 0.06461 0.07549 0.09222 -0.08293 0.02442 0.08282
-0.02523 0.13180 0.04282 0.10558 -0.09306 0.05333 -0.05587 -0.26303 -0.12200 0.03593 0.02229 -0.30928 -0.30924 -0.36523 0.11125 -0.32386 -0.10782 -0.01332 -0.04346 -0.38007 -0.12343 0.25601 -0.30189 -0.08322 0.18655 0.18523 -0.27062 0.12452 -0.09872 0.32608 0.12193 -0.08459 -0.09002 0.11119 -0.22462 0.41796 0.19192 0.23313 0.35917 -0.09628
0.37390 0.46244 -0.24861 -0.31340 0.29930 0.39561 0.11939 0.39629 -0.29311 0.25799 0.23885 0.20997 0.09713 -0.22353 -0.28786 -0.25399 0.40958 -0.31385 0.23773 -0.36475 0.40882 0.42713 -0.38557 -0.39917 -0.36260 -0.13137 0.26461 0.16391 0.25815 -0.14374 0.00662 0.29630 0.18794 0.39071 -0.19338 0.20824 0.21225 -0.13572 -0.01470 0.45570
0.19953 0.18929 -0.36652 0.05725 -0.32447 0.23926 -0.31175 0.36629 0.03797 0.34743 0.17002 0.35812 0.09614 -0.18353 0.29827 0.22283 0.15317 -0.00038 0.17421 -0.15636 0.09784 0.28980 0.03966 -0.07405 0.32846 0.39542 0.19803 -0.10987 -0.38538 0.00702 -0.42745 0.31667 0.05169 -0.08147 -0.10460 -0.02690 0.11787 0.39704 0.02079 0.28852
-0.18724 0.11167 0.15719 -0.44713 -0.33545 0.29715 -0.04140 -0.10687 0.03613 -0.06007 -0.19724 0.32360 -0.28571 0.12397 0.05063 0.05834 0.06383 0.37215 0.44800 0.04516 -0.24198 0.17337 0.19259 -0.36647 -0.22415 0.36922 0.05256 0.06367 0.08319 -0.32331 -0.42010 0.31918 -0.01761 -0.10013 0.04544 0.26210 -0.29375 -0.28494 -0.29093 -0.20786
-0.04481 -0.26624 0.14575 -0.28093 0.35252 -0.10461 0.25605 -0.12826 0.02523 -0.33015 -0.00019 -0.29698 -0.21701 0.07094 0.21564 -0.14422 0.11884 0.41627 -0.10614 0.14461 -0.11945 0.21934 -0.20917 0.16228 0.38368 0.27631 -0.36249 0.14210 0.12458 -0.12189 -0.07271 -0.20369 0.26171 0.17154 -0.32192 0.35704 -0.22523 0.01153 0.04027 -0.10974
-0.31153 0.04627 -0.20973 -0.27867 -0.29945 -0.20791 0.12240 0.04988 0.37744 0.06525 -0.28754 -0.24544 -0.34021 0.11130 0.15707 0.46117 -0.34575 -0.16294 -0.05176 -0.19916 0.03108 0.03873 0.00033 -0.36206 0.06246 0.24734 0.13585 -0.10580 -0.25071 0.21617 0.24767 0.34808 0.26544 0.31843 0.07711 0.12616 0.27269 -0.13661 0.23687 -0.11414
-0.07929 0.11935 -0.37039 -0.27272 -0.02270 0.42732 -0.08469 0.37376 0.26596 -0.41856 0.18692 0.01322 0.01873 0.26084 0.22687 0.23174 -0.36735 0.14979 0.42135 -0.38085 0.29872 -0.31725 -0.28247 0.49312 -0.07679 0.06447 -0.23766 0.39512 0.47172 -0.23951 -0.22826 -0.16244 0.17192 -0.35046 -0.08906 -0.34099 0.07625 0.07662 0.04248 -0.52205
-0.40069 0.23708 -0.32854 -0.34904 0.00577 -0.19739 0.21237 0.03996 0.29385 -0.10098 0.16939 -0.06274 0.08331 -0.41686 -0.18697 0.23269 -0.15751 0.15002 0.23763 0.07299 0.25844 -0.16174 -0.09770 -0.08118 -0.01212 0.33046 0.07110 -0.22301 0.08383 -0.31951 0.16187 -0.02527 -0.30466 -0.31489 0.34728 0.01325 -0.21650 -0.20193 -0.20646 -0.20863
-0.12360 0.00160 0.38524 0.25051 0.24764 0.00639 -0.40742 -0.28839 -0.14634 0.03411 0.25029 0.23625 0.01784 0.12150 0.33635 0.08123 0.05119 0.43639 0.25827 -0.15431 0.03388 0.11799 0.16381 -0.35022 -0.23202 -0.10726 0.32969 -0.40914 -0.18218 0.11061 -0.27226 0.41010 -0.29561 0.35217 -0.30332 -0.23787 -0.37465 0.09361 -0.10193 0.19109
0.29071 0.21537 0.04503 -0.37663 -0.30367 0.13691 -0.25240 0.30076 -0.19278 -0.09715 0.31955 -0.12270 0.22686 0.09489 0.21168 0.15978 -0.27685 0.21862 0.12626 0.03183 0.25294 0.34961 0.28203 0.33050 0.03396 -0.12560 0.08895 0.26791 0.30694 0.20920 -0.15749 0.07369 -0.22097 -0.29270 -0.10004 -0.24553 0.09658 0.32757 -0.03547 0.20023
0.43805 -0.28108 0.22423 0.42496 0.38389 0.33434 -0.05636 -0.28823 -0.38859 0.07741 -0.07271 0.08967 -0.00001 -0.02003 0.11796 -0.40405 0.11267 0.33067 -0.36984 -0.10951 0.04361 -0.33308 0.45799 -0.05676 -0.09767 -0.38899 0.32708 -0.03149 -0.40199 0.00743 0.23717 -0.26010 0.10590 -0.22618 -0.19961 -0.02018 0.33653 -0.12560 -0.19554 -0.24752
0.12337 0.21823 0.07741 0.16322 -0.36212 0.11214 0.02803 0.08119 -0.18320 0.39120 0.30452 -0.34146 -0.01154 0.24364 0.15559 0.00343 -0.39009 0.29630 0.26860 0.25396 -0.32577 -0.30955 -0.02820 -0.30009 -0.07257 -0.00183 -0.09419 -0.32439 0.00597 0.13402 0.21457 -0.03241 -0.24355 0.03777 -0.23459 -0.05949 0.04555 -0.04752 -0.01948 -0.15385
0.25151 -0.00750 0.19886 0.18137 -0.26945 -0.38631 0.34533 0.20924 -0.33206 -0.26388 0.06032 0.10398 0.14146 -0.42985 -0.11545 -0.01567 0.37545 0.37054 0.14913 0.32852 0.02861 -0.19272 -0.02989 0.00344 0.14979 0.05717 0.33406 -0.06312 -0.16174 -0.22685 -0.11072 -0.04580 -0.25256 0.37484 -0.05721 -0.06812 -0.26215 0.13246 0.28633 0.27294
0.06422 0.27859 0.17734 0.33058 0.34044 -0.05624 0.12172 0.27770 -0.34007 -0.02288 0.04043 0.36582 0.29066 -0.16167 -0.11578 -0.26431 -0.14827 0.20295 0.14629 -0.18913 0.16396 -0.14474 0.24919 -0.07298 0.06382 0.16715 -0.02592 0.28217 -0.14596 0.32334 0.03705 0.14068 0.00715 -0.21339 -0.07040 0.01873 -0.03467 -0.01748 0.23977 -0.29545
-0.21907 0.10976 -0.27229 0.09378 -0.15145 -0.11141 -0.11110 0.32140 -0.30345 -0.05717 0.37668 -0.05290 0.11658 0.08082 0.00299 -0.32348 -0.28130 0.06455 -0.35798 0.02378 -0.01867 0.42676 0.23266 -0.35883 -0.32639 0.08790 0.26915 0.03876 0.21193 0.09762 0.09079 0.09054 0.05639 0.27892 0.04220 0.35297 -0.12653 0.04525 0.28949 -0.14886
-0.00362 -0.20684 0.01008 0.28002 0.32147 0.14408 0.37267 0.30614 0.32281 0.18535 -0.19807 -0.35074 -0.06439 -0.13770 -0.01016 -0.11564 0.47551 0.42714 -0.19648 0.40239 -0.30756 -0.27224 -0.38646 0.31558 0.36580 0.29403 0.10293 0.03441 0.43006 -0.35363 -0.11668 0.03806 -0.01387 0.43654 0.24310 -0.20439 0.15792 -0.05467 0.12183 -0.08821
-0.00278 -0.35515 -0.08395 -0.15573 -0.27347 -0.18774 0.03366 -0.08307 0.06189 -0.25211 0.00566 -0.25103 0.27279 -0.18931 -0.25191 0.12099 -0.18773 -0.14267 0.40068 0.11719 0.10180 0.36503 -0.07171 0.19185 0.32905 -0.23045 -0.07412 -0.31854 -0.14233 -0.27510 -0.17152 0.05604 -0.03588 -0.13458 0.14935 0.16082 -0.19343 0.16492 0.29809 -0.28256
0.00972 -0.02724 0.00788 -0.36675 -0.09834 -0.07796 0.37392 -0.32857 -0.10776 0.24622 -0.22344 0.16239 -0.01530 0.37480 0.34763 0.10688 0.23676 -0.00136 -0.02917 0.23588 -0.33243 0.09810 -0.22358 0.24493 -0.11233 -0.06226 0.15798 -0.34384 0.04566 -0.23934 -0.02431 0.11601 -0.16112 0.13004 0.07794 0.26727 -0.17142 -0.34000 0.03435 -0.22553
0.13197 -0.23674 -0.19759 -0.14124 0.09594 -0.09418 0.28378 -0.02374 -0.42160 -0.18199 0.35431 -0.00157 -0.44803 0.30218 -0.21681 -0.01901 0.23923 0.31448 -0.13579 0.05667 0.31684 -0.30498 -0.34930 0.10198 0.24494 -0.18711 -0.44312 -0.21541 -0.05193 -0.02684 0.30149 -0.13092 0.13012 0.14066 -0.20271 -0.20596 0.08385 -0.28515 0.32222 0.17092
-0.29912 -0.07096 -0.15206 -0.32662 0.04622 -0.36847 0.26875 -0.10256 -0.20599 -0.29718 0.10224 -0.39994 -0.31765 -0.27251 0.41669 0.41854 0.34536 0.32652 0.36622 -0.15297 0.03292 -0.21392 -0.37345 0.04227 -0.23138 0.27392 0.24834 0.42510 0.01052 0.26366 -0.03351 -0.15464 0.25554 -0.01573 0.29075 -0.08553 -0.11662 -0.22183 -0.16257 0.07488
-0.16097 -0.16825 -0.30596 0.14936 -0.42230 0.32738 -0.00734 0.04008 0.23932 0.18039 -0.27183 -0.35898 -0.39812 0.27808 -0.23125 0.18450 -0.14546 -0.02738 -0.06091 0.12351 0.11997 0.37487 -0.33538 -0.00182 0.46191 -0.24611 0.39315 0.08263 -0.41252 0.19907 0.12758 -0.20687 0.16378 -0.05513 0.04886 0.30271 0.34747 0.12857 0.37124 0.14215
-0.29213 0.31323 -0.39185 0.13295 -0.10129 -0.17183 -0.11808 -0.01119 0.17643 -0.27583 -0.14160 0.05823 0.04833 0.11792 -0.19874 0.29305 0.04534 -0.17381 0.06395 0.08815 -0.24643 0.06570 0.25177 0.42576 -0.03633 -0.34062 0.34034 -0.06873 0.30228 -0.01799 -0.16467 0.18566 -0.09548 -0.00994 -0.30480 -0.26620 0.27284 -0.27016 0.22418 -0.34379
-0.19021 0.05716 0.33810 -0.11958 0.17851 0.23087 -0.05417 0.04690 0.25208 0.17067 0.31485 0.22756 -0.20816 0.22393 0.12176 0.13610 0.04580 -0.31165 -0.31926 -0.31645 -0.33743 -0.34283 0.30891 -0.08846 0.31983 0.16661 -0.29464 0.14710 -0.08654 0.19637 -0.11764 -0.29837 0.30990 0.37262 -0.14980 0.31596 -0.03230 -0.24030 0.22765 0.15602
-0.04964 -0.13485 -0.04623 -0.21441 0.07824 -0.20609 0.15257 -0.06538 -0.15252 0.22871 0.33675 -0.10903 -0.10642 -0.21150 -0.21410 -0.02672 0.21915 0.32333 0.15777 -0.03985 0.39033 0.07735 0.26834 0.24594 -0.31918 0.31883 0.32664 -0.15915 -0.07196 0.28719 -0.12880 0.07350 -0.29681 0.14225 -0.25156 -0.13544 0.36365 0.07003 -0.03094 -0.23709
-0.07664 0.41641 0.05368 0.22535 -0.33574 0.26244 -0.00796 -0.16135 -0.05890 0.06443 -0.07657 -0.08738 0.36067 -0.20959 0.01536 -0.27131 0.18204 0.03271 -0.14312 0.30721 0.01436 -0.30643 0.31965 -0.07942 -0.15945 0.10251 0.09148 -0.37615 -0.13852 0.31594 0.36735 0.10799 0.21504 -0.14017 0.18442 -0.05247 -0.00917 -0.27328 -0.13430 -0.22644
0.38074 0.20729 -0.29456 0.42089 -0.25414 0.20914 0.28767 0.05316 -0.07763 0.33203 -0.27286 0.08635 -0.00899 -0.25085 -0.17891 -0.45801 0.15440 -0.14451 -0.04622 -0.39305 -0.44408 -0.16938 0.15249 -0.12301 -0.13555 -0.21005 -0.19431 0.01440 0.11516 0.43783 -0.18904 -0.00196 -0.02231 0.32615 0.19221 0.17051 -0.28799 -0.25096 -0.24601 -0.45317
-0.10123 0.25040 -0.08770 0.26482 0.09542 0.06372 0.21660 0.19977 0.24962 0.15488 -0.18168 -0.00573 0.05025 0.12109 0.02974 0.37559 0.27198 -0.10591 0.21927 0.33629 -0.44086 -0.23197 0.19768 -0.26561 -0.25190 0.28508 0.10135 0.29219 0.31581 0.24949 0.09262 0.01240 0.03591 0.16344 -0.10462 0.35488 0.03036 0.02003 0.24289 0.12182
-0.28864 -0.24203 -0.02594 -0.16841 -0.35750 -0.28509 -0.12091 0.02154 -0.16972 0.09914 0.01198 -0.04770 -0.15919 0.18742 -0.18082 0.26974 -0.32016 -0.39443 0.17243 0.19253 0.16761 -0.15104 -0.29184 0.23929 -0.07755 -0.19944 -0.04460 -0.04802 0.24819 0.09715 -0.27698 0.41608 0.03397 -0.38938 -0.07703 -0.07120 -0.28898 0.40427 -0.37183 -0.10113
-0.07431 -0.22140 -0.14195 -0.05114 0.17819 0.38151 0.29695 -0.22634 -0.20929 0.18616 -0.39644 0.40651 -0.14487 -0.36258 0.24077 0.22491 -0.36989 -0.07345 -0.04765 -0.08810 -0.39286 0.14066 0.15189 -0.08968 -0.08313 -0.28054 0.09027 -0.22949 0.27854 -0.10104 -0.11268 0.09811 0.14460 0.15332 0.09024 0.18760 0.38137 0.28835 0.27465 -0.13452
0.12033 0.31680 0.01904 0.11047 -0.29376 0.50641 -0.16505 -0.00665 -0.18594 0.02946 -0.23481 0.05445 0.26164 -0.04070 -0.03800 -0.32047 0.26329 0.18875 -0.30389 -0.16238 -0.01672 -0.19380 0.02942 0.45433 -0.12160 -0.16763 -0.14542 0.02508 -0.05031 -0.31202 0.31092 -0.25912 -0.14449 -0.33363 -0.14687 0.13198 -0.26819 -0.09777 -0.29741 -0.06632
0.28025 0.03979 -0.11361 0.02663 -0.29507 0.32344 -0.24114 -0.06109 -0.03954 0.13806 0.20725 0.06028 -0.19618 0.15875 -0.07856 0.30112 0.28852 0.40391 0.09522 0.19463 -0.27523 -0.18929 0.39611 0.30312 0.23776 -0.19375 -0.06828 -0.07028 -0.39595 -0.28967 0.40483 0.28310 0.13562 -0.33165 -0.22009 0.07716 -0.03918 0.19979 0.37210 0.36351
-0.37755 -0.30596 0.36608 -0.20359 0.17041 0.09281 -0.33527 -0.03065 -0.20991 0.06273 -0.37268 0.03118 0.11472 0.10000 -0.25664 0.10827 0.20884 -0.17234 0.20245 -0.08711 0.12083 -0.35072 -0.27654 -0.04901 0.30407 0.23285 0.12018 0.29603 -0.23582 0.03545 0.02216 0.35118 -0.26017 -0.08550 -0.07921 -0.36766 0.11393 -0.34004 -0.31909 0.22703
-0.29624 -0.11264 0.34390 -0.31777 0.04744 -0.06985 -0.10390 -0.10278 -0.12918 -0.18697 0.02147 0.07431 -0.12288 -0.05090 -0.23889 -0.36632 -0.18527 0.16230 -0.01779 0.18051 -0.17822 -0.31501 -0.47081 0.39064 -0.38711 -0.23046 -0.14695 0.27804 0.34239 -0.13954 -0.32219 0.12564 -0.18836 0.20805 -0.22045 0.08211 0.14550 -0.28082 -0.06037 -0.28276
-0.07391 0.00908 -0.04735 -0.26488 0.44766 -0.09571 0.40363 0.32025 0.29035 -0.43572 0.38037 0.08938 0.33575 0.36866 0.46527 -0.05303 0.15206 -0.46798 0.23797 0.24401 -0.22153 -0.00358 0.02210 -0.26642 0.08515 0.45884 0.38314 -0.35638 -0.11636 0.04135 0.35973 -0.38173 -0.37175 -0.38259 -0.37135 -0.20369 0.36421 -0.20688 0.01954 -0.07245
-0.17535 -0.03892 0.16138 0.03318 0.27166 -0.37427 0.32646 -0.08520 -0.20570 0.17806 0.01626 0.27220 0.15967 0.12216 0.22762 0.08987 0.09836 0.14438 -0.05816 -0.27544 -0.32621 0.15931 0.37183 -0.06193 0.09077 0.10454 0.01515 0.21295 0.37603 0.43262 0.19124 -0.03011 -0.05886 0.08376 0.21877 -0.26174 0.03689 -0.01853 -0.08174 0.22168
0.39283 -0.17071 -0.04187 -0.24757 0.31182 -0.20739 0.41634 0.19231 0.00482 0.32532 0.38007 -0.01915 0.34143 0.01384 0.32079 0.05685 0.07671 0.12874 0.10647 0.16919 0.38521 0.06942 -0.26731 -0.05684 -0.17720 -0.27341 0.24659 0.05252 -0.03994 -0.07803 0.14179 0.16373 -0.34267 0.25939 0.10031 -0.41442 -0.34700 -0.24229 -0.31646 -0.38457
-0.23189 0.23265 -0.02766 0.17744 -0.34449 -0.13319 0.08088 -0.02835 0.02397 -0.19255 0.13841 -0.14331 0.29435 0.21290 -0.10906 0.15375 -0.08777 -0.24856 -0.17209 0.24386 -0.32141 -0.05518 -0.00183 -0.17680 -0.35944 0.25113 0.08412 0.26905 -0.16789 0.32738 -0.40191 -0.08294 0.33621 0.02753 0.09599 -0.13221 -0.33364 -0.10094 0.04540 -0.36102
-0.08780 0.19961 -0.25826 -0.05743 0.16244 0.40152 -0.15954 -0.03796 0.01502 -0.22797 0.11237 0.29058 -0.10413 0.29934 -0.43766 -0.41002 0.09529 0.35658 0.04162 0.08119 0.30531 -0.03020 -0.32122 -0.14413 0.22765 -0.17695 0.10289 -0.08275 0.37483 0.02613 -0.32941 -0.18074 -0.06709 -0.06001 -0.05870 -0.43757 -0.10214 -0.17667 -0.36124 -0.26750
-0.05844 -0.22783 0.33114 -0.03357 -0.31409 -0.30877 0.05995 -0.31019 0.34869 -0.00142 -0.04694 0.11743 -0.25590 -0.26159 0.21767 -0.16356 0.11962 -0.18213 -0.11466 0.08872 0.09458 0.21690 0.34443 0.11656 0.24648 0.10475 0.21582 -0.07365 -0.11758 -0.08579 0.12988 -0.35341 0.03346 0.16177 -0.10730 0.24350 0.31448 0.24883 0.16424 0.11553
0.38720 -0.01254 0.06524 -0.07149 -0.09222 -0.29665 0.10894 -0.30607 -0.08513 -0.02751 -0.17763 0.24494 -0.35893 0.27965 0.13685 0.11546 -0.27580 -0.15778 0.29620 -0.21630 0.34720 0.20784 -0.00563 0.36818 0.21131 0.17507 0.21215 -0.30467 -0.05557 -0.00688 0.05414 0.13808 0.29079 0.03279 0.12044 -0.14967 0.18175 -0.33807 0.23271 0.30557
-0.24955 -0.18709 -0.15028 -0.13080 -0.04193 -0.38050 -0.14271 -0.11392 0.08670 -0.20176 0.34175 0.20815 -0.18431 0.27530 -0.25759 -0.33678 -0.38042 0.25584 0.28519 0.23188 -0.17302 0.36503 0.17766 -0.00505 0.21275 -0.32667 0.26677 -0.16879 0.01804 -0.11199 0.35397 -0.13248 -0.10040 -0.17234 -0.01264 0.16773 0.07542 0.17863 0.19009 0.36171
0.11582 -0.31555 -0.19949 -0.15540 0.24535 0.46888 0.04978 -0.08279 0.00166 -0.22095 0.19624 -0.15508 -0.11178 0.23647 0.02433 -0.22100 -0.16312 -0.17427 0.12826 0.05478 -0.00699 -0.23099 -0.27213 0.38450 -0.05465 0.22170 0.30202 -0.08575 -0.35028 -0.08153 0.42198 -0.23391 0.07255 -0.14117 -0.17616 0.03578 0.20855 0.02577 -0.11266 0.39092
0.09103 -0.20592 0.21831 -0.06950 0.28276 -0.00055 0.07610 0.03884 -0.38297 -0.19932 0.27662 -0.15430 0.21422 0.31604 -0.31808 0.20448 0.22448 0.13915 -0.31563 -0.21818 0.05301 -0.23640 -0.10044 0.18587 0.03731 0.11723 0.16898 -0.16443 0.12818 0.25416 0.08623 -0.20082 0.10936 0.11220 -0.32708 -0.16054 -0.08424 0.07942 0.38173 -0.33850
-0.09389 0.19044 0.42559 -0.35832 -0.35268 0.37111 -0.40251 -0.24447 0.19869 -0.27116 -0.33982 0.18172 0.39563 0.02075 -0.14372 0.37409 0.20337 0.41836 0.35733 -0.03872 -0.04323 -0.09111 0.31845 0.13543 0.36395 -0.36001 0.14193 -0.21308 0.25415 0.03278 -0.08384 0.03189 0.29687 0.10383 0.35209 -0.05995 -0.37329 0.03265 -0.26886 -0.05265
0.46490 -0.25214 0.11670 -0.30556 0.07666 0.26011 -0.29072 0.30286 -0.30581 0.30679 0.24308 0.32029 0.01368 0.07183 -0.33705 -0.28891 -0.15843 0.21104 -0.24467 0.12999 -0.27139 0.28334 0.05234 -0.39384 0.21068 0.26031 -0.06531 -0.20730 0.23730 0.03223 0.25370 0.20178 -0.26670 -0.31781 -0.14968 0.39012 -0.01009 0.24272 -0.36366 0.29610
0.25491 -0.37073 0.20291 -0.37384 0.47152 -0.27744 -0.14798 -0.10493 0.15469 0.36045 0.42774 -0.14546 0.18938 -0.10045 -0.26228 -0.33003 -0.13576 0.04881 -0.34658 -0.22743 -0.20286 -0.42356 -0.19621 -0.01140 -0.33324 -0.19618 -0.12848 -0.07755 0.24846 0.31421 -0.04284 0.41674 -0.35497 -0.24932 -0.01140 -0.06302 0.13398 0.22870 0.34846 0.14506
0.39171 -0.37297 -0.22047 0.24064 0.27053 -0.36955 0.45482 0.01469 0.20696 0.25907 -0.05251 -0.32285 0.29866 -0.08478 -0.42626 0.26591 -0.12471 0.07129 -0.31700 -0.28609 0.36969 0.09619 0.27583 -0.17024 0.17275 -0.07644 -0.11057 -0.05130 0.02612 0.07196 0.07440 0.26763 -0.22974 0.16190 0.35916 0.00030 -0.16146 0.21650 -0.28342 0.40233
0.25130 0.02287 0.02326 -0.26306 -0.18313 -0.27825 0.43527 0.05507 -0.27274 -0.21243 0.38765 -0.34924 -0.20016 -0.39304 0.23957 -0.18554 -0.11105 -0.22835 -0.02878 -0.11958 -0.28774 0.29295 -0.00729 -0.02489 -0.42808 -0.33039 -0.09213 0.06268 0.09653 0.14234 -0.11386 0.36063 -0.05285 0.13627 0.09590 0.28926 0.19051 -0.24224 0.06168 -0.26442
0.09773 -0.16982 -0.02433 -0.41590 0.02908 0.32362 0.25983 -0.32958 0.31655 0.27053 0.38791 0.26337 0.07874 -0.09049 0.03480 -0.06902 0.36872 0.16233 -0.25180 0.05597 0.34826 0.32077 -0.27130 -0.06311 -0.06761 0.26272 -0.03033 -0.27764 -0.05517 -0.01107 0.46572 -0.07699 0.11670 0.26981 0.30091 -0.31917 0.00897 -0.27627 -0.01585 -0.44810
-0.12871 0.06435 0.01560 -0.05159 0.01854 -0.02305 -0.16554 -0.08804 0.08044 0.13837 -0.30053 -0.18439 -0.19434 0.13112 -0.44187 -0.13992 0.29877 -0.37422 -0.20789 -0.15784 0.21731 -0.31937 -0.23562 -0.04054 0.10617 0.08743 0.04222 0.11496 0.05255 -0.23675 0.02376 0.28555 -0.26760 0.10759 -0.23931 -0.20431 0.06154 -0.38272 -0.30692 -0.04573
0.36645 -0.24339 0.45770 -0.09477 0.21519 0.21759 0.37101 -0.11154 -0.21606 -0.21004 -0.17614 0.01163 0.33110 -0.16643 0.03720 0.06070 -0.28571 0.29033 -0.30852 -0.22550 -0.41811 0.43202 -0.32205 0.03882 -0.10730 -0.13749 0.39641 -0.16503 0.11839 0.42228 0.14262 0.07192 0.40652 0.41649 -0.30441 0.13786 0.29557 -0.32481 -0.03615 -0.21928
0.15072 0.26685 -0.22182 -0.17001 0.12202 0.11356 -0.19448 -0.07307 0.23777 -0.02983 -0.18170 0.09816 -0.15469 0.35722 -0.00150 0.39122 -0.25719 -0.39149 0.31910 0.42985 0.31619 0.30697 -0.31178 0.02996 0.35595 0.25150 0.04551 -0.15331 -0.28214 0.24018 0.30794 -0.11405 0.17386 0.40863 -0.01547 -0.24374 -0.07707 0.32858 -0.16092 -0.02938
0.25185 -0.18183 0.05947 0.29005 0.10777 -0.24337 0.28028 0.04839 -0.34097 -0.31337 -0.12623 -0.16704 -0.01010 0.31096 -0.21805 0.03338 0.25704 -0.49164 -0.38315 -0.28276 -0.04785 0.13488 -0.17026 0.16538 0.29131 -0.27922 -0.23655 0.06573 0.11324 -0.11834 0.30522 -0.11538 0.32175 0.18802 0.16401 -0.01332 0.07357 0.09864 -0.07221 0.51680
0.01653 -0.22834 -0.04926 0.24513 0.05005 -0.09086 -0.11426 -0.21370 -0.01520 -0.29664 -0.07450 0.04419 0.30381 0.20045 -0.27472 -0.17713 0.33759 0.14541 0.42758 -0.31025 0.25909 -0.01133 0.15973 -0.03446 0.00726 -0.27909 -0.08845 -0.21360 0.12938 -0.08146 -0.12270 -0.24106 0.05809 0.21619 0.14031 -0.30432 -0.12386 0.14255 -0.11167 -0.09702
0.08316 0.41777 0.29322 0.01416 0.01302 -0.14597 0.11469 -0.09102 -0.32672 0.37186 0.23276 -0.07809 -0.35514 0.26980 0.23285 0.00419 0.26616 0.41988 -0.28780 -0.34968 -0.05908 -0.11140 0.00930 -0.35525 0.38056 0.41441 0.31661 0.32256 -0.25964 0.43958 0.00570 -0.21129 -0.09272 0.30771 -0.42424 -0.00876 -0.03623 -0.38833 0.07773 -0.08378
-0.05464 -0.08546 0.25175 -0.35183 0.09466 0.37360 0.06064 -0.12942 0.16700 -0.26350 0.02095 -0.04405 0.45426 0.07833 0.13885 -0.04200 -0.26589 0.14594 -0.06900 0.34117 0.14464 0.31573 0.27882 0.12868 0.32438 0.03058 0.03143 -0.44725 -0.19133 0.29835 -0.26763 -0.33407 0.17881 -0.01231 -0.00928 0.06278 0.24241 -0.20904 -0.10975 -0.33039
-0.39929 -0.47839 0.40554 -0.03798 -0.08035 0.33683 -0.14628 -0.13559 -0.37090 -0.39800 0.20682 0.27692 0.00896 0.41197 -0.31291 0.04157 0.42081 -0.00186 0.03456 -0.15626 -0.35513 0.01067 0.08602 0.16941 0.19635 -0.35065 -0.23750 -0.05345 -0.01970 -0.14585 0.15432 -0.26403 0.02582 0.32300 -0.38765 0.01986 0.17221 -0.27608 -0.44268 -0.28438
0.01652 0.40044 0.24648 0.19664 -0.24416 -0.36747 -0.04961 -0.16326 -0.43870 0.37578 -0.23748 -0.27001 -0.14434 0.35217 0.40330 0.19178 -0.40421 -0.23463 0.06351 0.29798 0.21829 -0.34259 0.18178 -0.04771 0.38649 -0.04254 -0.41537 0.11123 0.02511 -0.16544 -0.23552 0.07474 -0.00672 -0.11711 -0.19174 0.01208 0.40455 0.03587 -0.21746 -0.36957
-0.24229 0.34302 0.11720 0.25374 -0.07888 -0.35487 0.19773 0.29039 -0.05730 0.00145 0.22690 -0.16425 -0.21614 -0.11540 -0.17302 0.12379 -0.35670 0.15071 -0.26381 -0.33590 0.11063 -0.13095 0.13380 0.05981 0.23116 0.30723 -0.16742 -0.33518 -0.27117 0.17333 -0.11638 0.04562 0.05355 -0.12551 0.14499 0.04524 0.24632 -0.20711 -0.02784 -0.39250
-0.03940 -0.27036 -0.09834 0.19267 -0.46889 -0.02153 -0.19966 -0.20645 -0.34944 -0.03490 -0.27442 -0.26169 -0.06011 -0.34984 0.21447 -0.30053 0.34934 0.01734 -0.14958 -0.22272 -0.33349 -0.02163 -0.26069 0.10959 -0.39586 -0.33584 0.09912 -0.44243 0.08439 0.26255 0.21342 0.10824 -0.22557 -0.18333 0.01265 -0.34364 0.26039 0.12807 -0.02873 0.30031
-0.19779 -0.11290 0.34919 0.23595 0.22349 0.34696 -0.38238 -0.09959 -0.30545 -0.33486 -0.40296 0.23170 -0.12087 -0.12760 -0.36065 -0.30700 -0.10248 0.12624 -0.20356 0.15330 -0.18928 0.27959 0.01347 -0.23516 -0.32407 -0.14831 -0.30991 -0.36085 0.40417 0.26042 0.03917 0.00762 -0.16050 -0.00479 -0.47941 0.29548 0.11591 -0.31994 -0.19506 0.10401
-0.14008 -0.19610 -0.02793 0.10369 -0.22771 0.21807 0.16994 0.27104 0.02419 -0.24321 0.14813 -0.31541 0.07993 0.27040 0.12961 0.38849 -0.33999 -0.11351 -0.27957 0.26289 0.10955 0.18773 0.02605 0.15319 0.05485 0.15438 0.15198 -0.20138 0.35756 0.33699 0.10305 -0.12191 -0.18242 -0.13574 -0.16170 0.00525 -0.40792 -0.17212 -0.09556 -0.16872
0.16790 -0.05708 0.20488 0.25297 0.02819 0.07570 0.09712 0.14989 0.14191 0.13661 -0.13110 0.10576 0.17089 0.07189 0.30465 -0.35806 0.21435 -0.31486 0.24379 -0.35369 0.21299 0.02742 -0.13557 -0.12984 -0.23621 -0.28496 -0.28385 -0.25760 0.06748 -0.33432 0.21830 -0.09363 0.05896 0.02370 0.12945 -0.13886 -0.06193 -0.11396 0.09639 0.18236
0.07998 -0.03391 -0.10466 0.17890 0.12302 0.23390 0.31374 -0.06907 0.08539 0.00711 -0.00012 0.08829 0.09786 0.15522 0.15957 -0.41733 0.22922 -0.21621 0.14672 0.07504 0.09944 -0.02199 0.17533 0.32839 0.10192 -0.20131 0.00401 0.37330 0.17375 -0.38539 0.13455 -0.23673 0.15497 -0.12351 0.22976 -0.06597 0.16592 -0.19745 -0.05263 -0.27851
-0.28163 -0.31770 -0.19140 -0.31609 -0.30444 0.32543 -0.21415 -0.19993 0.10917 0.34157 -0.30107 -0.32144 -0.00231 -0.13236 -0.07217 -0.13903 -0.17092 -0.20785 0.09398 0.11644 -0.39184 0.28456 -0.17196 0.34552 0.14952 0.18832 0.20867 -0.40334 -0.14251 0.21774 -0.00966 0.19878 0.43891 0.12578 -0.09132 -0.26645 -0.15476 -0.19677 -0.27341 0.11278
0.31476 -0.13771 0.03188 -0.36934 -0.06083 0.40523 0.08318 -0.36047 -0.13646 0.13668 -0.31179 0.04504 0.04476 -0.46163 -0.37928 -0.40404 0.26610 -0.40011 -0.24339 -0.41094 -0.07970 0.34904 -0.03432 0.24541 0.07392 -0.05205 -0.34422 0.11838 -0.36275 -0.22550 0.05549 -0.40377 -0.17448 0.19013 0.21881 0.00836 0.11069 0.31258 -0.02209 -0.38301
-0.08302 0.29810 0.29556 -0.09400 0.15463 -0.19377 -0.30951 0.24020 -0.00512 0.23742 -0.02735 -0.27762 0.03020 0.30872 0.29342 -0.38922 0.10244 -0.06105 -0.24507 0.22376 -0.15560 -0.09367 0.27775 -0.08107 0.20449 -0.31311 0.17054 -0.24484 0.04738 0.01628 0.16980 -0.01630 0.22215 -0.00062 0.33966 0.02687 0.18263 -0.10486 0.00251 -0.31907
-0.03547 0.04065 -0.02753 0.32231 -0.15682 -0.04339 0.11041 -0.30697 -0.28150 0.13362 0.05991 -0.25513 0.34230 0.22453 -0.01803 0.28231 0.19525 -0.17776 0.21704 -0.25192 -0.05354 -0.26692 0.04252 0.34067 0.08055 0.19821 0.09069 -0.27312 0.04261 -0.34505 0.21169 0.20333 -0.28849 -0.05613 0.28327 0.07061 0.28281 0.08733 -0.26676 0.32278
-0.20608 0.05068 -0.12185 0.03258 -0.24268 -0.29672 -0.31052 -0.01530 -0.30662 -0.29677 0.11778 0.06299 -0.11775 -0.27243 0.31255 0.15338 0.18461 0.13700 -0.15556 -0.18070 -0.13338 0.20844 -0.19991 0.07952 0.03141 -0.21977 -0.02858 -0.29534 0.25877 0.14824 0.35557 -0.11090 0.12564 0.21569 0.26213 -0.03182 0.15125 -0.12086 0.01276 -0.34738
0.29131 -0.09317 0.25583 0.30242 0.13824 0.10247 0.34148 -0.00012 -0.12614 -0.27361 -0.21136 0.44339 0.03013 -0.23863 -0.20495 0.00987 0.05118 0.04029 0.16663 0.01092 0.29126 0.35829 -0.22637 0.22371 -0.07779 -0.09617 0.26826 -0.13369 0.20544 -0.21579 -0.27938 0.11748 0.01059 -0.23512 0.02132 0.06825 -0.24789 0.23442 -0.39579 -0.12456
0.23503 -0.21107 0.24895 -0.31142 0.07808 0.07660 0.01464 -0.42289 -0.14586 -0.34374 -0.19935 0.42621 -0.27383 -0.23358 0.02445 -0.05704 0.25245 -0.33785 -0.17614 -0.21048 0.12698 -0.06445 -0.27053 0.08315 -0.04974 0.31378 0.27923 0.12575 0.12021 0.32621 -0.02519 0.09600 0.15157 0.15752 0.08574 -0.19431 -0.26532 -0.06260 -0.34320 0.37343
0.22661 0.16292 -0.24268 0.05796 -0.44986 0.10284 0.23101 -0.04334 0.09886 0.18254 -0.32431 -0.16207 0.37012 -0.33823 -0.18155 0.15193 0.34706 -0.00451 -0.02292 -0.25186 -0.10290 0.20004 0.29160 -0.18894 -0.24282 -0.11352 0.10897 0.02591 -0.21729 -0.09599 0.26485 -0.05710 -0.01420 0.29964 0.27142 0.38072 0.09148 0.11351 0.11026 -0.06915
-0.19991 -0.22368 -0.50595 -0.18711 0.00109 -0.32586 0.11976 0.04651 -0.19928 -0.25649 0.27365 -0.29324 0.17476 0.08471 -0.22019 0.01771 0.14126 -0.09224 0.04611 -0.42634 0.11004 0.40170 -0.23512 -0.02879 -0.23954 -0.02125 -0.24894 0.40408 0.12103 0.26600 0.32902 -0.09347 -0.11701 -0.28853 0.28049 0.34296 0.44123 -0.38284 0.33564 -0.30200
0.01086 -0.12453 0.30160 -0.38607 0.04861 -0.31232 -0.32612 -0.28530 0.04541 0.03085 -0.38906 0.29728 -0.00670 -0.34425 -0.07794 -0.24550 0.20716 -0.00118 -0.22117 0.21219 -0.39629 -0.01257 -0.09644 -0.24348 -0.30908 -0.08113 -0.31185 0.05466 -0.39709 -0.30133 -0.08536 -0.03752 -0.01695 -0.12135 -0.07957 -0.33462 0.23508 -0.24870 0.07826 0.32709
0.10614 0.12154 0.19564 0.04547 0.37241 -0.07819 -0.33840 0.28112 -0.17786 -0.51545 -0.17044 -0.19015 -0.01569 -0.08988 0.33470 0.25076 -0.06537 -0.30012 0.41341 -0.27550 -0.13760 0.00569 0.21075 0.03397 -0.44076 0.07798 -0.05082 -0.31089 0.37567 -0.32575 0.13804 -0.38799 0.12874 -0.20615 0.01402 0.00896 0.32060 -0.28239 0.10996 0.24044
0.20885 -0.36621 -0.09999 0.26071 -0.11612 0.06866 0.28653 -0.17961 -0.18275 -0.07881 0.20447 0.43993 -0.30661 -0.32822 -0.06611 -0.04995 0.23790 -0.21950 -0.11507 -0.12923 0.20316 0.26680 -0.22997 0.32984 -0.18170 0.29132 -0.45898 0.16658 -0.33572 0.27146 -0.25752 0.28217 -0.12536 -0.13645 0.06782 0.16480 -0.21333 0.12316 0.12687 -0.17413
-0.35730 -0.10462 -0.08547 -0.13795 0.03428 -0.17851 -0.12058 0.06728 -0.04510 0.19033 -0.36998 0.04494 -0.29333 -0.24708 -0.05492 0.06380 -0.12167 0.15902 -0.12517 0.17284 0.14120 -0.05921 -0.15141 -0.03305 0.37409 0.00319 -0.01711 -0.00611 -0.27309 0.08597 0.02379 0.25768 0.01258 0.16720 -0.11470 -0.13678 -0.17984 0.29168 -0.05904 0.01113
-0.22434 -0.21488 0.30846 0.04995 -0.18772 -0.23969 0.11959 -0.26184 0.04449 0.31473 0.03909 -0.31126 -0.27852 -0.12239 -0.32555 -0.29576 -0.03049 -0.37032 -0.31324 0.04626 0.00338 -0.13290 -0.05416 -0.00371 0.27233 0.00605 0.04458 0.10815 -0.07862 0.07594 -0.18283 0.23228 0.11257 0.18804 -0.04599 -0.31339 0.11659 -0.14802 -0.02511 -0.19664
-0.30182 0.23349 0.33177 -0.39145 0.37946 -0.13976 -0.43428 -0.31359 -0.30713 0.24714 -0.10361 0.09183 0.27820 0.07729 0.28654 -0.30795 0.06997 -0.35896 -0.01630 0.20577 -0.18132 0.23744 -0.34272 0.06520 0.07283 0.33810 -0.15220 0.23515 -0.16009 -0.24532 -0.37001 -0.00726 -0.18617 0.29602 -0.32218 -0.22186 -0.32231 -0.34410 0.01191 -0.28121
-0.12898 0.14386 0.10410 0.31647 0.33838 0.10032 -0.15389 -0.02642 -0.26843 0.20085 -0.26792 0.19030 -0.21917 0.08723 0.30652 0.52883 0.22169 -0.21045 -0.27961 -0.28683 -0.34136 0.23877 -0.18706 0.37094 0.14411 0.35881 0.11599 -0.34917 0.07862 -0.02764 0.02520 -0.00241 0.32061 0.02363 0.34120 0.14948 -0.15542 0.32113 0.05035 -0.38604
-0.46264 -0.34463 -0.33211 -0.28286 0.10738 0.37675 -0.14230 0.01164 0.00214 0.15269 -0.00890 0.47904 0.33795 0.43913 -0.08456 0.14843 -0.14824 -0.01247 -0.32036 -0.26410 0.34315 0.04141 -0.16851 0.24497 -0.28786 -0.02913 -0.08952 0.07234 -0.34638 0.23636 0.36650 -0.36534 0.31024 -0.23267 0.11169 0.28897 0.21225 0.45252 0.27967 -0.06346
0.25869 -0.09615 0.23443 -0.31584 -0.17124 0.01217 0.02244 -0.26282 -0.31241 -0.24197 0.26962 -0.34878 -0.33777 0.07646 0.01169 0.19195 0.07358 -0.02704 -0.18795 -0.08542 0.05999 -0.05929 -0.14455 0.11987 0.01273 0.06939 -0.11329 0.20753 0.21165 0.22036 -0.17978 0.24679 0.09755 -0.01582 0.31521 0.00574 0.32833 -0.22813 0.21573 -0.22818
-0.05108 0.16981 0.36370 0.20623 0.31579 -0.18874 -0.27957 -0.32138 -0.26893 -0.10729 -0.16021 -0.21150 0.39082 -0.11929 0.07269 -0.07647 0.24916 0.04617 0.06227 0.18203 0.18558 0.26936 -0.22386 -0.13669 0.08712 0.36766 0.36039 0.04997 0.30658 0.06110 0.06623 -0.25069 0.31652 0.37274 0.31392 -0.26983 -0.13539 0.31184 -0.14257 -0.30268
0.11218 -0.13758 0.01169 0.19923 0.16425 -0.25581 -0.26633 -0.15062 -0.02369 0.28242 -0.04329 -0.25123 -0.32339 0.23854 -0.06725 -0.29701 -0.37687 0.10627 0.39645 -0.26714 -0.12447 -0.22639 -0.15769 -0.37621 0.05258 0.04973 0.16928 -0.35274 0.36803 -0.20188 -0.20653 0.22813 -0.02347 -0.00931 0.04866 -0.02808 -0.04226 -0.04192 0.25966 -0.13222
-0.31211 0.28581 0.25395 0.11363 -0.18253 0.37254 0.00179 0.12628 0.02953 0.40047 0.18813 0.40128 0.27283 -0.11569 -0.27385 0.38073 -0.15490 -0.07862 -0.36154 -0.35567 -0.37369 0.30520 -0.23611 0.11748 -0.38451 0.23625 0.15140 0.46787 -0.39889 -0.30480 0.31581 0.37040 -0.06718 -0.05429 0.19683 0.36502 -0.31271 0.09847 0.41724 0.42875
0.27433 -0.02450 -0.02271 -0.07582 0.14142 -0.15306 0.37664 -0.38903 -0.05158 -0.30347 0.18295 0.10301 0.23370 -0.16747 -0.40847 -0.22138 0.04047 -0.10656 0.18212 0.34204 0.08286 -0.10447 -0.27792 -0.32464 -0.16541 -0.32399 -0.09374 -0.04607 0.10062 0.10292 0.22626 0.29722 0.01931 0.24689 -0.40583 0.25801 0.14773 -0.22403 0.16571 -0.35316
0.18427 -0.03850 0.17049 -0.47072 -0.08989 -0.10175 0.01139 -0.28749 0.12709 -0.20689 -0.21053 -0.07531 0.40636 0.19043 -0.06009 -0.11291 0.40288 0.26738 0.38687 -0.08891 0.26641 -0.32631 0.36270 -0.00245 -0.35522 -0.08296 0.36378 0.19989 -0.30169 -0.39516 -0.23729 -0.23456 0.27616 -0.02563 0.04560 0.23643 -0.21000 -0.38803 0.19245 -0.08616
0.11148 -0.05684 0.19295 0.19154 -0.31874 -0.30949 -0.16971 -0.24563 0.39983 0.22983 0.15858 -0.33704 0.04463 -0.04482 -0.11869 0.29528 0.34393 -0.13008 -0.22241 0.09061 0.14894 0.15551 0.14040 0.21015 0.14870 0.21092 0.16679 -0.19851 0.12377 0.04589 0.12995 -0.08520 0.25697 0.08620 -0.44444 -0.00346 0.34127 -0.17414 -0.04582 -0.36247
-0.28052 -0.32432 0.32817 -0.01588 -0.32872 -0.34829 -0.00493 0.02123 0.13014 -0.01871 -0.02279 -0.39550 -0.06120 -0.29541 -0.30904 -0.28777 0.04844 -0.04263 -0.35907 0.30981 0.13912 -0.38653 -0.31143 0.35909 -0.34664 0.26462 0.22633 -0.00230 0.32901 0.40063 -0.25893 -0.33312 -0.45638 0.11836 -0.33603 0.41567 0.04988 -0.14618 -0.32134 0.26702
0.31916 -0.20840 0.26807 -0.16709 -0.11565 -0.04503 -0.18480 -0.26420 -0.22526 0.21758 -0.27679 0.30203 -0.22080 0.20105 0.10019 0.08491 -0.11092 0.20607 -0.12139 -0.17243 0.25154 0.18016 -0.02554 -0.31703 -0.42887 -0.13278 -0.25631 0.25960 0.00535 0.04385 -0.29309 -0.13150 -0.26504 -0.18818 0.01782 0.38842 -0.06063 -0.30005 0.16242 -0.00098
0.01690 0.17719 -0.13741 -0.28821 -0.24431 0.14900 0.31161 0.09219 -0.12716 -0.44398 0.21391 0.21346 -0.27976 0.24089 0.06431 -0.25608 -0.05688 0.20516 0.30273 0.28996 -0.28204 -0.04842 -0.29604 -0.09150 -0.22476 0.17043 -0.09794 0.18899 0.00849 0.15478 -0.05408 0.13123 0.12446 0.26868 0.17463 0.34254 0.22773 0.22944 -0.20471 0.29525
0.28504 0.32836 -0.04079 -0.10444 0.14669 -0.32856 -0.41190 0.04942 0.16845 0.04172 -0.31878 -0.21540 0.37513 -0.11168 -0.04635 0.22271 0.31633 -0.31214 -0.27962 0.20110 -0.20872 -0.12836 -0.33674 -0.03621 0.08367 -0.20384 0.27967 0.13961 -0.04322 0.07608 -0.15059 0.02432 0.27894 0.26904 0.15594 -0.28358 -0.32802 -0.02014 0.04533 -0.21961
0.22945 0.04291 -0.34006 0.39715 0.18197 0.39185 0.00626 0.43028 -0.10798 -0.00448 -0.09250 -0.40789 -0.37208 -0.01611 -0.19939 -0.08768 0.01092 0.14180 0.30779 0.29498 -0.11417 -0.27314 0.35072 0.17424 0.29682 0.37225 0.14859 -0.14164 0.26384 0.26742 -0.10498 -0.29154 0.00411 -0.18921 0.15002 0.41913 0.06973 -0.33855 -0.23869 -0.14665
-0.26795 -0.01463 -0.19563 0.08861 -0.20370 0.01102 -0.01525 0.22230 -0.05598 0.15529 -0.23402 0.23929 -0.26976 -0.29179 0.26825 0.08828 0.05528 -0.29267 -0.12160 -0.27648 -0.12258 -0.35546 0.12478 0.12352 -0.04246 0.17231 0.13858 -0.22939 -0.02782 -0.18970 -0.19486 -0.28343 0.18348 -0.01665 0.13106 0.11125 0.20351 0.12602 0.41473 -0.24322
-0.26866 0.33210 -0.24620 0.10739 -0.14354 -0.32562 0.14428 -0.03242 0.05735 -0.20584 -0.26357 -0.12656 0.18675 0.08526 0.11234 -0.05687 -0.06109 0.06886 -0.01953 0.02958 0.16819 0.36601 -0.07144 -0.22712 0.17756 0.17208 0.02888 0.09875 0.19380 0.25983 0.33472 0.05381 0.02159 -0.28231 0.05993 0.19398 0.31458 0.28560 -0.25045 0.14244
-0.22671 0.08332 0.04471 0.09922 0.05472 -0.39731 -0.19638 -0.20417 -0.03912 0.04985 0.21581 -0.09005 -0.26761 0.28614 -0.05544 -0.15198 0.10925 0.19838 0.11190 0.07879 -0.17553 -0.22190 0.13038 0.33089 -0.13846 0.10897 0.04393 -0.10066 0.29286 -0.22004 -0.17946 -0.20645 -0.01441 0.03440 -0.29680 0.03826 -0.03278 -0.05640 0.08700 0.02136
0.38911 -0.24657 0.35498 0.45382 0.03324 -0.39210 0.47073 0.22417 0.34510 -0.19933 0.44501 -0.15768 -0.14095 0.00853 -0.28482 -0.31058 -0.21647 -0.06407 0.13542 -0.30744 0.01484 0.00371 -0.43494 0.38944 0.39065 0.00979 0.01841 -0.22078 -0.00797 0.15920 -0.25446 0.00981 0.06454 0.36606 -0.31558 -0.43290 0.10750 0.21329 0.40446 -0.20853
0.03087 0.02032 -0.19942 -0.10269 0.21791 -0.18239 0.18510 -0.35243 -0.08642 -0.12622 0.04011 0.08654 0.31888 -0.16464 0.30363 -0.21271 -0.28621 -0.21733 -0.13595 0.01092 0.34912 0.14549 0.24003 -0.18394 0.13415 0.08844 0.17330 0.21724 -0.26555 0.21627 -0.44555 -0.18945 0.38244 -0.13549 -0.23766 -0.15792 0.19971 -0.13407 0.16023 -0.19945
-0.28476 -0.34074 -0.17332 0.06156 0.20410 0.32764 0.07114 0.18319 0.29847 -0.27838 0.17577 0.16927 0.16886 -0.41081 0.12912 -0.06267 -0.03930 0.42768 0.29174 0.03262 0.28428 -0.03407 0.01056 -0.31006 0.04968 0.42011 -0.32949 -0.31700 -0.26398 0.35717 0.05343 0.22037 -0.12792 -0.16299 -0.13397 0.07421 0.09376 0.41563 0.14271 -0.31742
0.19553 0.12854 0.36770 0.33260 0.00099 0.35862 -0.18435 -0.18725 -0.33901 -0.09415 0.29184 0.23273 0.23163 0.09423 -0.07020 0.27840 -0.13323 0.06644 -0.10677 0.09628 -0.31629 -0.06885 -0.43984 -0.07225 0.25696 0.32460 -0.38578 -0.19023 -0.17381 -0.01779 0.27951 0.36524 0.05706 0.21594 -0.26534 -0.00918 0.18564 0.25995 -0.19335 0.17101
-0.04201 -0.12694 0.00032 -0.17734 0.01588 -0.12956 -0.08409 0.13006 -0.16722 -0.11057 0.36384 -0.03261 0.36623 -0.12387 -0.22152 0.17643 -0.41804 0.20267 0.09328 0.12106 -0.08798 0.23431 -0.38391 0.22920 -0.38956 0.00863 0.24016 -0.15612 0.39497 0.10995 0.16597 -0.03443 -0.24847 -0.05905 -0.24477 0.39067 0.25371 -0.31490 -0.18204 -0.16446
0.07958 -0.08336 0.25152 -0.21227 0.30252 0.30264 -0.19041 0.21267 0.06100 0.00287 0.29083 -0.03966 0.00399 -0.31649 0.27607 -0.20957 -0.03381 0.17563 -0.22308 0.02371 0.02253 -0.25136 -0.09291 0.30591 -0.11707 -0.05040 0.01379 0.02463 0.22286 0.09291 0.24058 0.15005 -0.06332 -0.21278 0.06103 -0.12910 -0.21454 -0.01412 0.33778 -0.30294
-0.07924 0.24017 -0.24398 0.03762 -0.12498 -0.04452 -0.11338 0.07508 -0.09194 0.19669 -0.16211 0.14875 -0.21594 -0.13811 -0.33140 -0.13892 0.07788 -0.30409 0.39661 -0.30330 -0.05023 0.02290 0.25652 -0.12255 -0.00795 -0.39286 -0.07361 -0.20760 0.20064 0.18410 -0.25117 -0.21258 -0.21454 -0.24920 0.12470 -0.30752 0.36058 -0.00070 0.37312 0.16543
0.20007 -0.27722 0.35849 0.22567 0.15232 -0.39866 -0.11004 0.35912 -0.18560 0.21822 -0.35505 0.08766 0.19837 -0.42422 0.28675 0.36715 -0.11638 0.47085 -0.28684 -0.13249 0.11484 0.39643 0.12944 -0.01434 0.05200 0.08052 0.14102 -0.27948 0.24313 -0.34971 0.20760 0.11488 -0.02560 0.27376 -0.18758 -0.04228 0.11440 0.06145 0.40197 0.27142
0.06522 0.40116 0.14953 0.16782 -0.29602 -0.36799 -0.33351 0.05714 -0.21403 0.11242 -0.27381 0.03305 -0.03735 0.20136 0.30493 -0.29519 0.02308 0.09397 0.18627 0.24743 0.00009 0.10537 0.15417 0.32391 0.06322 -0.32693 0.05043 -0.01635 0.45412 -0.18687 0.20402 0.31874 -0.06440 -0.04190 -0.09140 0.35521 0.09109 -0.22250 -0.02117 -0.29820
-0.31003 0.17552 -0.22910 -0.03868 -0.32735 -0.05496 0.36158 -0.08376 0.03187 -0.25131 0.18880 0.20099 0.19780 0.11648 -0.24391 0.07632 -0.09273 0.06606 -0.29108 -0.14543 0.27172 -0.13110 0.33858 0.23100 -0.08162 -0.23169 -0.09744 0.08663 0.22412 0.22275 0.26082 0.27690 -0.17128 -0.16984 0.12579 0.12062 -0.10324 0.15901 -0.14258 -0.00641
0.21532 0.04163 -0.18341 -0.00315 -0.20653 0.04157 -0.17833 0.24420 -0.28616 0.14633 0.08507 -0.32183 0.10353 0.20155 -0.13587 0.27875 -0.14210 0.08920 -0.21484 -0.32878 -0.00836 -0.00121 0.13115 -0.00363 -0.06745 -0.21695 0.21687 0.37244 -0.15261 -0.35918 0.20807 -0.18415 0.12676 0.04834 -0.13451 0.45618 -0.15929 -0.19575 -0.12995 0.29707
0.11198 -0.21609 0.14679 -0.10472 0.29357 -0.20248 0.00822 -0.20613 0.22677 -0.14883 0.16041 0.38555 -0.16866 -0.22568 0.23263 0.04809 0.13086 0.09427 0.18083 -0.06215 -0.00934 -0.32352 -0.25365 0.15377 0.15173 -0.03369 0.20055 -0.06335 0.30872 0.07290 -0.16361 -0.29529 -0.02296 -0.09796 0.48326 0.06831 0.29099 0.09948 -0.28736 0.32749
-0.18591 0.31264 0.25546 -0.36934 0.30660 -0.21728 -0.39749 0.11835 -0.39582 0.30201 0.23935 0.22123 -0.30428 -0.14468 0.33837 -0.27893 0.23126 0.27478 0.33514 -0.21255 0.04647 0.06150 0.39306 0.14177 0.39056 0.34002 -0.04502 -0.40202 0.39976 -0.27444 -0.35628 0.37351 0.10113 -0.31196 -0.24604 0.25446 0.34079 -0.11574 -0.28107 -0.28705
0.31409 0.19420 -0.03387 0.38747 0.16017 0.01501 -0.01065 -0.06236 -0.46160 0.23764 0.07825 0.19316 0.10299 0.08241 -0.07881 -0.13698 -0.08404 -0.29155 0.23478 0.39573 0.05739 0.18467 0.14942 -0.18847 0.26992 -0.11837 -0.05509 -0.19679 0.06064 0.29811 0.13935 0.11478 -0.29213 0.26805 -0.22509 0.18808 -0.30494 -0.34537 -0.35432 0.08353
-0.01198 0.26663 -0.11487 -0.24367 -0.12946 -0.10949 0.01725 0.10128 0.05248 0.39935 -0.39602 0.05884 -0.18475 0.15876 -0.18684 0.29879 0.22744 0.27316 0.16124 0.23742 -0.03139 0.29642 0.09737 0.30652 -0.33345 0.00197 0.38514 0.37829 0.18141 0.10773 -0.07457 -0.11820 -0.32595 -0.31329 0.05008 -0.15165 -0.28315 -0.08225 0.05438 -0.27789
0.25547 0.06650 0.15366 0.21490 -0.01865 -0.20431 0.20858 -0.00340 -0.09322 0.29069 0.11638 0.19924 -0.35067 -0.07673 0.09529 -0.11190 -0.34310 0.04080 -0.17122 -0.25758 -0.02182 -0.05320 0.21443 -0.37037 -0.26639 -0.21223 -0.23295 -0.22758 -0.23138 -0.15402 0.28966 -0.05250 -0.38023 -0.10502 0.34224 -0.17499 0.33250 0.01059 0.26873 -0.35373
0.23932 0.16110 -0.20530 -0.39439 0.12020 -0.13268 0.18397 -0.30427 -0.10065 0.01759 -0.02593 0.10354 -0.39066 0.37702 -0.17415 0.26051 0.15642 0.27389 0.34897 0.41647 0.30578 0.21770 0.37340 -0.26707 0.36980 -0.11658 0.01066 0.23925 -0.14454 0.29368 0.15312 0.27306 0.40398 0.30771 0.39611 0.36149 0.24106 -0.37368 0.32234 0.34666
0.03993 -0.07464 -0.05189 -0.07175 0.10265 -0.40187 -0.11205 -0.16382 -0.10682 -0.23369 -0.25577 -0.02098 -0.06594 -0.04575 -0.19466 -0.22816 0.13937 0.12955 0.10870 0.02062 -0.18683 -0.08201 0.12951 -0.18523 0.43932 0.05985 0.01360 0.15732 -0.30080 -0.12338 -0.08193 -0.22091 -0.01419 -0.03169 -0.16386 -0.08722 -0.25498 0.13825 -0.00649 -0.09305
0.13080 -0.18646 -0.07197 -0.17606 0.32390 -0.16207 0.06276 0.08125 0.22974 0.26526 0.22053 -0.32599 -0.03840 0.34946 -0.22413 -0.41141 0.30090 -0.12368 -0.09236 -0.17068 -0.06443 0.07905 0.10206 0.34467 -0.23455 -0.06086 0.21474 -0.39502 0.05843 0.46717 -0.18088 0.16662 0.32379 -0.00420 -0.32091 0.31565 -0.09650 -0.31592 0.11243 -0.15515
-0.15096 0.05747 -0.21123 0.12424 0.10989 -0.26028 0.16010 0.29244 -0.19604 -0.14827 -0.45246 0.07832 0.22432 -0.28203 0.29559 0.03021 -0.25453 0.23506 -0.22484 0.22329 0.20422 -0.28151 0.16239 -0.34002 0.27103 0.17504 0.13527 0.10668 -0.27168 0.27245 -0.08622 -0.00605 0.27675 -0.12281 -0.26551 0.13277 0.15408 0.39110 -0.28784 0.29721
0.17484 -0.08317 -0.03724 -0.18180 -0.19137 0.01460 -0.01101 -0.01478 0.34445 0.07043 0.13912 -0.08557 -0.10074 -0.30675 -0.05301 0.26036 0.07324 0.20272 -0.18977 0.02217 -0.32986 0.44821 0.01963 0.28301 -0.24418 -0.00636 0.39290 -0.08276 -0.00541 0.10740 -0.30519 -0.04448 -0.19717 -0.16914 0.00358 0.01710 -0.23476 -0.10791 0.20539 -0.11629
0.19729 -0.22563 -0.01036 0.21558 0.06321 -0.07947 0.15663 0.17314 -0.30523 -0.34126 -0.41971 -0.29354 0.21624 -0.31042 0.35437 -0.27072 0.05539 -0.40816 0.20423 0.47221 0.18597 0.01507 -0.07295 0.20396 0.21198 -0.06284 0.20103 -0.00829 -0.02153 0.38948 0.34147 -0.09373 0.08840 0.12790 0.27691 -0.00047 -0.12103 0.16524 -0.00368 0.29902
0.34273 0.06143 -0.06733 0.16446 -0.41960 0.14454 0.36773 0.08614 -0.32127 -0.34229 -0.27220 0.39617 0.38226 0.04311 -0.36206 -0.20897 0.09625 0.13327 0.26970 0.20366 -0.14668 -0.17996 -0.33088 0.00816 0.08672 -0.28842 0.23439 0.08401 -0.34555 -0.25512 0.27855 0.17583 0.35486 -0.40608 -0.18066 -0.23217 0.35863 0.02856 -0.11315 -0.40941
-0.36367 0.04852 -0.26109 -0.03875 0.08217 -0.27059 0.30799 0.11794 0.10505 0.33650 0.18619 -0.03581 -0.16773 0.07815 0.30340 0.46968 0.22912 0.00027 -0.42046 -0.32483 -0.37822 0.30625 0.11049 0.20529 -0.24031 0.32616 -0.18407 -0.12660 -0.17528 -0.51435 0.35655 0.15900 -0.35401 -0.16379 -0.29644 -0.12367 -0.36501 -0.01428 0.08764 -0.19138
0.05419 -0.32064 -0.04267 0.36513 -0.01130 0.34711 0.24063 -0.46678 -0.36427 0.03625 -0.40538 0.02954 0.36663 0.39283 0.01494 0.25267 0.41842 -0.03581 -0.37625 -0.05069 -0.38996 -0.31386 -0.16701 -0.02855 0.16009 -0.28240 0.00739 0.32443 -0.21588 -0.02645 0.28343 -0.11811 -0.30826 -0.27937 0.11930 -0.13951 -0.30477 -0.34326 -0.12230 -0.36843
-0.35225 0.22128 -0.26948 0.37089 0.31157 -0.18590 -0.13122 0.24390 0.02977 0.20844 -0.04750 -0.24420 0.32369 -0.00457 0.05283 -0.15316 -0.12294 0.02580 -0.08583 0.29260 0.04956 0.24134 0.09708 -0.08638 0.17886 -0.00039 0.04608 0.20435 0.29896 -0.27191 -0.22595 0.24388 -0.18374 -0.08590 0.26649 0.31087 0.02362 -0.28608 0.04741 -0.15563
-0.13500 -0.20382 -0.05917 -0.19002 0.33762 -0.31645 -0.05619 0.01909 0.03461 -0.08985 0.05703 0.05586 -0.32254 -0.30517 -0.34325 -0.18184 0.23612 0.12975 -0.10312 -0.31543 0.31059 0.03165 -0.13980 -0.12714 0.09791 0.17672 0.33589 0.33662 -0.01069 0.17322 -0.38626 0.17076 0.16475 0.38129 0.26354 0.13049 0.05233 -0.28755 0.28458 0.14000
-0.18827 -0.09405 0.11303 -0.00763 0.35460 -0.22298 -0.35538 0.29455 0.07377 -0.31988 0.07589 0.20741 0.39198 -0.47885 -0.13475 -0.27527 -0.27630 0.08712 0.04475 -0.07832 0.30550 0.18132 0.21232 0.38593 -0.31303 -0.05092 0.09779 0.32400 -0.01547 -0.20337 -0.21756 -0.09762 -0.40529 -0.17508 0.30365 0.02966 0.40629 0.21744 -0.15213 -0.03603
-0.12947 -0.10726 0.40296 -0.12092 -0.10625 -0.05287 -0.02596 0.00370 -0.10545 -0.26892 -0.23532 0.28679 -0.44756 0.26454 -0.12810 0.05935 0.32346 0.40371 -0.06549 0.34579 -0.44784 -0.36573 0.00447 -0.22229 0.27285 0.35601 0.23186 -0.36517 -0.06777 -0.01706 0.40357 -0.03174 0.21489 -0.21893 0.15024 0.20108 -0.18171 -0.38671 -0.22285 -0.39405
0.28010 -0.24301 -0.28997 -0.14049 0.41661 -0.39815 -0.02299 -0.16764 0.25001 -0.17968 0.11635 0.14966 0.09051 0.13317 0.20720 -0.41498 0.21395 0.29736 0.25211 -0.29418 0.16702 0.31026 0.18288 0.05768 -0.05377 -0.20102 0.39970 0.02801 -0.25242 0.43994 0.34972 -0.14736 -0.16405 0.09040 -0.43919 -0.14247 -0.24969 -0.19993 -0.25857 -0.05229
-0.09415 -0.03623 -0.22133 -0.27912 0.07067 0.18223 0.28660 -0.20688 0.13613 0.05562 -0.01310 -0.29784 -0.18270 0.22115 0.36207 0.19923 0.40048 0.01763 0.18799 0.24813 0.00069 -0.02381 0.11359 -0.22307 -0.16320 0.23105 0.26411 0.24177 0.00429 0.37468 0.24015 0.02812 0.14538 -0.19755 0.03835 0.28124 0.26760 0.05051 -0.07987 0.30902
0.18017 0.30815 0.26286 0.13265 -0.26163 -0.26496 -0.07212 -0.08727 0.13172 -0.28113 0.02494 0.19302 0.34084 -0.07214 -0.35807 -0.07737 -0.00093 0.00555 -0.03375 0.14159 0.18233 0.33291 -0.01228 -0.01973 -0.08481 0.19409 -0.30189 -0.24370 -0.22452 -0.44526 -0.24086 0.11093 -0.26108 -0.11614 0.17087 0.21341 -0.27601 -0.08094 0.36196 0.00521
0.27702 -0.13987 -0.13295 -0.34020 -0.05143 -0.20751 0.01897 0.16398 -0.08256 0.02956 -0.17124 0.07254 -0.36454 0.32785 0.31797 0.28436 0.29822 -0.21849 0.03043 -0.12591 -0.27461 -0.17051 0.31865 0.09472 -0.33539 0.41743 0.06792 -0.26393 -0.17519 -0.27239 0.29333 -0.01180 0.33714 0.20151 -0.26856 -0.27597 0.00156 0.21209 -0.13193 -0.00406
-0.15190 -0.11372 -0.14159 -0.12594 0.15283 -0.25084 0.24476 -0.26153 -0.23188 -0.27421 0.37251 0.36171 -0.08509 0.14925 0.09360 -0.30163 0.22210 -0.10005 0.43830 -0.38531 -0.37891 0.28774 -0.46531 0.44347 0.38697 -0.41072 0.03054 -0.27565 -0.38642 0.11561 0.14474 -0.17220 0.22599 0.42788 -0.20644 0.11820 0.30036 0.00330 0.07863 0.20138
0.09531 0.01638 0.23461 -0.17876 0.20594 -0.16378 -0.12736 -0.23693 0.08805 0.10423 -0.32138 0.22858 0.13807 -0.34265 -0.14668 0.02107 0.12280 0.11552 -0.26470 -0.10903 -0.33134 -0.15545 -0.29559 -0.22641 -0.21487 0.09410 -0.06316 -0.27007 -0.18941 -0.30170 0.12074 -0.03462 0.19647 0.15342 0.14849 -0.30041 0.12597 -0.02930 -0.08893 0.07801
0.13416 0.04734 -0.25677 0.15672 0.03989 0.24893 0.18492 -0.37023 0.28734 0.14934 0.05768 -0.14201 -0.16406 -0.06614 0.13685 -0.20977 -0.03545 -0.29693 0.33985 0.38227 0.16824 -0.27252 0.17085 0.28740 0.37344 -0.18356 0.04991 -0.14168 0.33316 0.12966 0.17219 0.29609 -0.19848 0.08073 0.23236 0.24505 -0.46921 -0.08082 0.15809 -0.22613
0.07811 -0.08793 0.17375 0.13192 -0.01145 -0.06996 0.11572 0.17473 0.23566 0.07063 0.04440 -0.15634 0.27286 0.21298 -0.03757 0.14236 -0.17795 -0.33861 0.12098 -0.24521 0.21175 -0.05709 -0.29561 0.29594 -0.19367 -0.38907 -0.29795 -0.21217 -0.25548 0.02905 -0.16532 0.19600 -0.09170 0.29274 0.09244 -0.13091 -0.06665 -0.22492 -0.12302 -0.14958
0.03716 0.26568 -0.43953 0.05071 -0.26729 -0.38248 -0.44384 -0.16358 0.32816 0.34100 -0.06446 0.04981 -0.19122 -0.38080 -0.35608 0.25849 0.01512 0.00633 0.22814 -0.17645 -0.22346 0.21538 0.30956 0.13814 0.17478 0.36449 -0.05395 0.20103 -0.10997 0.27233 -0.15708 -0.07336 -0.34409 -0.20667 -0.35070 -0.36532 -0.24182 0.29283 0.24312 -0.30999
0.21806 -0.20404 0.11358 -0.35483 -0.00115 0.40558 -0.12910 -0.01490 -0.12334 -0.30555 0.18674 0.18996 -0.26283 0.36562 -0.35584 -0.08261 -0.19912 0.29236 0.03776 0.07954 0.19448 -0.11140 0.27811 0.20208 -0.28838 -0.03884 0.06744 0.07023 0.04288 0.04963 -0.32172 0.30722 0.19474 -0.22809 -0.20570 0.20458 -0.04195 0.07698 0.12880 -0.12176
0.38884 0.14654 0.24588 0.16248 0.04863 -0.30443 0.37462 -0.15117 -0.29738 -0.07415 0.01311 -0.12418 0.21221 -0.32833 0.25265 0.10615 -0.38288 0.17109 -0.17409 -0.16163 -0.06469 0.24448 0.35353 -0.27944 0.00673 0.10449 -0.36054 -0.07593 0.37651 0.50506 0.22013 0.32663 -0.01815 -0.32342 0.27687 -0.34582 0.01279 0.34671 0.03944 0.11616
-0.36103 -0.26979 0.31031 0.25932 -0.20712 -0.12682 -0.17924 -0.22823 0.07539 0.17909 -0.35463 0.30292 -0.09314 0.07259 0.16421 0.27140 -0.41127 -0.13404 0.02615 0.34540 -0.04425 -0.06780 -0.35075 -0.31533 0.20264 0.28615 0.08991 -0.14795 0.10077 -0.04933 0.10791 0.19720 0.20224 0.15828 -0.02686 0.05771 0.42467 0.14119 0.13891 0.17325
-0.18353 0.06401 -0.11028 0.20153 -0.02798 0.17608 0.12824 -0.22395 -0.37915 0.19896 0.09887 -0.09045 -0.30069 -0.21859 0.13079 -0.30048 -0.11031 -0.19856 -0.02535 0.20704 -0.04007 -0.22538 -0.14036 -0.06770 -0.18392 0.24741 -0.23515 -0.40608 -0.26618 -0.07026 -0.21411 -0.11167 -0.25798 0.19678 0.02245 0.07074 0.00077 -0.24013 0.26084 -0.29387
-0.21413 0.05782 0.09485 -0.16494 0.21173 -0.14191 -0.22406 0.11000 0.04840 -0.20085 -0.16873 -0.24224 -0.22944 -0.23692 -0.17255 -0.03684 0.11975 0.14418 -0.17885 -0.34938 -0.36326 0.21282 0.28556 -0.17089 -0.35831 -0.32808 0.07133 -0.00514 0.19122 0.09582 0.12260 0.23116 -0.42303 0.22579 0.23668 -0.05624 0.12214 0.15216 0.26054 0.03679
0.12621 0.13871 0.03209 -0.09872 0.31759 -0.11868 0.24141 0.15957 0.05001 0.29263 0.10843 0.13125 -0.26677 -0.28774 0.14291 0.17349 -0.32524 0.04087 0.20379 0.40940 0.14006 0.25801 0.10917 0.30582 -0.11112 -0.35809 -0.06853 -0.08829 0.11235 -0.05003 0.37398 0.01945 -0.34756 -0.11775 -0.36840 0.25547 -0.04725 -0.35281 -0.04834 0.11194
-0.29604 0.25272 -0.31426 0.30668 -0.27690 0.15087 -0.06990 0.13551 0.06132 -0.12740 0.23681 0.08951 0.07309 0.13528 0.06194 -0.00960 -0.24159 -0.03567 0.16854 -0.32784 0.10010 0.13791 0.17321 0.16504 -0.11476 -0.27058 -0.07193 0.26401 0.29307 0.25995 0.35681 -0.12775 -0.22335 0.08660 0.32184 -0.12755 0.05779 -0.21732 0.21793 -0.33572
0.16898 -0.17247 -0.27477 -0.14060 0.34827 0.19265 0.13749 0.03507 -0.10679 -0.33483 0.26736 0.16946 0.11529 0.34260 -0.23397 0.27481 -0.41964 0.02672 -0.30384 0.06389 -0.14792 -0.30794 0.09568 0.27953 -0.32239 -0.37371 -0.04076 -0.19825 -0.16969 0.24608 0.33090 0.34318 -0.11273 -0.12088 -0.49353 -0.00790 0.00936 -0.14295 -0.17794 0.03298
0.21612 0.22121 -0.38294 -0.10537 0.34143 -0.02594 -0.10369 -0.06275 0.02185 0.06317 0.32157 0.16875 -0.15908 -0.06860 -0.18454 -0.13966 0.08138 -0.13450 -0.34143 0.01331 0.07491 0.22555 0.09880 -0.12190 0.10602 -0.11695 -0.18064 -0.36065 0.22652 -0.15552 0.43061 0.07255 -0.05750 0.01672 -0.26760 -0.20111 0.44642 0.11922 0.28382 -0.06359
-0.45170 0.05764 -0.05262 -0.23224 -0.00036 -0.26184 -0.00145 0.22023 -0.32130 0.23367 -0.41590 0.31906 0.15727 -0.34335 -0.23102 -0.40314 -0.30649 -0.01407 -0.26195 0.04465 -0.38424 0.04678 0.19175 -0.02306 -0.38468 0.38405 0.31161 -0.34325 -0.13594 -0.21695 -0.00113 -0.07847 0.09877 -0.28743 0.03612 0.09977 0.09830 0.39340 0.46416 -0.26229
0.08650 -0.28294 -0.07872 0.03140 -0.03412 0.27257 0.14905 -0.33481 0.26721 0.23369 -0.06062 -0.25610 -0.22609 0.09478 0.37395 0.19827 -0.26840 -0.37075 -0.03729 0.15111 0.04211 0.16892 0.02638 -0.11538 -0.00038 -0.09043 -0.09586 -0.12598 -0.01458 0.16423 -0.00630 -0.17113 -0.13102 -0.00377 0.27493 -0.17009 0.09968 0.16085 -0.11984 0.23081
0.31087 0.03210 0.14546 0.37315 0.19952 0.14683 -0.30821 0.02344 0.28097 -0.19633 0.14916 -0.07784 -0.09745 -0.01995 0.23807 0.31638 0.04509 0.23641 0.28967 -0.01085 -0.31909 0.20250 0.34658 0.15191 -0.02095 -0.31626 0.28154 0.25142 -0.02243 -0.28901 -0.02189 -0.11067 0.04553 -0.25073 -0.21771 -0.09005 -0.34934 -0.15131 0.14242 -0.32756
0.29553 -0.11537 0.24106 -0.27096 -0.08943 0.19163 -0.31862 -0.15935 -0.00622 -0.03793 -0.33277 -0.17668 -0.16407 0.01003 0.22791 -0.22995 0.29446 0.14016 0.19202 0.12921 -0.20308 -0.11445 -0.00051 -0.00911 0.14459 0.43746 -0.29820 -0.35806 0.27324 -0.24380 0.20647 -0.11722 0.10291 -0.32112 0.00234 0.26312 -0.09261 0.36063 -0.10886 0.22803
-0.23840 -0.25613 0.15825 -0.21586 0.11498 -0.05638 0.28041 -0.31465 0.08566 0.39490 0.29438 -0.01526 -0.23148 -0.41190 0.13513 -0.51829 -0.06062 -0.18698 0.34395 0.05273 -0.01056 0.01376 0.26670 -0.07610 0.16402 -0.17708 0.20940 -0.36141 0.27312 0.12796 -0.27026 -0.05387 0.17882 -0.25602 -0.15863 -0.40741 0.38183 0.35888 0.16536 0.33562
-0.06871 0.26006 0.27853 -0.22601 0.32734 -0.25065 0.06334 -0.38658 -0.35690 -0.06215 0.04190 -0.22759 -0.25182 -0.31611 0.12036 -0.03613 0.33850 0.07802 0.42867 0.04447 0.22102 -0.41985 0.25239 -0.20619 0.05185 -0.33946 -0.31438 0.06383 0.42900 -0.16222 -0.22049 0.02026 -0.28162 0.16038 0.19421 0.21410 -0.06892 0.31300 0.36776 -0.04136
-0.12450 -0.16848 -0.02548 0.20077 -0.04338 -0.04704 -0.19181 0.28128 -0.08085 0.31805 -0.02458 -0.49366 -0.38096 -0.24820 -0.45613 0.24141 0.27925 -0.21299 0.09631 0.36899 -0.27322 0.03248 0.27761 0.13947 0.21311 -0.13574 -0.14655 -0.37485 -0.19634 0.06895 0.16607 -0.27213 -0.15753 0.33811 -0.10668 0.03478 -0.12445 -0.11513 0.11279 -0.12417
-0.22963 0.31461 0.20337 0.09596 -0.34291 -0.00525 0.12977 -0.22455 0.42176 0.31358 -0.22401 0.07200 0.50408 -0.30156 -0.14762 -0.10490 0.20560 0.28596 -0.00032 0.27215 -0.11888 -0.08382 -0.05588 0.23135 0.30562 0.10629 -0.17237 0.18677 0.27716 0.29155 0.21948 0.18221 0.19937 -0.18856 -0.27969 0.34353 0.40919 0.00059 0.24291 0.12479
0.21099 -0.26835 -0.31500 -0.30981 0.08807 0.05839 0.25246 -0.16653 0.23720 0.18423 0.02431 -0.25644 -0.10172 0.11633 0.15146 0.20781 0.08471 -0.24523 -0.05683 0.24005 -0.29391 -0.06774 -0.23445 -0.21902 -0.07896 -0.27966 0.28948 -0.08256 0.11885 -0.05978 0.29464 0.12962 0.18809 0.34960 -0.24534 -0.20789 -0.31169 -0.28363 -0.20827 -0.36458
-0.08951 -0.16053 -0.14007 0.17714 -0.21120 -0.25305 0.14197 0.20002 0.28422 0.07901 0.23167 -0.37767 0.00341 -0.39236 0.14890 0.00185 0.26139 0.37786 0.37792 -0.27168 -0.16246 -0.28038 -0.21891 -0.38048 -0.32485 -0.18366 -0.29867 0.40192 -0.21267 -0.28799 -0.40756 -0.34089 -0.20272 0.21538 -0.33545 -0.17036 0.22145 0.41003 0.42445 -0.42371
0.20065 -0.24836 0.06529 0.09731 -0.07638 0.34412 0.39252 -0.01255 0.16307 -0.27045 0.01020 -0.27259 -0.25286 -0.11895 -0.26868 0.07657 0.27522 -0.39043 -0.33379 -0.23923 0.33567 0.22821 -0.21776 0.36902 -0.01443 -0.16987 -0.08692 -0.25709 0.13858 -0.29489 -0.11750 -0.05209 0.35243 0.21859 -0.25394 -0.03209 -0.06439 0.38613 0.08781 0.30170
-0.41317 -0.19277 -0.10650 0.02744 0.04382 -0.22817 0.32363 0.27946 -0.13688 0.30596 0.36020 -0.27346 -0.10658 -0.20340 -0.00945 0.47993 -0.46718 0.37807 0.17638 0.25791 0.00322 -0.31749 0.28605 -0.36763 0.33202 -0.28996 0.00082 0.28026 -0.22515 -0.24487 -0.00655 0.25437 -0.19704 0.24820 0.29247 0.17396 -0.11074 -0.08077 -0.35509 -0.20342
-0.40052 0.23667 0.07702 -0.09762 0.03008 -0.17948 -0.21500 -0.01817 -0.03097 -0.13097 0.13852 -0.01829 -0.33434 0.07016 0.19022 -0.22270 0.25410 0.22234 0.10089 -0.26444 0.34003 0.04795 -0.06355 0.13119 -0.10972 0.25649 0.36222 0.12476 -0.04015 -0.25378 0.27288 0.07370 -0.27718 -0.16096 -0.20801 0.02302 0.14091 -0.18744 -0.15445 0.30569
0.32713 -0.13034 0.16426 0.22260 -0.46502 0.42300 -0.36833 -0.26666 0.49594 0.29390 0.11034 -0.39250 -0.23378 0.07720 -0.42108 0.23949 0.06576 0.12285 -0.45254 0.43063 0.35058 -0.27584 -0.36109 0.35601 -0.05242 -0.04912 -0.17876 0.35235 -0.38821 0.13345 -0.21781 0.25374 -0.29754 0.09563 0.02827 0.32574 0.31735 0.06699 -0.27048 -0.34257
0.06238 0.38132 -0.25442 -0.13049 0.14079 0.21977 0.02963 0.15306 0.04247 0.43195 -0.12612 0.13565 0.25802 0.32497 -0.28225 -0.24739 -0.07484 0.04856 -0.33905 -0.01379 0.39182 -0.16861 -0.17223 -0.27555 -0.02774 -0.28785 0.17761 -0.13145 0.31487 -0.37633 -0.06166 -0.21373 0.26558 0.33733 -0.03399 0.20067 0.26018 0.18929 -0.19072 0.31154
0.38396 -0.33632 -0.16656 -0.25571 -0.06104 0.20397 -0.09537 -0.22454 0.02745 0.23686 0.05596 -0.10414 0.22225 0.25644 -0.30024 -0.31966 -0.12944 -0.11758 -0.04639 -0.21260 -0.25258 0.32882 -0.08554 -0.34730 0.32282 0.10803 0.22708 0.10111 0.02176 0.04068 -0.08149 0.33458 -0.21450 -0.37695 -0.31714 0.48548 -0.14678 -0.10722 -0.23882 0.15139
0.22403 0.04475 -0.07697 -0.04948 0.00957 0.20946 -0.09411 -0.04373 -0.33592 0.15602 0.14871 -0.07314 -0.07555 0.01661 -0.20258 -0.40010 -0.29016 0.23345 0.00090 0.39014 0.17643 0.16149 -0.04082 0.11636 0.29965 -0.31862 -0.08742 0.10183 -0.12539 -0.32021 0.29686 0.35937 0.29688 0.12295 0.11159 -0.06130 0.01861 -0.12479 0.12268 0.10513
-0.10833 0.29557 -0.17309 -0.04509 0.14095 -0.30355 -0.17305 0.16962 0.42049 0.15803 -0.08011 -0.34705 -0.21713 0.22930 -0.17973 0.04637 0.02884 -0.29473 0.34961 -0.26882 0.34271 0.07568 -0.34660 0.25820 0.31534 0.10307 0.03710 0.18541 0.09408 0.14488 -0.09025 0.11051 0.24770 -0.19089 0.20625 -0.26299 -0.18629 -0.29413 0.30012 -0.42063
-0.04953 -0.11318 -0.27691 0.13767 -0.18836 0.09569 -0.15730 0.20580 -0.31053 0.18828 -0.02267 0.20342 0.38067 -0.19269 -0.10233 0.17519 0.36416 0.02837 0.03249 -0.04353 -0.09759 0.18646 0.30853 -0.36270 0.09928 0.17961 -0.09166 -0.14512 -0.42879 0.35899 0.09064 -0.15103 0.18777 -0.04756 0.21832 0.09779 -0.19881 0.31274 0.28103 -0.06812
-0.17011 0.20133 -0.18556 0.09583 0.03677 0.25193 0.06666 -0.33759 -0.06823 0.24529 -0.11130 0.16809 -0.07267 -0.05509 -0.10442 0.23437 -0.10826 0.30406 -0.26564 -0.26084 -0.04841 -0.02872 -0.30315 0.07000 0.23130 0.16735 0.03831 -0.00544 -0.06263 -0.32873 0.22888 0.28486 -0.10115 0.42631 -0.02440 0.15301 -0.07141 -0.00022 0.27575 -0.16516
-0.31466 0.13230 0.02577 -0.40716 -0.18068 0.11494 -0.10137 -0.10619 -0.22395 -0.11080 -0.20340 0.19472 -0.02650 0.19550 0.22962 0.30873 -0.00081 0.11501 0.10327 -0.45871 -0.07813 -0.14761 -0.24673 0.35478 -0.38448 -0.18027 0.04021 -0.11555 -0.10200 0.29532 -0.11916 -0.40732 0.20792 -0.29981 -0.12641 0.11725 -0.10937 0.33274 0.40144 0.34185
-0.17616 0.18875 0.01460 0.38725 -0.09985 0.36990 0.07447 0.22928 -0.38564 -0.14435 0.25736 0.16079 -0.03245 -0.30250 0.11501 0.14867 0.00621 -0.33836 0.12545 -0.27501 -0.11969 0.26289 0.25037 -0.04226 -0.17875 0.43389 -0.25013 -0.29449 0.32516 0.22080 0.34997 -0.27026 -0.12382 -0.39648 -0.26797 -0.14077 -0.10520 0.06033 -0.05451 0.17602
0.10277 0.21882 0.19720 0.29883 -0.21409 0.20709 0.13875 -0.33236 0.11681 0.28434 -0.36857 -0.11902 0.08833 -0.26213 0.08830 0.03055 0.23929 0.06454 -0.31959 -0.29381 -0.09583 0.17294 0.20685 0.22386 -0.25468 0.25386 -0.06945 0.21172 0.03464 -0.01454 0.31591 0.06480 0.18442 0.19284 0.05516 -0.18099 0.08959 -0.05495 0.25136 -0.15317
0.04911 0.22023 0.36051 -0.07899 0.06453 0.20466 0.40980 0.14356 -0.03796 0.31524 0.03319 -0.14182 -0.12840 -0.24120 0.14825 0.17329 -0.23967 0.18975 -0.07915 -0.44186 0.33403 -0.13264 0.17693 -0.18099 -0.12103 -0.42130 -0.30905 0.01773 -0.30608 0.21813 -0.21980 -0.09087 -0.33749 0.23206 0.27271 0.08663 0.08377 0.05606 0.10386 -0.30139
