0.18021 0.16367 0.33202 0.08703 0.14209 0.10515 0.03174 -0.00256 0.18168 0.06225 -0.01512 0.29005 -0.07018 0.20334 -0.28043 -0.02075 -0.31778 0.07699 -0.19682 -0.09019 0.11394 0.02889 -0.07382 0.23500 0.04945 0.04370 -0.13590 -0.38220 0.23752 -0.13430 0.02840 -0.20224 0.00333 0.17734 -0.07028 -0.14745 0.16476 0.13314 -0.06598 0.07240
0.05536 -0.08493 0.12088 0.04991 0.07507 -0.03577 0.16502 -0.16358 0.01927 0.06886 0.09219 -0.31113 0.03499 -0.01831 0.04039 -0.00635 -0.05248 -0.09819 0.12190 0.06492 -0.02228 0.19314 -0.28095 0.08933 -0.07790 -0.02113 -0.09164 0.00945 -0.06403 0.11871 0.00646 0.00072 -0.10118 0.10908 0.00966 -0.01207 -0.38111 -0.12606 0.07404 0.03225
0.14109 -0.00209 -0.09469 0.14002 0.25629 -0.08678 -0.05931 0.12839 0.02869 0.02051 -0.12710 0.10719 0.28753 -0.34063 0.17216 -0.16244 -0.02681 0.14819 0.12116 0.10307 -0.02723 -0.20512 0.03872 -0.01589 -0.06327 0.21996 0.18812 -0.16300 0.09980 -0.06883 0.18842 0.05984 -0.15065 0.12004 0.02442 -0.12823 0.02985 0.00433 -0.03980 0.04676
0.13875 -0.00785 0.17738 0.10597 0.16245 0.02361 0.19775 -0.20463 -0.01907 -0.04043 0.08798 -0.28085 0.18789 -0.23403 0.09258 -0.11302 -0.14066 -0.16263 0.22512 0.14006 0.02774 0.06563 -0.22793 0.08119 -0.06840 0.06207 -0.15986 -0.03407 -0.16457 0.21474 -0.02254 -0.07589 -0.11979 0.03863 0.19399 -0.03474 -0.32959 -0.08083 0.09158 -0.05860
0.04416 -0.24147 0.05817 -0.05302 0.03652 0.05246 0.19543 -0.04510 -0.06301 -0.00063 0.16157 -0.38660 -0.01837 -0.07621 0.07461 0.01963 -0.03218 -0.13524 0.03835 0.04820 -0.01419 0.26334 -0.18254 0.01537 0.01009 0.00095 -0.09844 -0.00914 -0.05594 0.14898 -0.06213 -0.06213 -0.07238 -0.06118 0.01894 -0.08073 -0.30547 -0.01795 0.06474 -0.04303
0.07421 -0.01954 0.15624 -0.04582 0.05168 0.09266 0.24433 -0.07991 -0.14297 -0.07125 0.11961 -0.35895 0.10389 -0.16561 0.12509 -0.09602 -0.20965 -0.13611 0.08457 0.20925 0.05389 0.17627 -0.25114 0.07421 -0.01658 -0.03238 -0.20955 0.04575 -0.14272 0.14963 -0.02740 -0.00079 -0.12771 0.06735 0.10817 -0.10678 -0.47548 -0.01913 -0.04318 0.05503
0.08533 -0.10960 0.07502 -0.05603 0.02632 -0.02383 0.17366 -0.15274 -0.02939 -0.05081 0.14489 -0.26151 0.11548 -0.24996 0.07623 -0.03794 0.01420 -0.04704 0.08015 0.15897 0.06059 0.18723 -0.23139 0.08074 -0.04726 0.00483 -0.24744 0.01466 -0.14066 0.13049 -0.03813 0.05173 -0.03065 -0.07297 -0.00145 -0.03742 -0.34433 -0.10158 0.07294 -0.02737
-0.13559 -0.01527 -0.03481 -0.05316 -0.10710 0.20469 -0.03960 0.09964 -0.02295 -0.16021 0.04600 0.04910 -0.04023 -0.09068 -0.22069 0.07849 0.31320 0.18078 0.04873 -0.10322 0.15327 0.04811 0.14573 -0.18785 0.07147 -0.25641 0.06075 -0.04137 -0.19669 -0.14242 0.19028 0.25387 -0.33169 0.19663 -0.15284 0.01572 0.02726 0.13257 -0.16197 -0.30921
0.34156 -0.10990 -0.09789 0.16837 0.23458 -0.18022 -0.11586 0.14659 -0.11905 0.01720 -0.14050 0.32052 -0.01571 -0.22465 0.00964 0.08797 0.05593 0.06482 0.08314 0.11072 -0.05895 -0.18135 0.29137 -0.19851 -0.33583 0.19449 0.24526 0.11314 -0.13081 -0.19176 0.08629 -0.11550 -0.00644 0.13758 0.00129 0.11538 0.27842 0.14574 -0.09068 -0.08205
0.00673 -0.07305 0.04848 0.04041 0.18374 -0.02420 0.00126 0.06000 0.01161 -0.13405 -0.41711 0.17442 0.16748 -0.20726 0.06334 0.09173 0.18104 -0.08418 -0.05468 -0.00259 -0.04419 -0.13618 0.21643 -0.05501 -0.19315 0.19990 0.28809 -0.03279 0.07256 -0.02084 -0.01549 -0.09152 -0.10800 0.13544 0.09443 0.17722 0.32278 0.13138 -0.08066 -0.08024
0.17752 0.06661 0.22463 0.07553 0.11587 0.17168 0.11702 0.09164 0.09153 0.01631 -0.00971 0.14451 -0.05312 0.16818 -0.13667 0.07381 -0.25262 0.06873 -0.10085 -0.05216 0.05926 0.00164 -0.22254 0.25854 0.02665 -0.01032 -0.16007 -0.35964 0.18551 -0.05635 0.13106 -0.14274 -0.03054 0.14504 -0.11727 -0.14547 0.01193 0.18791 -0.06624 0.13378
0.28633 0.24063 0.17703 -0.20418 0.04956 0.30754 -0.16987 -0.04766 0.03211 0.39565 -0.01310 0.07463 -0.11598 0.12140 0.08492 -0.02287 0.03885 0.00910 -0.00855 -0.08826 0.10637 -0.12354 -0.27736 0.16438 -0.09351 -0.02707 0.28286 0.07255 -0.24449 0.14065 -0.26361 -0.22150 0.32192 -0.13927 0.12416 -0.00800 -0.18266 -0.16865 0.21930 -0.20348
0.08904 -0.17732 0.06376 -0.03816 0.03095 -0.20974 0.05977 -0.08724 -0.17150 0.12924 -0.34737 0.25353 0.05420 -0.06639 0.07513 -0.03406 -0.03760 -0.15975 -0.18315 -0.12042 -0.20293 -0.14035 0.08013 -0.24999 -0.18660 0.10146 0.18525 0.09258 0.13572 -0.16817 0.05414 -0.08700 0.00451 -0.00328 0.02506 -0.04410 0.11940 0.08416 -0.14852 -0.17202
0.32080 0.22515 -0.00791 0.21937 -0.26833 0.09308 0.10017 0.00922 -0.25602 0.42189 -0.11524 0.20637 -0.18852 -0.17139 0.21540 0.21714 -0.10809 0.26681 0.25673 0.19927 0.30116 0.19595 -0.22146 -0.06857 0.04792 0.10319 -0.12106 0.03703 0.12353 -0.27507 0.15813 -0.23010 0.36047 -0.02703 0.26133 0.32039 0.39699 -0.20101 0.05446 0.15902
-0.03372 0.17900 -0.23521 -0.33650 -0.09869 0.23789 -0.31169 -0.06468 0.09184 -0.12351 -0.06803 0.14139 0.03991 -0.20808 0.31965 0.22078 0.03334 -0.01438 -0.12311 -0.19161 -0.11385 -0.13027 0.38013 -0.06969 -0.10455 0.14767 0.05626 0.16608 -0.02435 -0.06984 -0.03949 0.09465 0.00323 0.07904 0.08261 -0.07167 -0.11885 -0.04628 0.10742 -0.10035
0.04018 -0.03064 -0.03516 0.04877 0.20600 0.02223 0.18364 0.09962 -0.32256 0.12432 -0.13159 0.19437 0.14705 -0.11269 0.00616 -0.14573 -0.05263 0.03983 -0.11785 -0.06981 0.03452 -0.13711 0.09354 -0.03988 -0.03757 0.03474 0.13020 0.06575 -0.07887 -0.14996 0.14841 -0.07092 -0.10894 -0.04924 0.20323 0.09318 0.21205 -0.02594 -0.02063 -0.02696
0.08083 0.02514 -0.01620 0.15939 0.27687 -0.11300 -0.05855 -0.08171 -0.15863 0.04111 -0.16611 0.19255 0.09724 -0.28109 -0.06398 -0.05856 0.08845 0.14013 0.01080 0.08216 -0.02853 -0.31740 0.08681 0.05929 -0.17134 0.30600 0.15964 0.04674 -0.09782 -0.08069 0.02938 -0.11247 -0.22310 0.06663 0.11739 0.15887 0.40652 0.19904 0.04507 -0.05814
-0.06894 0.05892 -0.06574 0.17165 0.22020 -0.16626 0.02460 -0.04370 -0.08511 -0.00712 -0.44930 0.23423 -0.02884 -0.04447 -0.07662 -0.00796 0.22169 -0.03559 -0.04116 -0.04309 -0.18992 -0.31545 0.08813 -0.09405 -0.18497 0.27417 0.19622 -0.12040 0.03755 -0.13215 0.15076 -0.02625 -0.19100 0.06825 0.18668 0.11494 0.34329 0.15526 -0.11512 -0.03520
0.09599 0.04721 -0.07076 0.07174 0.13950 -0.06418 -0.16758 0.12139 -0.02709 -0.06376 -0.29037 0.27597 0.04312 -0.20327 0.10000 0.12446 0.03188 0.09076 0.07177 0.08502 -0.17770 -0.22846 0.26930 -0.19216 -0.02520 0.14008 0.17661 0.07742 -0.15023 -0.23359 0.01269 -0.07805 0.03823 -0.08454 0.05471 0.08953 0.31506 0.13094 -0.06184 0.16204
0.17657 -0.05762 -0.14954 0.16660 0.06681 -0.14728 -0.09955 -0.03380 -0.03166 -0.02889 -0.30651 0.17256 0.18251 -0.16448 -0.02992 0.01865 0.12666 0.17063 -0.08383 0.08248 0.03314 -0.31937 0.19489 -0.07224 -0.02796 0.13685 0.20639 -0.04214 -0.11349 0.00623 0.17747 -0.08264 -0.13641 0.03191 0.04701 -0.05906 0.31465 0.04195 -0.01379 -0.16371
0.10010 0.07639 0.02756 0.10756 0.03673 -0.07384 -0.04921 -0.02438 -0.18029 0.07317 -0.22264 0.16499 0.00614 -0.04792 -0.07181 -0.08922 0.11159 -0.11380 -0.05920 0.17360 0.03674 -0.22626 0.28687 -0.04267 -0.27319 0.16427 0.13214 -0.03201 -0.10652 -0.00936 0.18482 -0.07671 -0.05828 -0.11524 0.17696 0.09396 0.21158 -0.01419 -0.09890 -0.00296
0.22214 -0.01571 0.06232 0.04886 0.08271 -0.12348 -0.10474 -0.06772 0.01726 0.06777 -0.24127 0.02469 0.00684 -0.09500 0.13714 0.03705 0.08532 0.07259 0.11677 0.18655 -0.03453 -0.12587 0.25772 -0.12062 0.07572 0.06007 0.04997 0.09475 -0.19618 -0.10049 0.14986 -0.20045 0.09101 -0.13471 0.09022 0.14687 0.18124 0.16630 -0.24070 0.06288
-0.21756 0.22781 -0.23934 -0.04605 -0.08495 0.14934 0.03498 0.01955 0.02526 0.01893 0.24496 -0.03492 -0.01924 0.21663 0.08334 0.11641 -0.17459 -0.02012 -0.03876 0.09229 0.13441 0.02221 -0.22707 -0.02526 0.08475 -0.02451 -0.19167 0.19882 -0.12423 0.37036 -0.06532 -0.01870 -0.01299 0.05816 -0.04126 -0.15376 0.11389 -0.11395 0.02503 0.18051
-0.21359 0.16182 -0.34194 -0.00737 -0.23635 0.12958 -0.02266 0.05921 0.09591 0.00468 0.28422 0.04543 -0.08772 0.26693 0.10523 0.02497 -0.20605 -0.00494 -0.19113 0.07492 0.24095 -0.08473 -0.15966 0.14921 0.05658 -0.14405 -0.26567 0.21059 -0.11983 0.18210 -0.13013 -0.04938 -0.03633 0.20693 0.03505 -0.08701 0.15700 -0.06100 -0.04624 0.08919
-0.02440 0.12667 -0.15444 -0.02751 0.16145 -0.20391 -0.06416 0.35151 0.09335 0.11273 0.15081 0.07873 -0.22162 0.33541 0.01026 -0.09080 -0.18892 0.38412 -0.04394 -0.06895 -0.25983 0.11338 -0.32145 -0.16631 0.05820 0.04769 -0.02304 -0.16995 0.08645 0.09015 -0.11113 -0.06191 0.16678 0.31101 0.13977 -0.03275 0.09641 -0.10149 0.05886 -0.11880
-0.22078 0.22618 -0.27318 -0.06942 -0.16356 0.01368 -0.01311 -0.01927 0.12028 0.03753 0.23649 -0.06063 0.01629 0.20559 0.19577 0.07449 -0.18683 -0.17097 0.01759 0.13527 0.18154 -0.02527 -0.15752 0.04456 0.08273 -0.12667 -0.18810 0.17113 -0.04959 0.33839 -0.17935 0.06063 0.07440 0.19880 0.04630 -0.17187 0.06472 -0.15780 -0.05061 0.04142
0.17805 -0.30219 0.16381 0.08894 0.03411 -0.04454 0.14452 0.26202 -0.07656 0.34282 -0.04170 -0.36516 0.01352 0.33257 0.26391 0.11504 0.04353 -0.13801 -0.34242 0.00278 -0.32845 0.05987 -0.23555 0.29804 0.34551 0.29643 -0.29749 -0.24086 0.27037 0.24201 0.20320 -0.17380 0.22562 -0.30925 -0.08934 -0.14292 0.14201 -0.25064 -0.22673 0.10075
-0.17476 0.09775 0.02485 -0.05433 0.15228 0.18554 0.18882 -0.17677 0.17582 0.00134 -0.06356 -0.21636 -0.01641 -0.06997 0.21542 0.04044 -0.10365 -0.29699 0.03562 -0.04695 -0.25972 -0.12343 -0.01449 -0.14707 0.10243 0.03570 -0.22467 0.05896 0.15782 0.20432 -0.05163 0.13568 -0.20044 -0.12216 0.03637 -0.22396 0.26418 -0.23828 -0.22250 0.03708
-0.20123 -0.24291 0.00810 0.16870 -0.16536 0.42641 0.07041 -0.25443 -0.02913 -0.27560 -0.22143 -0.06306 0.21560 0.20702 -0.06693 -0.12578 -0.13766 -0.30731 0.06020 0.06508 0.15237 0.07064 0.12628 0.25092 -0.06585 -0.32615 -0.12533 0.14184 0.22250 0.08527 -0.16448 0.38128 -0.11002 -0.32776 -0.12725 0.19532 -0.12905 -0.17964 -0.03886 0.22764
0.09459 -0.10327 0.07778 -0.06958 -0.10122 0.05904 0.19541 -0.10147 -0.11671 -0.15222 0.16268 -0.39073 -0.02021 -0.18885 0.11890 -0.08656 -0.13098 -0.22498 -0.01744 0.15221 0.01427 0.20817 -0.01112 0.02197 0.07781 0.01839 -0.18304 0.01110 -0.08664 0.00185 -0.05415 0.02761 0.06970 0.14351 0.02891 -0.18376 -0.42940 -0.11870 0.06607 -0.09244
-0.23889 0.17698 -0.34772 -0.07260 -0.17744 0.06433 -0.02057 -0.03131 0.00411 0.05116 0.24748 0.05636 -0.05747 0.23754 0.12332 0.07981 -0.25285 -0.04360 -0.07118 0.03896 0.13188 0.00188 -0.16638 0.05491 0.08007 -0.11726 -0.17551 0.25283 -0.10142 0.28730 -0.16727 0.05880 -0.05150 0.17599 -0.01206 -0.14721 0.17770 -0.10968 -0.01484 0.12970
0.06044 -0.12655 -0.20996 0.01077 -0.27253 -0.06444 0.14274 0.07392 0.02831 0.23846 0.03694 0.02557 0.02136 0.29100 0.12709 0.17275 -0.18550 -0.14861 0.01415 0.15986 0.01680 -0.02694 -0.19662 0.17232 -0.05968 -0.14479 0.34602 0.01699 -0.12750 -0.13131 -0.00648 -0.26511 0.03863 0.00669 0.12007 0.08442 -0.01221 -0.01039 -0.00385 0.00288
0.26462 -0.00432 -0.12551 -0.21182 -0.27067 -0.14533 0.20756 0.00121 -0.17317 0.01085 0.03174 0.00968 0.12926 0.03725 0.10360 0.19650 -0.15916 0.13666 -0.00534 -0.02587 0.03141 -0.16835 0.26224 0.21767 0.16292 0.01767 -0.16778 -0.04732 0.13555 -0.01678 -0.07446 0.10882 -0.13903 0.13490 -0.34738 0.22817 0.08039 -0.32435 -0.12054 -0.18564
0.06193 0.09802 0.02197 -0.03862 0.11496 -0.06546 -0.05437 0.29301 0.06863 0.04047 0.15675 -0.01390 -0.22774 0.27629 0.08503 -0.10444 -0.16286 0.22223 -0.09853 -0.06468 -0.31422 0.05400 -0.23261 -0.19418 0.10381 0.09193 -0.00141 -0.04761 0.00151 0.05166 -0.03569 -0.07135 0.07688 0.19629 0.07992 -0.12374 0.02002 -0.20749 0.05689 -0.09352
0.04801 0.28013 0.04050 0.11320 0.10399 -0.07372 -0.13830 0.06644 -0.15088 0.25229 0.21018 -0.18114 -0.10912 0.03781 0.09809 -0.07415 -0.02336 -0.29908 -0.08342 0.04935 0.10780 0.10123 -0.19499 0.15836 0.14524 -0.15770 0.18735 0.04746 -0.00307 0.16430 -0.12879 0.27169 0.06234 0.07237 0.02098 -0.12121 -0.02109 0.01707 0.18024 0.31528
0.08851 0.06943 0.01074 0.09352 0.16879 -0.11304 -0.15426 -0.00128 -0.07922 0.01616 -0.34573 0.10545 0.10693 -0.24598 -0.03673 0.10327 0.15935 -0.12562 -0.09072 0.03720 -0.00628 -0.12083 0.21356 -0.04267 -0.06950 0.21613 0.19446 0.04487 -0.04384 -0.00751 -0.07489 -0.09781 -0.16503 -0.01232 0.13283 0.15689 0.36039 0.28852 -0.07803 -0.03486
-0.09135 -0.05926 -0.11475 -0.29682 0.13763 0.22277 -0.15370 0.32423 -0.24852 0.18448 0.11835 -0.11804 -0.08071 -0.04985 0.00882 0.00212 0.12550 -0.08504 0.10306 0.17189 -0.20780 0.05440 -0.02799 0.29819 0.29798 -0.14619 0.11160 0.06257 -0.05599 -0.07386 -0.13133 0.08371 0.11944 -0.14513 -0.09885 -0.14571 0.04018 0.03168 -0.10390 0.15012
-0.00428 0.21875 0.06171 0.10432 0.18886 0.02377 -0.16528 0.03425 -0.09434 0.20317 0.36706 -0.25506 -0.20647 0.00619 0.09001 -0.06427 0.06429 -0.28320 -0.20628 -0.02728 0.06096 0.07262 -0.22927 0.10166 0.10677 -0.18977 0.26086 -0.06190 0.04705 0.09886 -0.15374 0.31832 0.12003 0.05822 -0.01612 -0.17678 -0.14458 -0.03676 0.24951 0.30883
0.07019 0.08262 0.24653 0.10137 0.10423 0.21741 0.04159 0.02896 0.27440 -0.01474 -0.06141 0.21347 0.08285 0.19934 -0.34792 0.01614 -0.19641 0.02362 -0.21404 -0.01915 0.11991 -0.08189 -0.00852 0.28179 -0.02168 -0.07536 -0.16352 -0.30699 0.14436 0.12126 0.16153 -0.20367 0.04465 -0.10485 0.02682 -0.14532 0.07396 -0.00542 -0.10818 0.12928
0.21184 -0.01541 0.07561 -0.18277 0.16978 0.15752 -0.11103 -0.17737 0.01651 0.23362 -0.16646 0.10236 -0.08332 0.11765 0.10005 -0.07570 0.08668 0.14017 0.45689 -0.13256 -0.06361 0.12401 -0.11977 -0.09584 0.06628 -0.14267 -0.27273 0.10233 0.25807 -0.04016 -0.00510 0.11263 -0.03059 0.18423 -0.03666 -0.14807 -0.11476 0.25631 -0.10100 0.04045
0.13733 -0.12905 0.24216 -0.13460 -0.22278 0.35363 -0.07567 0.26852 -0.00315 0.11196 -0.14008 0.14314 0.14034 -0.23313 0.11865 0.26008 -0.32963 0.28237 -0.00493 0.17650 -0.00790 0.26023 0.12102 0.06446 -0.29781 0.04936 0.07501 -0.03697 -0.26668 -0.13451 0.07353 -0.15127 0.30616 -0.27583 -0.07247 0.00900 0.20447 -0.15756 0.20944 0.22318
0.13344 -0.17144 -0.11940 -0.25858 -0.29755 -0.10407 -0.09203 0.02776 0.05146 -0.05062 -0.07487 0.22107 -0.21804 -0.21227 -0.14013 0.20980 0.11551 0.23663 0.01370 -0.24164 0.13145 0.10628 -0.09732 -0.07237 -0.10403 -0.20371 0.28402 0.24452 0.06056 -0.18377 -0.13547 -0.09133 0.26426 0.04526 -0.14956 0.07074 0.06914 0.23394 0.15689 0.11374
-0.00225 0.06506 0.04855 -0.07787 -0.38342 -0.16065 0.02309 -0.03368 0.12060 0.08644 0.04163 -0.25712 -0.19511 0.14992 0.11214 0.24734 0.05181 -0.27283 -0.20199 0.15757 0.30417 -0.09010 0.25817 -0.09596 -0.15712 0.08849 0.01881 0.02715 -0.08537 0.06238 -0.07040 -0.18736 0.04570 -0.05147 0.08220 -0.06802 -0.01995 0.00743 -0.17270 0.25197
-0.24927 0.06347 -0.05207 0.00756 0.02503 0.14751 0.04169 0.05790 -0.05385 -0.08544 0.11762 0.13674 0.05101 -0.08759 -0.26965 0.06761 0.28470 0.11528 0.03293 0.05137 0.16502 0.01424 0.16012 -0.25261 0.04976 -0.21180 0.06634 -0.04056 -0.27066 -0.05172 0.19482 0.22259 -0.18753 0.10122 -0.11291 -0.06212 0.05216 0.10965 -0.22713 -0.39733
0.14546 -0.14096 -0.10307 -0.17927 0.13287 -0.08168 0.29759 0.19855 0.26568 -0.23966 -0.28835 0.13299 -0.19787 0.07437 0.10032 -0.28284 0.35617 -0.18015 -0.14680 0.17637 -0.26930 -0.04781 -0.14399 0.11672 0.21143 0.02962 -0.19930 -0.16756 -0.07895 0.22986 0.23232 0.09093 -0.08696 -0.16082 0.08526 -0.24821 -0.20416 0.20634 -0.29112 0.40093
-0.02398 0.30402 0.00911 -0.02483 0.16137 0.04352 -0.12587 0.20484 0.01251 -0.02046 -0.01025 -0.12084 0.12702 0.13204 0.19122 0.10044 -0.11875 -0.10163 0.02005 0.17326 -0.05999 -0.09327 0.05302 -0.05940 -0.09998 0.11927 0.14046 0.14302 -0.02719 0.22161 -0.17399 0.05674 -0.00639 0.20348 -0.08253 -0.00769 0.23695 0.12244 0.17951 -0.00902
-0.00390 -0.39829 0.24579 0.03055 0.20009 0.31299 0.05286 0.06047 -0.11520 0.16851 -0.17870 -0.25474 -0.10575 0.41932 -0.13887 -0.21596 0.18200 0.15843 -0.05812 -0.16430 -0.39403 -0.11887 -0.27186 -0.05247 0.05297 0.26403 -0.20818 -0.32481 0.09330 -0.36996 0.23385 0.08151 0.33972 -0.35055 0.26869 -0.26541 -0.03872 -0.16258 -0.22217 0.16597
-0.22054 0.27514 0.13693 0.07145 0.10965 0.21203 -0.32017 0.15213 0.06150 0.02445 -0.05105 -0.03870 0.37187 -0.00925 0.07064 0.06855 -0.00316 0.07421 0.16633 0.12970 0.34072 0.09876 0.25934 -0.04290 0.05599 -0.17734 0.24570 0.24139 0.02994 0.21564 0.06221 0.03994 -0.21596 0.06778 -0.05177 0.03553 -0.06842 -0.25650 -0.10339 -0.14029
