-0.08389 -0.10214 -0.15815 -0.26779 -0.16502 -0.00404 -0.13667 0.13099 -0.15334 -0.20238 -0.02271 0.05979 0.02251 -0.23206 0.32517 -0.19932 -0.31048 0.03511 0.22040 0.07888 0.17608 0.05830 0.10262 -0.13947 0.11212 -0.18048 -0.20191 -0.09604 -0.11340 -0.06356 -0.04688 0.08117 0.00550 0.19797 0.13212 0.33978 0.16265 -0.06056 -0.02803 -0.35042
-0.16370 -0.02745 -0.04613 -0.24264 -0.27535 0.01295 -0.20064 0.09820 -0.22845 -0.11915 0.06662 -0.00768 -0.01915 -0.23904 0.43509 -0.23863 -0.18942 0.06479 0.12407 -0.10260 0.23120 0.04208 0.05958 -0.10143 0.12568 -0.20776 -0.13483 0.00639 -0.10698 -0.26074 -0.09305 -0.01727 -0.10891 0.16803 0.23234 0.33266 0.07251 -0.07970 0.06242 -0.33932
-0.16164 -0.02527 -0.05855 -0.24452 -0.25125 0.01417 -0.18190 0.10089 -0.20526 -0.12943 0.08539 0.02507 -0.00312 -0.24142 0.40647 -0.22554 -0.18697 0.07534 0.11962 -0.11101 0.24978 0.03045 0.02538 -0.10151 0.09200 -0.18574 -0.12677 0.01407 -0.10271 -0.24947 -0.06424 -0.02472 -0.10200 0.17225 0.20635 0.33976 0.07116 -0.07411 0.06274 -0.27082
0.01217 0.01471 -0.11031 -0.16253 -0.02704 -0.03558 0.03667 -0.05324 -0.05099 -0.34339 -0.03346 0.14353 0.10893 -0.17390 0.09399 0.05516 -0.35768 0.00105 0.05073 0.08113 0.25372 0.05781 0.00567 -0.12538 -0.01427 -0.03637 -0.22999 -0.18715 -0.05139 0.15762 0.10830 0.02184 -0.03023 0.16658 -0.12471 0.18674 0.16001 0.14785 -0.05012 -0.13404
0.19407 -0.13854 -0.35443 -0.07958 0.11806 0.12837 0.12989 0.10344 0.19503 -0.24028 -0.06319 0.10778 0.12749 0.04365 -0.16724 -0.05303 -0.26394 -0.15609 0.18526 0.32167 -0.07709 -0.06234 -0.08696 -0.14868 0.04010 0.18012 -0.14658 -0.17596 -0.06505 0.27053 0.11427 0.18227 0.26221 -0.14970 -0.16792 0.02366 0.29318 0.15948 -0.05256 -0.06001
0.18753 -0.13882 -0.34622 -0.08658 0.12557 0.17111 0.16963 0.08847 0.20071 -0.26831 -0.05506 0.09973 0.12513 0.05781 -0.13121 -0.05378 -0.27551 -0.15446 0.19138 0.33693 -0.06416 -0.06470 -0.12725 -0.16312 0.01258 0.18525 -0.14505 -0.19137 -0.06734 0.25931 0.13315 0.17287 0.28992 -0.16879 -0.15954 0.03153 0.25628 0.18632 -0.05289 -0.05001
0.03227 0.03050 -0.03166 0.13739 -0.13708 0.01582 -0.05926 0.22653 0.23015 0.17276 -0.26261 0.04738 0.01780 0.25959 -0.24620 0.17442 -0.09882 -0.20740 0.14350 0.21637 0.19870 0.08315 0.29423 -0.03434 -0.00883 0.00410 -0.11742 -0.00411 -0.14287 0.32191 -0.17085 0.30785 -0.16719 -0.08921 -0.28685 -0.00346 0.17041 0.19827 -0.03979 0.03939
-0.14528 0.03908 0.24362 0.24391 0.09902 0.19685 0.19555 0.16493 0.15198 0.19287 -0.21408 -0.23438 0.11782 0.15142 -0.15796 -0.05935 0.26648 -0.04879 -0.27764 -0.19028 -0.07017 -0.13693 -0.02572 0.23100 -0.11115 -0.13030 0.33843 0.01809 -0.03098 0.25235 -0.02828 0.07105 -0.00117 -0.14549 0.02823 -0.21109 -0.05504 0.27237 0.09136 0.13903
-0.06642 -0.10738 0.19886 0.18191 -0.06527 -0.17617 0.06550 -0.35607 0.13089 0.01070 0.00767 0.27181 0.20117 0.30386 -0.07876 0.18595 0.24380 0.09594 -0.00050 -0.09392 -0.13578 -0.30997 -0.10038 0.21831 0.22582 0.06764 0.15672 0.25219 0.11328 0.03800 -0.12820 -0.04486 -0.04302 -0.08608 0.16198 -0.11049 -0.25007 -0.01664 0.08583 0.06723
-0.00282 0.20612 0.06487 0.25228 0.31825 -0.14384 -0.15739 0.19466 0.06721 0.12161 0.02554 0.04042 0.03523 -0.05619 -0.39107 -0.02292 0.30595 0.06498 0.03689 -0.15286 -0.14149 -0.16825 0.00889 -0.05865 -0.03747 0.05655 0.20970 -0.12638 0.13373 0.01484 0.27981 -0.03119 0.15012 0.03734 -0.29976 -0.34889 0.13905 -0.11557 -0.00230 0.10919
-0.11538 0.24897 0.04990 0.19924 0.19561 0.21222 0.24028 0.00047 -0.12714 0.28031 -0.23101 0.00027 -0.17093 0.01642 0.04118 0.22212 0.03495 -0.17430 -0.17647 -0.08337 0.10367 -0.11672 -0.19929 -0.10574 -0.16138 -0.05436 -0.13049 -0.10930 0.10477 -0.06868 0.19044 -0.25226 -0.10191 -0.26051 0.08442 -0.25653 -0.14194 0.21135 0.09148 0.38430
0.15727 -0.13615 -0.19528 -0.02678 0.01234 -0.00590 0.00565 0.11259 -0.04658 -0.27561 -0.16030 0.14080 0.05828 0.00877 0.01110 -0.06253 -0.23742 -0.02777 0.24796 0.25002 0.06414 0.05618 0.17630 -0.15322 0.03471 -0.11123 -0.09495 -0.16547 -0.11236 0.15396 0.12010 0.15607 0.12633 0.09017 -0.00417 0.18150 0.19067 0.04499 -0.18249 -0.19236
0.12281 -0.08744 -0.00995 0.10328 0.02029 -0.10411 -0.14610 -0.29235 -0.17156 0.15057 -0.09177 -0.00345 0.22977 0.02605 -0.19080 0.07005 0.20602 0.12431 -0.02346 -0.00279 -0.13097 0.10251 0.13928 0.23495 -0.14666 -0.09878 0.09359 0.10140 -0.03808 0.24909 -0.13184 -0.23701 -0.17534 0.11563 -0.13919 0.09190 0.11475 0.01216 -0.16427 0.35022
-0.15786 -0.03228 -0.03832 -0.22618 -0.25940 0.02780 -0.17668 0.10459 -0.23108 -0.07687 0.05302 -0.00545 -0.02819 -0.22400 0.41513 -0.22098 -0.14813 0.06064 0.10453 -0.08912 0.22339 0.03622 0.04436 -0.09188 0.10352 -0.18707 -0.11895 0.00505 -0.10974 -0.24874 -0.07211 -0.02103 -0.07957 0.17006 0.22665 0.30881 0.05484 -0.10466 0.06735 -0.27882
0.24243 -0.08510 0.00317 0.10247 0.21684 -0.25723 0.27089 -0.07049 -0.13777 0.21724 0.21366 0.10219 -0.07788 -0.10899 -0.13290 -0.07941 0.09307 -0.08301 0.04556 0.08235 -0.27349 0.21327 0.12741 0.03343 -0.04777 -0.17020 0.06552 0.00004 0.27757 -0.12129 0.10895 -0.23846 -0.02189 0.13297 -0.22296 -0.29865 -0.19102 -0.02213 -0.22923 0.11857
0.13348 0.02559 -0.04974 -0.07234 0.23449 0.07712 0.05779 -0.09726 0.23337 -0.07790 -0.14404 0.03195 0.11512 0.07277 -0.26306 0.21545 -0.21483 -0.05616 0.10136 0.12942 0.01190 -0.03164 0.06276 -0.14827 -0.06158 0.00425 -0.11183 -0.21806 -0.04484 0.38424 0.03729 0.16274 0.14223 -0.06751 -0.16789 -0.09664 0.18607 0.05775 -0.16197 -0.04327
0.25991 0.29077 0.17735 0.29582 0.26350 -0.21260 0.10951 -0.25491 -0.22119 -0.16712 -0.00077 0.12031 -0.21824 0.23979 -0.09940 0.31965 0.04777 0.06928 -0.17070 0.05172 -0.19526 -0.05782 0.11535 0.20527 0.18244 -0.16034 0.04569 -0.07985 0.20363 0.27142 -0.00653 -0.19810 -0.08462 -0.22403 0.02214 -0.25915 -0.12210 0.06649 0.23491 0.01533
-0.05279 -0.10752 -0.02899 0.07143 0.07693 -0.06592 -0.03628 0.05255 0.18652 -0.01677 -0.20543 -0.00085 -0.02560 -0.03617 -0.13487 0.09173 -0.11589 -0.17786 0.02425 0.08050 -0.20991 0.01674 0.25970 -0.16901 0.12306 0.06377 0.05796 -0.25740 0.08988 0.34197 -0.09632 0.12615 0.16747 0.17121 -0.20673 -0.09003 0.06937 -0.12320 -0.19538 -0.19688
0.25409 -0.09737 -0.08182 -0.17080 0.10764 -0.24804 -0.08841 -0.16250 -0.21552 0.33693 0.13968 0.22538 -0.21692 0.05294 -0.07795 -0.09124 0.38568 0.26058 -0.30067 -0.29308 0.02235 -0.19879 0.21645 0.15298 -0.23154 0.02884 0.11375 -0.19694 0.00917 0.09618 0.17045 0.09116 -0.10479 0.09074 -0.27612 -0.06980 0.14547 -0.07199 -0.05897 0.11955
0.11396 -0.10685 -0.16547 -0.10103 0.15607 -0.09461 -0.10707 0.06205 0.05224 -0.16828 -0.03933 0.22183 0.02094 -0.04451 -0.05883 0.04752 -0.15605 0.14163 0.29470 0.24972 -0.19964 0.11831 0.18827 0.03999 0.12409 0.09113 -0.05073 -0.06256 0.00566 0.29519 0.11869 0.31605 -0.01463 0.22405 -0.04225 0.08989 -0.01236 -0.10688 -0.20451 -0.11932
