-0.20373 0.16426 0.03820 -0.01911 0.18414 -0.13019 0.15433 0.15668 -0.03199 -0.12880 0.00977 -0.18587 0.11865 -0.01512 0.14911 0.21533 0.00884 0.01148 0.18249 -0.17969 0.10645 -0.28903 0.02380 -0.21214 0.25218 0.11755 -0.24172 0.07452 0.03533 -0.30264 0.06202 0.30924 0.03841 -0.05589 0.01758 0.01402 -0.27945 0.01123 0.07586 0.01799
-0.13605 0.16231 0.22236 -0.31982 -0.14780 0.06146 0.21137 -0.23762 0.00585 -0.01245 0.05464 0.09840 -0.17771 0.19619 -0.12238 0.18688 0.10308 0.05247 0.00619 0.14434 0.00050 0.16350 0.32979 0.04556 0.03124 0.15324 -0.06586 -0.02294 0.09274 0.22033 -0.06323 -0.06774 -0.06352 -0.07559 -0.03391 0.17373 0.31121 -0.13964 -0.16689 -0.04118
0.00518 -0.26333 -0.01356 0.24942 0.04182 -0.11591 0.24845 -0.11710 -0.26597 0.19808 -0.15036 0.02841 -0.07753 0.18997 0.06930 0.11173 0.04183 0.13717 -0.03098 0.03334 -0.05107 0.20972 -0.11451 0.00667 -0.12685 -0.20823 -0.19825 0.01538 -0.14176 -0.02056 -0.05485 -0.00314 0.06984 0.02530 -0.20002 0.07205 0.05338 -0.06587 0.24140 -0.32787
-0.18574 0.05272 0.00660 -0.23828 0.00902 -0.19795 -0.12322 0.12050 -0.02630 -0.05693 -0.00034 0.08287 0.12980 0.10198 -0.11091 -0.01838 -0.11257 -0.21966 -0.11851 0.06354 -0.16935 0.00029 -0.11379 -0.19416 0.00999 -0.14933 0.04819 0.14670 -0.19176 0.20560 -0.25921 0.17262 -0.03682 -0.17981 -0.31514 0.13289 -0.02700 -0.03067 -0.01285 -0.26567
0.03467 0.11622 -0.21099 0.10645 -0.31185 -0.11348 -0.17766 0.05101 -0.27574 0.11982 0.04307 0.18648 0.11496 -0.01572 0.14500 0.27376 0.01089 -0.04160 0.12655 -0.03584 -0.08307 0.10613 -0.07391 -0.00503 0.06672 0.18925 0.27839 -0.30418 0.11527 -0.05688 0.13305 -0.04710 -0.00491 0.18567 -0.24924 0.08603 0.13054 -0.00910 0.11532 -0.23609
-0.32578 -0.11807 -0.12796 -0.02521 0.11342 0.06651 0.11561 0.05701 -0.10405 0.11361 0.00311 -0.06949 -0.01015 0.11702 0.30227 0.08021 -0.08299 0.24626 0.17223 -0.12892 0.17948 -0.30150 0.25853 0.04036 -0.19530 0.01517 0.09972 0.11748 0.14114 0.07930 0.16308 -0.01062 -0.18106 0.01259 0.00877 -0.16779 0.22109 0.07260 0.14890 0.21389
0.15275 -0.06589 0.02040 -0.11962 0.23632 0.05123 -0.36368 -0.15818 0.11563 -0.11916 -0.13172 -0.27414 -0.21419 -0.30921 -0.10758 -0.22507 -0.13009 -0.02814 -0.17273 -0.19266 -0.23752 0.15393 0.18958 0.20878 0.18758 -0.07121 -0.13834 -0.07918 -0.01261 0.06767 0.26242 -0.10683 0.18690 0.00347 0.07161 0.00382 -0.06410 0.11925 -0.02272 -0.09437
0.33752 -0.15961 0.12834 0.20022 0.16485 0.06667 -0.01222 0.32707 0.08372 -0.00584 -0.09928 -0.08040 -0.16459 0.30478 0.08890 0.14103 -0.25204 0.19135 0.05935 0.05271 -0.24873 -0.02014 -0.09409 0.06708 -0.15783 0.04448 -0.29556 0.32959 0.13620 0.14133 -0.10578 -0.07446 -0.12913 0.24514 -0.02781 0.24591 -0.14233 0.11313 0.08660 0.13305
-0.11021 -0.08541 0.24323 -0.06460 -0.06925 0.06195 -0.25952 -0.27451 0.17646 -0.16569 0.21515 -0.14013 -0.06328 -0.28779 0.12847 0.21827 0.14524 -0.14176 -0.05628 -0.14942 0.05608 0.18368 -0.02063 -0.07572 -0.02918 0.11520 -0.07915 0.01151 -0.02590 0.03559 -0.07123 -0.01195 -0.06824 -0.03647 0.12076 -0.00499 0.01759 0.00186 -0.43599 0.12874
-0.00199 -0.07105 -0.20084 -0.10714 0.16185 -0.00332 -0.26579 -0.10218 0.21253 0.07843 0.00842 -0.15849 -0.03466 -0.11678 -0.14488 0.06205 -0.02144 -0.04748 -0.23287 -0.13152 -0.15791 0.21753 0.05804 0.04550 0.13860 -0.12146 0.15393 -0.09697 0.14552 0.08029 -0.07654 -0.10922 -0.13662 0.05317 -0.02877 -0.15221 0.04708 0.24516 0.02248 0.20175
0.25480 -0.10914 0.05126 0.01966 0.15858 0.16974 0.00280 -0.06922 0.06350 -0.25200 0.16387 -0.03509 -0.14227 -0.20511 0.00309 -0.02183 0.07200 0.05850 -0.02202 -0.19166 -0.17400 0.11226 0.11621 0.19640 0.11314 0.02236 0.20812 0.00555 -0.13223 -0.21314 -0.12512 0.14391 0.00544 0.01215 0.18458 0.18190 -0.16700 0.36481 -0.01032 -0.10825
0.02002 0.13902 0.15749 -0.26402 0.18362 0.19344 -0.19230 -0.07694 0.22966 -0.07632 0.27518 -0.26211 -0.11314 0.03139 -0.07722 -0.28493 0.09031 -0.17432 -0.20201 0.14837 -0.01075 -0.07389 -0.09293 -0.02254 0.07974 0.18726 -0.31365 -0.05192 0.16395 0.14658 0.15706 -0.16712 0.11647 -0.06855 -0.02361 0.01255 -0.13265 -0.20053 -0.15639 0.18089
0.06607 0.23524 0.08856 -0.00841 0.16409 0.24052 -0.24930 -0.26322 0.31647 -0.31230 0.04022 -0.12686 -0.10049 -0.24156 -0.04057 -0.12188 0.11680 -0.16941 -0.05868 -0.21712 -0.04111 0.05532 -0.08551 0.16822 0.17367 0.12988 -0.10587 -0.05388 0.15006 0.04665 0.21002 -0.17945 -0.01961 0.05775 -0.09220 0.04258 -0.18489 0.13687 -0.13480 0.06734
0.27180 0.06305 -0.14201 -0.02421 0.23660 0.03236 -0.11303 -0.26549 0.07865 -0.16704 -0.00774 -0.30034 0.11727 0.03323 -0.15302 -0.17923 0.01260 -0.13387 -0.31425 -0.00556 0.05742 0.12513 -0.13905 0.12572 -0.12848 0.22094 0.04262 0.09000 -0.07714 0.06979 0.03106 0.02483 -0.10371 0.13743 0.21827 -0.18537 0.16391 0.20365 -0.38970 0.06040
0.12590 0.12587 -0.04761 0.01899 0.08530 -0.10783 -0.23155 -0.20312 0.11256 -0.05422 0.14871 -0.16138 0.08106 -0.30809 0.08740 -0.03438 0.08084 0.03618 -0.27953 -0.01342 -0.17099 0.10384 0.03743 -0.03768 0.16250 0.11380 0.01413 0.04235 -0.06874 -0.08405 -0.09083 -0.13795 -0.03679 -0.10037 0.03877 0.03307 -0.20830 0.06550 -0.19711 0.18896
0.14728 0.00583 0.21617 0.10259 0.27658 -0.04882 -0.07353 -0.20327 0.16809 -0.21932 0.08762 -0.00325 -0.12304 -0.15094 -0.13026 0.06631 0.16221 -0.04659 -0.18655 0.07535 -0.00660 0.02303 0.03157 0.01595 0.18284 -0.15884 0.06823 -0.12883 -0.03598 -0.15522 -0.13134 -0.06236 0.22807 0.17240 -0.03012 -0.12034 0.02478 0.10967 -0.26634 -0.01283
-0.15441 -0.26280 0.06139 0.26874 -0.05482 -0.22702 0.10940 0.08943 -0.13777 0.23698 -0.28154 0.02799 0.01492 0.27289 0.16823 0.05272 -0.00463 0.23815 0.00830 0.05738 0.09085 0.11179 -0.02804 -0.16121 -0.04004 -0.10149 -0.16700 0.04999 -0.29017 -0.10497 -0.09946 0.14827 -0.03193 0.02812 -0.19344 0.08179 -0.10271 0.00400 0.09533 -0.30657
0.11141 -0.11174 -0.17637 -0.24874 -0.01392 0.12551 0.02235 -0.06354 0.19849 -0.10984 0.08236 -0.23547 -0.00600 -0.08659 0.03101 -0.06030 0.12148 -0.19675 -0.06648 -0.19282 -0.22888 -0.06655 0.15671 -0.08414 -0.06879 0.04670 -0.00280 0.10697 0.14718 0.05742 0.06228 -0.11081 0.04428 -0.06522 0.15450 0.09644 0.13176 0.02168 0.12300 0.19694
-0.10386 -0.25075 -0.06619 0.33702 0.00486 -0.15482 0.20998 0.04306 -0.22090 0.17859 -0.19496 0.09053 -0.03820 0.25878 0.13597 0.12608 0.01862 0.11189 -0.01027 -0.01118 0.07043 0.12922 -0.10166 -0.09197 -0.10654 -0.12925 -0.18421 0.04181 -0.11775 0.00047 -0.15213 0.11953 0.00941 0.10645 -0.20549 0.07968 0.00386 0.03155 0.27324 -0.25088
0.13392 -0.06444 0.17706 0.16184 -0.12539 0.05479 -0.35188 -0.01073 0.25877 -0.07640 0.04320 -0.09710 -0.07567 -0.15886 -0.16870 -0.21341 0.22121 -0.17817 -0.04457 -0.06051 -0.11517 0.14804 0.01496 -0.07204 0.24131 0.04799 0.10971 0.05186 -0.13444 -0.01736 -0.23735 0.08170 0.22672 -0.14291 -0.03565 -0.17140 -0.03570 -0.01883 -0.35389 -0.05154
0.17120 -0.07524 0.22501 0.05704 0.14305 -0.02106 -0.13856 -0.04120 0.28702 -0.03881 0.14581 -0.22115 -0.14342 -0.20391 -0.15272 0.07617 0.04311 0.06166 -0.01186 0.06306 -0.07114 0.02444 -0.00081 -0.08942 -0.03604 0.29237 -0.00259 0.14509 -0.04696 -0.08060 0.11867 0.18657 0.17714 0.14577 0.12757 0.12430 -0.18529 0.10739 -0.34452 -0.10968
0.07452 -0.05087 0.17533 0.07076 0.04108 -0.00150 -0.23810 -0.13279 0.25626 0.00656 0.13896 -0.18724 -0.14972 -0.06421 -0.13306 -0.07002 0.17378 -0.08343 -0.14895 0.04697 -0.12027 0.07238 -0.00185 -0.04908 0.14324 0.17133 -0.03900 0.04351 0.04063 -0.10374 0.04478 -0.01500 -0.01189 -0.00688 -0.01540 -0.01799 -0.17102 -0.03595 -0.18561 -0.04422
-0.00510 -0.06548 0.21865 0.09142 0.02095 0.10071 -0.19796 -0.30772 -0.06893 -0.27369 0.24398 0.01208 0.06854 -0.10714 -0.04597 0.19019 0.37532 -0.11229 -0.07289 0.05633 0.03639 0.05183 0.10882 -0.20708 -0.07439 -0.16297 -0.08359 -0.04501 0.09423 0.11539 -0.10711 0.07126 0.04612 -0.00417 -0.09805 0.22283 -0.07899 -0.16178 -0.23635 -0.05026
0.05922 0.03607 0.09495 -0.06716 0.24779 0.28527 -0.25643 -0.12677 0.14033 -0.18757 0.02244 -0.01143 -0.03082 -0.18651 -0.11676 -0.03807 0.23965 -0.15833 -0.25471 0.07446 0.04211 -0.00221 0.08213 0.10340 0.02669 0.13789 -0.16609 -0.08565 0.17721 0.13507 0.08777 0.04667 0.00107 -0.01139 0.04660 -0.05068 -0.02558 0.00419 -0.17651 0.11846
0.20630 0.15294 0.14882 -0.17750 0.13367 0.11879 -0.19781 -0.01470 0.19595 0.00182 0.13984 -0.37946 -0.21768 -0.33960 0.18391 0.00855 0.00893 0.03469 0.13769 -0.08706 -0.14872 0.08361 0.06970 0.06523 0.16881 -0.07620 0.20366 0.04811 -0.01976 -0.16901 -0.05866 0.07561 0.21861 0.01928 0.12096 -0.16033 -0.19746 -0.11679 -0.28795 0.23600
-0.08249 0.11920 -0.24950 -0.27500 -0.21200 0.23811 0.08220 0.09041 -0.01469 0.06900 0.24303 -0.12288 0.08313 -0.03123 0.08607 -0.20758 0.08382 -0.06392 0.12983 0.00176 -0.21682 -0.28230 0.03738 -0.07448 0.10571 -0.07679 -0.18063 -0.04247 0.25356 0.14193 0.17611 -0.14389 0.09567 0.02057 0.23083 0.07928 0.21951 -0.12100 0.10335 -0.00342
0.02009 -0.00935 -0.24324 0.13395 -0.27059 -0.14629 -0.14981 0.08083 -0.23214 0.18399 -0.05907 0.13566 0.07072 0.00964 0.21554 0.10277 -0.03563 0.05071 0.12212 -0.04665 -0.11107 0.12474 -0.15974 -0.02585 0.04685 0.17181 0.12155 -0.27323 0.12841 -0.07741 0.15859 -0.06717 -0.01544 0.18437 -0.26489 0.01382 0.10327 0.03571 0.16920 -0.21143
0.09837 -0.02119 0.05921 0.08015 0.06024 0.10498 -0.24343 0.03599 0.15372 -0.15633 0.03026 -0.20040 -0.05116 -0.41804 -0.08737 -0.14787 0.21033 -0.08710 -0.09815 0.12235 -0.07167 0.10521 0.11310 -0.00694 -0.00187 0.09034 0.07635 0.01391 0.12530 0.11542 -0.00298 0.08658 -0.02643 -0.03660 0.07008 -0.10311 -0.16388 0.09861 -0.29124 0.00610
0.04295 0.00692 0.19596 -0.11695 0.12898 0.11839 -0.00134 -0.02030 0.21013 -0.19890 -0.07942 0.15679 -0.10764 -0.25577 0.02975 -0.13933 -0.09715 0.14585 0.06627 -0.23617 0.06602 -0.06341 -0.23007 0.04599 0.20504 0.18496 -0.08102 0.04516 0.17058 -0.23065 0.09522 -0.18086 0.15404 -0.14961 -0.00164 0.22307 0.00149 -0.04162 -0.37688 -0.10604
-0.10830 -0.27361 -0.07733 0.20806 -0.09772 -0.11180 0.14708 -0.03690 -0.22083 0.15493 -0.17874 0.11932 0.04302 0.22763 0.06253 0.09516 0.02031 0.07489 -0.05707 0.00393 0.12161 0.15205 -0.15586 -0.14406 -0.03168 -0.21954 -0.15295 0.04327 -0.14062 0.00705 -0.16171 0.11502 -0.05267 0.02410 -0.22041 0.15099 -0.13402 -0.01382 0.17448 -0.39814
-0.15141 -0.19505 -0.08005 0.17703 -0.02007 -0.10791 0.07960 -0.03558 -0.10815 0.28255 -0.22480 0.05283 0.10110 0.18873 0.17585 -0.05386 -0.04354 0.01142 -0.03154 0.00113 0.07003 0.23025 -0.15749 -0.22632 0.01756 -0.15501 -0.17012 0.10325 -0.15654 -0.02881 -0.17635 0.16482 -0.02906 0.01439 -0.30409 0.06869 -0.11466 0.00064 0.25491 -0.26181
0.01829 -0.04217 -0.12252 -0.22690 -0.01820 0.28394 -0.16045 -0.04594 0.09776 -0.17512 0.29848 0.00116 0.15075 -0.04787 0.08289 -0.26041 0.20182 -0.08173 -0.09608 -0.10060 -0.15524 0.04983 0.09751 -0.09003 0.09655 0.06054 -0.19514 0.03260 0.19564 0.19631 0.15753 -0.14883 -0.20305 -0.11435 0.28239 0.01043 0.04057 0.12033 -0.18013 0.22845
0.02455 0.17300 0.08989 -0.15608 -0.09803 -0.02656 0.08422 -0.21021 0.24024 -0.31429 0.22311 -0.09128 0.04955 -0.07197 0.03313 -0.00314 0.38933 -0.18934 -0.04901 0.02390 0.06433 -0.06351 0.03460 0.12086 -0.02726 0.20882 -0.24396 0.05178 0.12967 0.09434 0.05655 -0.06057 0.09610 0.15171 -0.03344 -0.10719 0.03387 -0.08185 -0.17369 -0.01091
-0.01329 0.27490 -0.18110 0.27141 0.05287 0.23921 -0.18154 -0.07158 0.05389 0.01541 0.09992 -0.30664 -0.12760 -0.31548 -0.28967 -0.26818 0.17261 -0.17884 -0.05994 -0.10776 -0.06733 0.11436 0.11904 0.13829 -0.08348 0.09404 -0.11426 -0.01818 -0.04449 -0.00805 0.11125 0.02886 -0.02202 -0.07505 -0.04213 0.04919 0.01501 0.13576 0.00503 0.22936
0.09994 0.08719 -0.06968 -0.01696 0.02161 0.07572 0.03813 0.04671 -0.15349 0.00970 0.10770 0.02640 0.12841 -0.10187 0.06682 0.13885 -0.02065 0.07900 -0.05096 0.05886 0.09132 -0.15224 0.10436 -0.14767 0.09903 -0.09964 -0.13810 -0.16182 0.12298 0.15466 -0.06366 0.12313 0.02203 -0.25450 0.14481 -0.09053 -0.15278 0.02934 0.01424 0.09517
0.16277 -0.02908 -0.00857 0.02424 0.08266 0.11263 -0.21920 0.10443 0.09280 -0.16030 0.06798 -0.06642 -0.11215 0.04880 -0.04029 -0.12514 0.15316 0.08526 -0.26351 -0.17108 0.00893 0.21295 -0.05187 0.00927 -0.14063 0.10109 -0.02770 0.17921 0.13700 -0.06559 -0.10557 0.14191 -0.06968 0.08120 0.00705 0.06471 -0.06262 0.06425 -0.02500 0.10504
-0.28407 -0.14563 -0.13517 -0.05368 0.11692 0.07325 0.16530 0.08903 -0.12579 0.08258 0.05737 -0.05612 -0.01626 0.11914 0.28543 0.10960 -0.03670 0.32067 0.18633 -0.03352 0.12450 -0.28486 0.25929 0.14181 -0.11530 0.06259 0.12938 0.15527 0.10995 0.08700 0.16382 -0.06858 -0.19097 -0.01581 0.07307 -0.13912 0.21062 0.02422 0.18688 0.16895
0.09502 -0.16215 0.21977 -0.18003 -0.13208 -0.02072 0.14767 0.17903 0.02334 0.22431 -0.04523 -0.02653 0.05119 0.11835 0.15027 -0.00942 -0.01558 0.16922 -0.12272 0.00834 -0.14926 0.09690 -0.13806 0.11360 0.09520 -0.12161 -0.07554 -0.10987 0.08043 0.04897 -0.13973 0.06025 -0.04051 0.17750 0.05485 0.08883 -0.01939 -0.04987 0.16777 -0.14395
-0.12735 -0.01209 0.03436 -0.03063 0.11102 0.13582 0.14279 -0.06393 0.03296 -0.13330 -0.02482 0.14323 -0.15748 0.15251 0.11638 0.19126 -0.01538 0.06801 -0.07741 -0.13707 -0.07257 -0.05631 0.08877 0.09039 -0.02790 -0.08804 0.18149 -0.08365 -0.07954 -0.19158 -0.04882 -0.16908 -0.13189 0.07119 -0.12950 0.08917 0.00421 0.18977 -0.15697 0.07888
0.14972 0.10558 -0.05716 -0.09079 0.18622 -0.15243 0.00544 -0.22047 0.02417 0.18135 -0.19912 -0.10633 -0.19778 0.20228 0.02651 -0.12465 -0.16000 -0.06351 0.03482 0.00770 -0.07939 -0.03079 0.01740 0.16987 0.01696 0.07925 0.00199 0.04703 -0.29196 -0.31080 0.14909 0.23428 0.31763 0.33096 -0.12818 0.14003 0.26273 -0.48634 -0.00699 0.07580
0.22988 0.20282 -0.11532 0.34354 -0.19196 -0.31184 0.33550 0.10624 0.13561 0.07973 0.20784 0.12462 0.00291 -0.17742 -0.20150 -0.15022 0.11107 -0.18205 0.00327 -0.11230 0.08169 0.27383 0.01540 -0.06305 -0.19942 -0.05140 0.28682 0.00544 -0.20071 0.26582 0.27627 -0.03072 0.33047 -0.20414 -0.00679 -0.24432 -0.13476 0.09619 0.06944 -0.20897
0.22831 -0.04193 0.24088 0.09243 0.28485 0.07000 -0.11399 0.05952 0.20763 -0.18397 0.06293 -0.06044 0.00564 -0.26513 -0.09675 -0.06956 -0.05712 0.19596 -0.20162 0.11065 -0.23772 0.08023 0.02772 -0.01374 0.22531 0.05391 0.05051 0.08817 -0.08586 -0.12715 -0.01657 0.02267 0.01606 -0.13401 0.15702 0.00753 -0.18824 0.05245 -0.27530 0.07143
0.03538 0.07347 0.09715 0.08952 -0.22976 -0.19030 0.03898 0.19884 -0.01045 0.07701 0.07031 0.10876 0.05987 -0.31681 -0.14208 0.21476 -0.06502 0.15519 0.23143 -0.07074 0.08815 0.02181 0.25642 -0.15310 0.00638 0.04693 -0.20806 0.15723 -0.25155 -0.23637 -0.08589 -0.32149 -0.08690 0.07561 0.18166 -0.22730 -0.07434 0.14271 -0.17576 -0.06434
0.15955 0.05511 0.09520 -0.10227 0.08346 -0.21005 -0.18413 -0.20709 0.11063 -0.07076 0.11579 -0.10132 -0.00097 -0.14760 -0.06722 0.08178 0.01415 -0.02176 -0.21626 -0.06776 -0.19152 -0.07311 0.18788 0.05982 -0.00365 0.16774 0.18507 0.03136 0.03289 -0.10407 -0.17672 0.07118 -0.07086 -0.01145 -0.00821 -0.01540 0.17259 -0.04327 -0.19081 -0.09875
-0.11392 0.29763 0.03418 0.32566 -0.02918 -0.10799 0.11774 0.07829 -0.24414 -0.11059 0.14952 -0.04491 0.01092 0.11093 0.13334 -0.05206 -0.06994 0.05360 -0.16112 0.12119 0.32095 -0.14249 0.19397 -0.11650 -0.19406 0.03705 -0.19602 -0.20267 0.11681 -0.04389 -0.15957 0.09324 -0.11496 -0.25876 0.03346 -0.16415 -0.21057 0.12775 -0.23337 0.02707
0.17984 0.00461 -0.18198 0.09937 0.30430 -0.04189 -0.12494 -0.23777 0.01739 -0.21057 0.11686 -0.20558 -0.10520 -0.21740 -0.22949 -0.14781 -0.03162 -0.03046 -0.14753 -0.05821 -0.12545 0.25832 0.23574 -0.00195 -0.05546 0.06071 0.10903 0.09085 -0.19391 -0.13426 0.10430 -0.00927 0.01653 0.04025 -0.06970 0.17269 0.09920 0.33172 -0.08270 0.22593
-0.07663 0.11773 -0.04448 -0.10926 -0.18873 0.20132 0.09479 0.00633 -0.00955 0.01575 0.17410 -0.15104 -0.05730 0.01591 0.01390 -0.12358 0.09525 -0.15851 0.03006 -0.04540 -0.09650 -0.20841 0.05430 0.04828 -0.03435 0.05361 -0.17047 -0.00487 -0.01691 0.18666 0.28577 -0.04989 0.09958 0.04083 0.04571 0.11948 0.14159 0.05177 0.02400 0.02416
0.26668 -0.09797 -0.05211 0.02744 0.26571 0.08243 -0.20109 -0.13279 -0.01965 -0.02628 0.11658 0.01604 0.05281 -0.19928 0.11640 0.12938 0.00424 -0.26094 0.18525 0.12251 -0.31872 0.10866 0.01135 0.29104 -0.04854 -0.01378 0.08608 0.19820 -0.23780 0.13452 -0.11977 0.01611 0.20823 -0.01346 0.06708 -0.07494 -0.08769 0.17900 0.07457 0.00200
0.24427 -0.12180 0.01600 -0.07720 0.16057 0.18297 -0.25279 -0.11583 0.26656 -0.17647 -0.04067 0.01164 0.04167 -0.13227 0.00917 -0.15274 0.13148 -0.00250 -0.12652 -0.18046 -0.10531 0.03931 0.07371 -0.17484 -0.08355 0.07540 -0.08151 0.05587 -0.03135 -0.10025 0.06007 0.06700 -0.20018 -0.07283 0.01367 -0.02993 -0.09652 0.13992 -0.08564 0.17882
0.11691 -0.02622 0.12036 0.00165 -0.26190 -0.03142 0.17638 -0.16811 0.10399 0.33857 -0.04245 -0.19848 -0.13908 0.11765 -0.12122 0.02380 0.18707 -0.15461 0.27040 0.21546 -0.12313 -0.08948 -0.28245 0.00798 -0.19242 0.12262 0.06925 -0.20600 0.13864 -0.13631 -0.00918 -0.22698 -0.03778 0.08739 -0.08144 -0.03221 0.10881 -0.00631 -0.16434 0.19746
-0.10438 -0.07053 -0.17083 -0.29716 -0.03178 0.19254 0.11423 -0.12715 -0.00887 -0.04739 0.19888 -0.12222 0.11493 0.00895 -0.08594 -0.17773 0.07037 -0.03872 0.18606 -0.06390 -0.21384 -0.18542 0.15487 -0.19706 -0.12551 0.07339 -0.10458 -0.05935 0.06337 0.11848 0.11141 -0.03178 0.05594 -0.01108 0.10914 0.16132 0.04459 0.01988 -0.01547 0.22568
0.38514 -0.09525 -0.04155 -0.09428 -0.14389 0.22057 0.20645 -0.19595 0.05678 -0.10057 0.21691 0.04363 -0.18974 -0.04210 0.03076 0.08457 -0.05026 -0.05183 0.10751 0.20330 0.09061 0.26361 0.07204 -0.14528 0.13678 0.27561 0.23090 0.23310 0.16643 -0.21349 -0.17105 -0.22637 0.23417 -0.02807 -0.19368 0.02975 -0.07084 0.18917 -0.20957 0.28660
0.06057 -0.27852 0.08865 0.26704 0.05513 -0.11478 -0.20590 0.04525 0.02146 0.13967 0.16546 0.10901 0.05675 0.07028 0.02036 0.06418 -0.17343 0.20144 -0.17812 -0.11214 0.19216 -0.20688 -0.13708 -0.07924 -0.28142 0.00006 0.23980 -0.18271 -0.25522 0.26367 0.14453 -0.14620 0.01260 0.02319 -0.25255 0.16000 -0.22643 -0.04811 -0.09465 0.19300
