-0.12486 -0.09197 0.03079 0.05537 -0.00289 -0.07127 -0.05478 -0.04270 0.04066 -0.07311 -0.13061 -0.04092 -0.03798 0.07169 -0.19729 -0.09916 0.05498 0.06048 0.22837 0.07023 -0.20007 0.18257 0.09258 0.06211 -0.23853 0.16326 0.13807 -0.17274 0.15851 -0.26229 -0.12019 -0.04950 -0.05772 -0.03124 -0.12866 0.21245 -0.33406 0.29498 0.20297 -0.00013
0.07447 0.22690 0.22489 -0.00202 -0.04094 -0.22305 0.01168 0.13098 -0.04696 0.04360 0.11090 -0.02341 -0.02047 0.33299 0.02595 -0.12900 0.28532 0.08319 0.11505 0.13513 -0.11600 0.29198 0.24635 0.04772 -0.15640 -0.10630 -0.12437 0.01349 -0.03399 0.15509 -0.14321 0.27964 0.04114 0.01280 0.04054 -0.34687 0.26022 -0.17287 0.06158 0.01069
-0.09060 -0.29443 0.13170 0.33318 -0.20327 0.31809 0.09369 0.19762 -0.35072 0.01839 0.00923 -0.19417 -0.11830 -0.11254 -0.11563 -0.02255 -0.28378 0.02902 0.08947 0.24563 0.16286 -0.14903 0.18291 -0.20799 0.12307 0.13862 0.02052 0.10603 -0.06507 0.13986 -0.11168 0.08433 0.15655 0.24140 -0.08627 -0.19940 0.02072 0.06929 -0.34712 0.20487
0.13852 -0.10462 0.07724 -0.12644 0.01110 0.06407 0.27554 0.09811 -0.18358 0.00322 -0.00598 0.02916 0.21618 0.17522 -0.24898 0.04571 -0.35076 0.02719 -0.06663 0.03976 0.35511 -0.37524 -0.02920 0.26370 0.26282 0.01102 -0.18338 -0.00619 0.13299 0.15449 0.14020 -0.13843 0.12881 -0.19216 0.20186 -0.00797 0.00983 0.31048 -0.49203 0.10406
-0.19802 0.13662 -0.13755 -0.17068 0.21562 -0.09956 -0.18265 0.08401 -0.13616 -0.22273 -0.03224 -0.19147 -0.16525 -0.02283 -0.15454 0.05259 0.12186 -0.14131 0.14864 -0.16422 -0.07313 0.21949 -0.08513 0.12345 -0.02035 -0.23287 -0.15136 -0.10180 -0.26984 0.07592 -0.05777 -0.14359 -0.04072 -0.33895 -0.06881 0.31144 0.11889 -0.30592 0.11285 0.09013
0.22859 0.02349 -0.02712 0.09348 0.19532 -0.11846 -0.20147 0.04830 0.03634 -0.04854 0.16888 0.01583 0.20491 -0.18743 0.04094 0.01885 -0.21873 -0.01409 0.09239 0.05223 -0.02563 -0.34329 -0.21645 0.06273 0.10433 0.19919 -0.09128 -0.08624 -0.12427 -0.32642 0.08263 -0.12286 0.28777 0.01315 0.03147 0.40818 -0.00555 -0.14376 -0.31698 -0.20181
0.14843 0.23123 -0.30750 -0.04653 -0.13989 0.17165 -0.27822 -0.14116 -0.20093 -0.08786 -0.09652 0.27357 0.22877 -0.08729 -0.14794 -0.24552 0.05668 0.16404 -0.31817 -0.07238 -0.07048 -0.24191 0.05694 0.06688 -0.38712 -0.26099 0.19617 -0.00505 0.33162 0.16424 0.32713 0.20950 -0.03133 0.29891 0.15552 -0.21339 -0.37722 -0.08333 0.06505 0.18955
-0.33069 0.04234 -0.36903 -0.20388 -0.10921 0.17167 -0.07849 0.13142 0.13352 -0.10446 -0.18600 0.00712 0.00134 -0.10327 -0.00867 0.21083 -0.01221 0.15620 0.09280 -0.16048 -0.18823 0.20561 0.02149 0.09246 0.25036 -0.02840 0.15014 -0.16245 -0.06508 0.01701 -0.18777 -0.06915 0.09784 -0.20318 0.15592 0.25718 0.07088 -0.05474 0.17524 -0.07830
0.28537 0.14544 -0.24892 0.05678 0.01927 -0.28065 -0.27253 -0.31030 -0.18731 -0.24730 -0.19596 0.18879 -0.28249 -0.34289 0.33891 0.31667 0.15939 -0.18488 0.15846 0.04131 -0.09653 -0.08477 0.34325 0.19769 -0.36101 0.04720 -0.09747 0.12896 -0.26666 -0.25265 -0.11600 -0.02661 -0.07422 0.27416 -0.23744 -0.28995 0.29815 -0.16142 0.00628 -0.18236
0.04266 0.08844 0.17059 0.24261 0.01833 -0.34345 -0.12650 0.08404 0.20881 -0.00243 0.15575 -0.22482 -0.11742 0.22937 0.02955 -0.21207 0.13173 -0.03173 0.12894 -0.09927 -0.09803 0.13593 0.13617 -0.20576 -0.19161 -0.02131 -0.05395 0.16326 0.07768 0.14795 -0.15264 0.15023 -0.12180 0.06852 0.05754 -0.23215 0.27086 -0.25481 0.11117 -0.03187
0.32352 0.08091 -0.22237 -0.29899 -0.03098 0.15756 -0.27970 -0.00777 0.05093 0.04610 0.13977 0.00892 -0.13737 -0.06934 0.23584 0.23171 -0.06729 -0.33708 0.08805 0.00256 0.12401 -0.00317 -0.09539 0.04944 0.05877 0.20099 0.27734 -0.12381 0.01724 0.13375 -0.29747 0.13764 0.28155 0.17849 0.27593 -0.06492 0.04025 -0.10366 0.18258 0.06177
0.15301 0.03273 0.15850 0.02299 -0.03325 0.15718 0.29998 0.19123 -0.06472 0.06823 0.14243 -0.12806 -0.13901 -0.19503 0.01985 0.13503 -0.29938 -0.14179 -0.08661 0.19881 0.25951 0.06572 -0.14696 0.14366 0.00999 -0.05936 -0.20802 0.20733 0.22454 -0.02614 0.30593 -0.00500 0.33296 -0.11202 -0.11374 -0.20321 -0.06945 0.31642 -0.33797 0.13142
-0.04837 -0.31336 -0.04097 -0.12708 -0.22874 0.02957 0.33998 0.24629 -0.01609 -0.11828 0.07659 -0.05880 0.15808 -0.15262 0.23893 -0.07857 -0.19270 -0.31646 0.23670 -0.09460 0.32068 -0.19388 -0.23640 0.01762 0.07754 0.10153 -0.28879 0.30021 0.04015 -0.03987 0.18000 -0.13339 -0.01575 -0.05360 0.07093 -0.29516 0.21121 0.13812 -0.29239 0.17462
0.07146 0.07460 0.27149 -0.13388 0.22689 -0.04300 0.05319 0.04394 -0.03023 0.15297 -0.20676 -0.05182 0.18737 -0.07215 0.08491 0.07526 -0.19941 -0.30489 -0.03320 0.08869 0.11169 -0.20891 -0.12537 0.13630 0.05998 0.09858 -0.22911 -0.01315 0.04989 -0.17660 0.33879 -0.11570 0.12900 0.13731 -0.15886 -0.25515 0.03638 0.09807 -0.28740 -0.08130
0.09445 -0.11939 0.31604 0.15716 -0.16262 0.23346 0.04260 0.12461 -0.14583 -0.05894 -0.01287 -0.07684 0.14409 0.22783 -0.15548 0.15046 -0.16675 -0.10231 -0.15345 0.14536 0.14047 -0.21090 -0.12640 -0.09737 0.04608 -0.08549 -0.11119 0.00039 0.08539 0.10941 -0.03442 -0.00425 0.05272 0.14776 -0.09130 -0.17901 0.11767 0.23675 -0.31754 0.14934
-0.29175 0.04869 0.09824 -0.08890 -0.10129 0.17421 -0.13821 0.00154 -0.09605 -0.02614 -0.23672 0.17613 0.08764 0.10791 0.12671 0.13677 0.13822 -0.13090 0.08311 -0.19460 -0.32973 -0.06193 -0.10244 0.05251 0.03140 -0.35216 0.02529 -0.16439 -0.12552 -0.07093 -0.06033 -0.20540 0.02469 -0.05265 -0.08040 0.13718 0.29055 -0.24187 -0.11505 0.07583
-0.35213 0.00907 -0.02390 -0.24971 0.14267 0.08654 -0.17373 0.04775 0.12101 0.04716 -0.02426 0.06633 -0.04461 -0.00849 -0.10930 0.12409 0.12467 0.03656 -0.00541 -0.03036 -0.10223 0.08650 0.12202 0.05273 0.00520 -0.23832 0.18895 -0.16468 -0.16653 0.20859 0.03713 0.01581 0.01243 -0.20931 0.11959 0.15421 0.00425 -0.20248 0.19251 -0.16681
-0.30843 -0.03571 -0.12343 -0.25541 -0.16326 0.04775 -0.09000 0.19539 -0.04143 -0.02763 -0.18016 0.02532 0.03744 0.08069 -0.12919 0.24547 0.07096 0.09059 0.21299 -0.00270 0.01511 -0.08776 0.03685 -0.12391 0.21463 -0.28096 0.17701 -0.03540 -0.16371 0.01418 0.04467 -0.20790 -0.11943 -0.20361 -0.17839 -0.02888 0.18243 -0.06127 0.10036 -0.09204
0.20160 -0.03277 -0.16304 -0.22378 -0.09321 0.04415 -0.15068 -0.14299 -0.08758 0.11955 -0.34599 0.17616 -0.20945 0.14724 -0.15791 0.14041 -0.01648 0.18692 -0.04100 0.11154 -0.09051 0.36392 0.06903 0.12560 -0.15608 -0.07831 0.10737 -0.15865 0.31848 -0.11686 0.20268 0.23160 0.00009 -0.08478 0.08525 0.23960 -0.00170 -0.13110 0.16753 -0.17468
-0.09008 0.26931 -0.02923 0.07452 0.26991 0.21203 -0.20983 0.10859 0.26666 -0.14152 -0.02456 0.08469 -0.21395 -0.08904 -0.33456 0.11794 -0.13365 0.03218 0.24940 0.36292 0.08932 -0.09664 0.00716 -0.17832 -0.24902 -0.13274 0.34161 -0.32617 -0.01253 -0.20989 0.25912 0.11004 -0.00763 0.07808 -0.37362 0.18125 -0.07777 0.11343 -0.25918 -0.03181
0.02579 0.27063 0.08967 0.15861 -0.21027 0.25676 -0.27955 0.02337 0.13765 -0.13624 0.06938 0.35817 -0.19358 -0.28421 0.08703 -0.01098 -0.13580 -0.01794 -0.07797 0.02261 -0.12148 -0.36017 0.07134 0.08820 -0.08879 0.18844 -0.10943 0.06551 0.06318 -0.05322 0.17730 0.06607 0.37412 0.06464 0.03139 0.09513 -0.14355 0.15750 0.19469 0.08452
-0.35733 0.15863 -0.12462 -0.08157 0.17472 -0.04779 -0.19674 -0.06055 -0.02171 -0.12012 -0.10744 -0.17465 -0.04828 0.19666 -0.10841 0.19471 0.04262 0.11200 0.02132 -0.02764 -0.00368 0.14137 0.01303 0.00461 0.14976 -0.40446 0.03844 -0.25799 -0.21176 0.07205 -0.01632 -0.12109 -0.09025 -0.20587 0.06880 0.27155 -0.04058 -0.02467 0.23379 -0.14175
0.25841 -0.05281 0.06287 -0.24599 -0.04376 0.24259 0.05892 -0.18786 0.06474 -0.05866 0.03704 0.00926 0.03337 0.09027 0.09697 -0.21993 -0.12804 0.16589 -0.13533 -0.30487 0.16011 0.04725 -0.12559 -0.13631 -0.00992 0.09766 -0.05619 -0.01414 -0.23518 0.14762 -0.00794 0.09739 0.06512 -0.03987 -0.04535 -0.12294 -0.06564 0.20783 0.03981 -0.10985
0.00563 0.31432 0.23345 0.05836 0.14436 -0.20992 -0.03859 0.06897 0.16336 -0.07021 0.16444 -0.18478 0.01027 0.20110 -0.05987 -0.16070 0.20646 0.12100 0.16224 0.05449 -0.21150 0.27016 0.21624 -0.11666 -0.08910 -0.00375 -0.09086 -0.01654 0.07467 0.17045 0.01285 0.18960 -0.00384 -0.04477 -0.17650 -0.31145 0.34564 -0.16747 0.21912 0.03684
-0.13627 -0.09807 -0.02521 0.22027 0.02858 -0.15013 -0.09740 -0.03891 0.12597 0.11730 -0.10026 -0.03092 0.16610 0.10409 -0.18289 -0.09356 -0.14689 0.09070 0.28503 0.05531 -0.14533 0.05556 0.16357 -0.00182 -0.24386 0.22878 0.00720 -0.12966 0.05712 -0.31233 -0.14026 -0.05508 -0.14887 0.13279 -0.03670 0.16140 -0.15131 0.32189 0.20512 0.10879
-0.04205 0.29372 -0.23694 0.17465 -0.17354 0.28911 0.00011 0.21546 0.08902 -0.07882 -0.27046 -0.12285 -0.09454 0.09721 0.12550 -0.19021 0.16883 0.00583 0.18912 -0.07312 -0.12752 0.01074 -0.41742 -0.10652 -0.10952 0.13592 -0.05479 -0.01627 0.19463 -0.00289 0.04330 0.14113 -0.19262 0.12012 0.12559 -0.21278 0.15167 -0.24224 -0.25337 -0.02767
0.19746 0.16573 0.11904 0.13525 0.14495 0.05845 0.06425 -0.29292 -0.23386 0.14160 0.14812 -0.08764 0.10800 -0.01597 -0.15939 0.23426 -0.09490 -0.02207 -0.11459 -0.17604 -0.05235 -0.04047 0.37313 0.01067 -0.09879 -0.01954 0.24957 0.14305 0.28632 -0.04936 -0.17250 -0.06093 -0.19595 -0.07664 -0.24742 -0.01826 0.08081 0.30681 -0.02974 -0.11166
-0.04725 -0.12813 0.04352 -0.11021 -0.34054 -0.04537 0.29008 0.00353 -0.14317 -0.12979 -0.22608 -0.08417 0.16214 0.13149 -0.10824 -0.03067 -0.02546 -0.26826 0.16262 0.10478 0.34627 -0.17015 0.03164 0.01913 -0.10336 -0.03936 -0.19660 0.07872 0.29774 0.18070 0.26537 -0.08793 0.01446 0.01107 0.05351 0.05105 -0.17673 0.16944 -0.19393 -0.05532
0.02551 0.09533 0.27410 0.04913 0.01785 -0.04657 0.25674 0.01699 0.02867 -0.04188 0.04888 0.02403 0.06295 0.08658 0.15547 0.01598 -0.17981 -0.23419 0.11654 0.19817 0.36069 -0.02580 -0.07912 0.01453 0.05374 -0.11081 -0.01390 0.09068 -0.04518 -0.07357 0.06663 -0.15356 0.06082 -0.06700 0.03241 -0.17663 -0.00333 0.28337 -0.27245 0.12915
0.07230 -0.11015 0.07009 0.10484 -0.19702 0.06816 0.02512 0.21016 -0.25382 0.08957 -0.15013 0.05486 0.00066 0.15071 -0.09256 -0.06039 -0.17410 -0.30907 -0.10322 -0.11420 0.08447 -0.26145 -0.21211 -0.04315 0.11948 0.22386 0.08537 -0.19252 0.04381 0.09460 0.26271 0.07285 -0.00298 0.09975 0.09592 -0.03818 -0.05531 0.20648 -0.22480 -0.13230
0.14656 0.02095 0.11478 0.09763 0.07158 0.03571 0.06727 -0.09961 -0.04154 -0.07850 -0.12838 -0.09253 0.17478 0.13952 0.17667 -0.16370 -0.12163 0.02467 0.23059 0.17912 0.41888 0.03193 -0.14847 0.04870 -0.08566 0.03879 -0.17805 0.20220 -0.09229 -0.14180 -0.04741 -0.16655 0.02803 0.04802 0.20892 0.03474 -0.01787 0.04890 -0.24286 -0.00176
-0.02455 -0.11165 0.08924 0.00975 0.03736 -0.03647 0.19127 0.13479 0.12730 -0.20724 -0.02716 -0.03951 -0.10464 -0.03731 0.10182 -0.15462 -0.06334 -0.14190 0.06723 -0.15975 0.16510 -0.11405 -0.28989 -0.04635 0.12422 0.06239 -0.17228 -0.07824 0.09198 0.07732 0.12452 -0.17948 0.04539 -0.02878 0.01753 -0.20798 -0.22496 0.02111 -0.21991 0.13684
-0.08700 0.00510 0.21377 0.00479 -0.00985 0.03471 0.06138 0.00079 -0.11977 -0.00417 -0.05634 -0.14485 -0.13449 -0.02924 -0.20648 -0.05026 -0.24582 -0.17805 -0.21011 0.12103 0.23916 -0.00136 0.08261 -0.10313 0.18158 0.16761 -0.07622 -0.00516 0.26893 0.21421 0.18229 -0.09500 0.16906 -0.09569 0.16697 -0.20410 0.06805 0.22607 -0.31352 0.13454
0.33782 0.05947 -0.23945 -0.21035 0.15745 0.00809 -0.18211 -0.00702 0.12548 -0.06807 0.20880 0.02137 -0.15392 -0.13813 0.16100 0.26955 -0.06667 -0.36209 -0.04022 -0.06973 -0.06422 -0.01345 0.06189 0.07292 0.04176 0.08215 0.18681 -0.25232 0.01809 0.14775 -0.21928 0.16137 0.15716 0.17379 0.16050 -0.04773 0.15446 -0.01974 0.17532 0.02471
0.14984 0.05243 -0.25023 0.17497 0.24008 -0.17843 -0.00103 0.15160 0.06932 0.21850 0.03575 -0.05856 0.00467 -0.21323 -0.11993 -0.23145 -0.19826 -0.05419 0.11180 0.15862 0.03756 -0.16204 0.27218 0.12876 -0.05775 0.19885 -0.09563 0.14409 -0.08881 0.14741 -0.21973 -0.09845 0.08843 0.15084 -0.13695 0.18682 0.19644 0.23846 -0.05567 0.15595
-0.05888 -0.14413 -0.02078 0.09702 0.19818 0.04148 0.01858 -0.11277 -0.02803 -0.12396 -0.01011 0.08318 0.06726 -0.03801 0.18589 -0.11795 0.24803 0.04889 -0.18450 -0.04032 -0.02990 -0.04679 0.24224 -0.04711 0.05603 0.05421 0.44132 -0.00810 -0.26273 0.00546 0.04443 0.14578 -0.04417 -0.07779 -0.04725 0.14016 0.15145 -0.17605 -0.21827 0.33192
-0.06317 -0.26240 -0.00503 0.05969 0.24539 0.13791 0.09407 -0.09647 -0.12317 -0.06953 -0.13882 -0.00341 -0.01001 0.01004 0.08694 -0.14250 0.32354 0.08260 -0.17274 0.04267 -0.12411 0.05510 0.22451 -0.18145 0.08237 0.09089 0.45236 0.08690 -0.22995 0.00980 -0.05981 0.23728 -0.07902 -0.17947 -0.14930 -0.00841 0.14736 -0.15454 -0.14684 0.24296
0.06604 -0.02774 0.18303 0.08560 -0.03559 0.02872 0.11319 -0.04521 0.00924 0.03276 -0.04513 0.01956 0.01541 0.07275 0.03062 -0.19615 -0.21875 -0.08600 0.14982 0.17340 0.23482 -0.13668 -0.22651 0.01678 0.17401 0.10517 -0.13275 0.11767 -0.06992 -0.05923 0.14603 -0.21473 0.10627 -0.09480 -0.01320 -0.12048 -0.03355 0.21417 -0.24963 -0.02631
0.08234 0.02255 0.24533 -0.04504 -0.27993 0.18726 0.25875 0.00266 0.04990 -0.08213 0.15911 0.12381 0.05423 -0.00206 -0.12366 -0.29022 -0.35866 -0.09073 0.22219 0.04854 0.20363 -0.03962 -0.12098 0.01833 0.18839 0.15384 -0.04835 0.09803 0.04983 0.05936 -0.05635 -0.34493 0.04858 -0.07861 -0.08909 -0.19947 -0.01922 0.14513 -0.20358 -0.00976
-0.04884 -0.03666 0.03783 -0.04348 -0.24547 0.14499 0.26710 0.17683 -0.19137 0.00322 0.07651 0.12373 0.24256 0.00561 0.03332 -0.05397 -0.06412 -0.22869 0.08333 -0.00752 0.25529 -0.03751 -0.03386 0.09772 0.22450 0.09877 -0.19946 0.05859 -0.00435 0.04377 0.21753 -0.16867 0.18447 0.08826 -0.03798 -0.31125 -0.02928 0.14337 -0.21487 0.19948
-0.02088 0.04081 0.02538 0.00363 -0.01856 -0.05479 0.17634 -0.07265 -0.19118 -0.01822 0.01927 0.02178 -0.13018 0.08703 -0.00775 -0.15904 -0.15318 -0.08056 0.01659 0.00938 0.27845 0.16419 -0.02174 -0.02513 -0.00507 0.23034 0.01076 -0.01559 0.23075 0.15536 -0.01091 -0.17265 -0.00216 0.10301 0.12098 -0.13626 0.11363 0.20127 -0.22835 -0.03427
0.24790 0.06978 -0.01760 0.28533 0.04090 0.26117 -0.04677 -0.25769 0.31879 -0.26453 -0.09868 0.27805 0.13567 -0.15526 0.38539 0.01950 0.36798 0.17325 0.05084 0.22346 -0.07480 -0.05559 -0.26991 -0.26387 0.13750 0.05560 0.08013 0.00799 -0.07719 0.05498 0.31679 0.21716 0.15840 0.07369 0.02386 0.13947 0.11572 -0.25798 0.28247 -0.18879
-0.08664 0.00209 0.00949 0.04868 -0.11065 0.05526 -0.25980 0.09473 -0.14100 0.04830 0.16498 0.07658 -0.04137 0.20974 -0.08012 -0.14560 0.22538 -0.11988 -0.13458 0.10473 0.01990 0.12769 -0.01202 0.25365 -0.20146 -0.32464 -0.13879 -0.16716 0.23693 -0.18391 -0.26028 -0.09743 0.21106 0.03246 0.05874 -0.06478 -0.21550 -0.14436 -0.01375 -0.09373
0.05250 0.06206 -0.22229 -0.18033 -0.02607 -0.07991 0.08260 0.04369 0.28101 0.01551 0.19891 -0.34101 0.13166 -0.11675 0.04028 -0.32634 -0.02876 -0.04330 -0.19705 0.06752 0.09220 -0.18153 -0.08276 -0.23284 -0.05405 0.10637 -0.01010 -0.13843 -0.16257 -0.23529 0.10993 -0.10128 -0.29882 -0.04088 -0.23367 0.20085 0.01906 -0.05421 -0.06952 -0.25459
0.02384 0.07515 -0.29719 -0.15139 -0.04253 -0.05031 0.18954 -0.10221 0.31335 0.03013 0.08303 -0.38848 0.10380 -0.10719 0.10565 -0.28498 -0.11304 -0.02002 -0.11768 0.07646 0.08313 -0.14253 -0.19110 -0.11140 -0.03242 -0.01561 -0.00691 -0.17894 0.00419 -0.30230 0.27307 -0.17056 -0.27321 -0.12406 -0.21614 0.16898 -0.10388 -0.14791 0.03822 -0.22129
-0.43122 0.19311 -0.01213 -0.13454 0.13669 -0.07115 -0.18149 -0.13071 0.12561 -0.34364 -0.16066 -0.10756 -0.17577 0.02312 -0.06779 -0.08149 0.02773 -0.02661 -0.05291 -0.07286 -0.04313 -0.01614 0.06493 -0.05348 -0.10065 -0.19084 -0.01179 -0.35164 -0.20453 0.18645 -0.05730 0.02029 -0.00625 0.10481 -0.08532 0.23881 0.06779 -0.19143 0.11949 -0.15728
0.18807 -0.10580 -0.04681 0.29926 -0.01806 -0.08769 -0.24294 -0.23486 -0.07356 -0.01637 -0.18062 0.09465 -0.12960 -0.19629 0.01239 -0.16063 0.14122 0.17506 0.01521 -0.07930 0.16947 0.10572 -0.22855 0.20224 0.10030 0.19210 -0.08997 0.23697 -0.11115 -0.12835 0.03888 -0.16343 0.28573 0.09080 0.21538 -0.16315 0.21310 0.07668 0.15918 -0.23380
0.03003 0.05053 0.06112 0.07874 -0.02482 -0.04854 0.00663 -0.13264 0.27572 0.15623 -0.01965 -0.10282 0.26847 -0.00672 -0.12219 0.20935 -0.14720 -0.08830 0.02668 -0.10866 0.23600 0.28038 -0.18341 0.11803 0.23103 -0.03263 0.10322 -0.12944 -0.04756 0.10930 -0.06838 0.15559 -0.08673 -0.21523 0.27129 0.09441 0.22725 0.05874 0.00660 -0.05239
0.15501 -0.00459 0.22611 0.00390 -0.14431 0.25575 0.30047 0.26085 0.16534 0.05576 0.16868 0.09130 -0.13012 0.01390 -0.01558 -0.24803 -0.16964 -0.12475 -0.00757 -0.08793 0.03880 -0.16151 0.12380 -0.03770 0.10336 0.18481 0.08811 0.05740 0.05173 0.22637 0.00015 -0.19073 0.17136 -0.13000 0.19758 -0.17653 -0.23649 0.26508 -0.09954 0.21093
-0.10579 -0.04147 0.21344 -0.09346 0.00291 0.28401 0.19770 0.23856 0.01190 -0.14186 0.18043 0.05484 -0.16730 0.00784 -0.06011 -0.10371 -0.12095 -0.27183 -0.21120 0.15264 0.19951 -0.26042 -0.03390 -0.13548 0.18741 0.17964 -0.21252 0.19066 0.23168 0.19914 0.20736 0.03931 -0.00232 0.13571 -0.07482 -0.04611 0.08243 0.19552 -0.40335 0.17490
0.16689 -0.10958 0.35424 -0.36281 -0.31423 -0.08060 0.25665 0.17434 -0.14874 0.19828 -0.02350 0.31784 0.14380 0.00189 -0.28072 0.03158 0.35248 0.03177 -0.08107 0.26983 -0.08893 -0.19315 -0.34051 -0.11738 0.04268 -0.05788 0.09877 -0.14543 -0.35268 -0.15879 -0.18491 0.14385 0.07514 0.31309 0.10315 -0.34041 -0.36624 -0.40697 0.17524 0.02296
-0.40194 0.06213 -0.05909 -0.21420 0.18120 0.08766 -0.25382 -0.00866 0.15029 -0.16060 -0.11373 -0.10091 -0.09811 0.03085 -0.06597 0.10575 0.13056 0.16938 0.08570 0.06265 -0.09442 0.11756 0.06778 -0.04631 0.04730 -0.21270 0.13084 -0.24975 -0.05755 0.03731 -0.03436 -0.00609 -0.04850 -0.11415 0.03812 0.03177 -0.12506 -0.16415 0.18773 -0.13230
0.04853 -0.18712 0.27530 -0.03679 0.15701 -0.02487 0.23734 -0.11112 -0.07153 -0.10823 0.08503 0.04658 0.27479 0.01469 -0.22404 0.03769 -0.41064 -0.14826 -0.08517 0.01649 0.33488 0.08702 -0.17635 0.08861 0.08043 0.28066 -0.20991 -0.03179 -0.00559 0.14399 0.19039 0.00733 -0.21658 0.22504 -0.10197 -0.20160 -0.00335 0.22402 -0.27445 0.08188
-0.04190 0.09465 0.22665 0.06488 0.26696 -0.22974 -0.20952 0.01642 0.07606 -0.00549 0.08605 -0.15878 0.05399 0.09229 -0.12946 0.07101 -0.12581 0.09145 -0.19718 0.04723 -0.12645 -0.04413 0.10944 -0.15068 0.20569 -0.06466 0.02759 -0.01839 0.09932 0.12401 -0.11395 0.25103 0.13717 0.36141 0.14016 0.10043 -0.27962 0.33436 -0.10935 -0.08634
0.18400 -0.08818 -0.13813 -0.04215 -0.19249 0.00858 -0.24762 -0.20532 0.03970 0.04215 -0.23148 0.10116 -0.16812 0.10937 -0.06766 0.12508 0.05688 0.25405 -0.11241 0.13588 -0.18697 0.28962 0.15018 0.02125 -0.22205 -0.01402 0.09602 -0.16995 0.15767 -0.17172 0.15870 0.16998 -0.04778 -0.03110 -0.01336 0.23266 -0.17242 -0.12782 0.20862 -0.20550
-0.05305 -0.03096 -0.02068 0.01937 -0.02299 0.11245 -0.00258 0.13082 -0.03388 -0.30960 -0.19735 0.11948 -0.27681 0.30052 -0.10187 0.26226 -0.14433 0.33375 0.04153 0.02352 -0.14567 0.07245 -0.23515 0.04061 -0.02660 -0.12670 0.03358 0.06520 0.11808 0.10899 -0.10215 -0.16290 0.02500 0.00180 -0.12116 -0.18481 0.08815 0.23523 0.13189 -0.18029
0.27889 0.04760 -0.13380 -0.17056 0.16704 -0.01328 -0.16962 0.06288 -0.01467 -0.13258 -0.10788 -0.01376 0.01026 -0.09492 0.20949 -0.09957 -0.07892 -0.12732 -0.20355 0.12056 -0.05516 0.02213 0.25585 0.10218 0.16557 -0.14837 0.39023 -0.14862 0.33407 -0.11922 -0.15180 0.08090 -0.00987 0.17388 0.11708 0.16548 -0.08970 0.19179 -0.24213 -0.26077
-0.26976 0.15643 -0.35079 -0.23224 0.18519 0.01894 -0.19158 0.29281 0.11690 -0.13393 -0.17620 -0.07168 0.09311 0.24384 0.13239 -0.15729 0.30061 -0.05645 0.24656 -0.11299 -0.28768 0.17922 -0.02464 0.02545 -0.14560 -0.16410 0.02185 -0.34359 -0.20924 0.10684 0.08080 -0.01295 0.00898 -0.13423 -0.18556 0.18070 -0.05393 -0.16400 0.18476 -0.13832
-0.03907 0.05071 0.08349 0.01905 -0.09743 -0.11447 -0.05666 -0.07915 0.28027 0.10475 -0.03534 -0.14353 0.20004 0.05166 -0.02718 0.15349 -0.03669 -0.02723 -0.02481 -0.07603 0.17555 0.23595 -0.26949 0.08313 0.25788 -0.02668 0.21317 -0.22258 -0.15291 0.01379 -0.07418 0.20422 -0.05916 -0.22736 0.31615 0.10535 0.17979 -0.03445 -0.00578 -0.05927
-0.05422 0.18769 0.11002 0.16436 0.20132 0.39367 0.09797 -0.21556 0.14927 0.17181 0.25347 -0.03914 -0.03172 -0.18062 0.05801 0.04594 0.05181 0.25021 -0.10111 -0.09986 -0.03742 -0.07287 -0.06477 -0.00556 -0.07855 -0.00630 0.22809 0.04521 -0.19794 0.16269 -0.00235 -0.06755 0.17138 -0.14686 -0.10801 -0.00736 0.26548 -0.03892 0.17582 0.13206
0.39287 0.27736 0.26932 0.12695 0.05844 -0.33160 -0.08443 -0.21042 -0.04483 0.00764 -0.14162 -0.28917 -0.07822 0.23372 0.02208 -0.27719 0.13678 -0.14234 0.06492 0.12024 0.31879 0.22473 -0.33988 0.16211 -0.19302 0.12849 0.09116 -0.27860 0.12860 -0.08600 0.13455 0.06184 0.05082 0.12121 0.01522 0.13152 -0.21674 0.31109 0.04582 0.17081
