-0.02686 -0.15732 0.19467 0.13227 0.20247 -0.00765 0.02225 -0.08234 -0.18185 -0.05490 -0.05934 0.03167 0.13128 -0.02045 -0.01885 0.30302 -0.22967 0.18504 -0.12078 -0.12331 -0.04359 0.07432 0.22667 -0.20937 -0.01296 -0.12650 -0.09750 0.06448 0.02495 -0.03499 0.14693 -0.05604 -0.33611 0.17853 0.13221 -0.16728 -0.21448 -0.02287 -0.09320 -0.25082
-0.07248 -0.04521 0.13079 0.16417 0.25208 -0.02591 0.02066 -0.07132 -0.21256 -0.02391 -0.09065 -0.01337 0.16511 -0.05566 -0.04388 0.24296 -0.19158 0.20696 -0.11790 -0.09137 -0.10236 0.04629 0.20037 -0.21309 0.02011 -0.07888 -0.12852 0.03004 -0.02549 -0.03143 0.18192 -0.05191 -0.22799 0.21273 0.16751 -0.14460 -0.24442 -0.11735 0.00186 -0.24247
0.03670 0.14621 -0.12156 0.00894 0.13165 0.15247 -0.13239 0.07898 -0.02350 -0.02360 0.07094 0.18299 -0.12012 0.08273 -0.05865 -0.29047 -0.03802 0.11147 -0.08751 0.10078 -0.13644 -0.05232 -0.08226 -0.23094 -0.02955 0.00377 -0.27832 0.14335 -0.15068 0.01006 -0.02891 -0.01990 -0.07249 0.15960 -0.07569 0.22764 0.22766 -0.15440 -0.03197 0.17566
-0.10539 0.06537 -0.05085 0.07006 0.09171 -0.07263 -0.07366 0.17057 -0.18802 -0.01090 0.07991 0.02413 0.26567 0.19003 0.04709 -0.14653 -0.09634 0.20658 -0.10974 -0.02921 0.00360 0.06068 0.06830 -0.10308 -0.10949 0.07740 -0.04162 0.01679 -0.04133 0.15546 0.05764 -0.15551 0.11042 -0.06453 0.19256 -0.15345 0.03722 -0.15782 -0.03905 -0.22583
0.15332 0.25091 -0.00439 0.16637 0.33507 0.12322 0.01851 0.20136 -0.11803 0.20027 0.15900 0.04975 -0.06745 0.19986 0.17316 -0.12709 -0.01627 0.14532 0.00612 -0.26283 -0.08421 0.04828 0.07426 0.11104 -0.16013 -0.19048 0.11718 -0.17453 0.05916 0.00654 0.11863 -0.12658 -0.00590 0.24602 0.07787 -0.07358 -0.00434 0.00348 0.23623 0.20105
0.05786 -0.16258 0.02381 -0.00492 -0.03834 0.12534 0.01192 -0.14411 0.22539 -0.17742 -0.01638 0.07384 -0.20538 -0.10733 0.19887 0.20150 0.21594 -0.11239 0.14778 0.09220 -0.01383 0.04979 -0.10736 0.09403 0.09162 -0.00792 0.22094 -0.05320 -0.08633 -0.06542 -0.21390 0.05356 -0.08324 -0.09056 -0.17388 0.16046 0.09715 0.18084 -0.11447 0.13939
0.03580 -0.12394 0.08352 -0.08137 -0.05526 0.19518 -0.00078 -0.02778 0.17779 -0.13025 -0.03871 0.03630 -0.26318 -0.02420 0.11058 0.16759 0.26324 -0.09237 0.04309 0.05810 0.03897 0.00819 -0.10646 0.05656 0.06642 0.06753 0.27193 0.10859 -0.05486 -0.03961 -0.15245 0.04995 -0.12492 -0.19683 -0.13964 0.15497 0.18477 0.17611 -0.05198 0.08783
0.01011 -0.04610 -0.09695 0.00796 -0.11966 0.10538 0.01517 -0.04094 0.30042 0.00475 -0.08317 -0.06331 -0.23468 -0.08732 0.11818 0.06597 0.19270 -0.11625 0.14651 0.08810 0.02985 0.05375 -0.16476 0.13018 0.00747 0.04458 0.24916 -0.05179 -0.06932 0.04457 -0.31896 0.10557 -0.14832 -0.22575 -0.26984 0.18546 0.19091 0.11167 -0.07263 0.13517
0.06602 -0.14070 -0.03248 -0.09536 -0.30309 0.17352 -0.01234 0.02947 0.20070 -0.14041 -0.03050 0.07119 -0.17379 0.11498 0.10718 0.03565 0.27518 -0.13334 0.07896 0.00544 0.18526 0.02441 -0.12007 0.15175 0.14955 0.08449 0.33816 0.09466 -0.02340 0.08440 -0.17772 0.06036 0.00475 -0.24193 -0.20695 0.10928 0.23512 0.27942 -0.08826 0.09102
0.21094 -0.09029 0.07764 0.07199 -0.05030 -0.08723 -0.12808 -0.21906 0.03372 0.02252 0.22880 0.03953 -0.15582 0.08766 -0.03333 0.19524 0.03260 0.00832 0.45076 -0.12309 -0.04796 -0.00495 0.06241 -0.09057 0.09822 -0.05508 -0.13419 -0.17420 0.18475 -0.04964 0.04725 0.05631 -0.03384 -0.13483 0.08853 -0.18109 0.10840 -0.02570 0.06537 -0.11174
0.10992 -0.10606 0.03055 -0.05326 -0.12281 0.07045 -0.06503 -0.11137 0.13267 -0.12450 0.11606 0.06801 -0.25077 0.03578 0.13338 0.01470 0.19858 -0.08624 0.19133 0.02163 0.07295 -0.01154 -0.14357 0.17246 0.07223 0.08745 0.17408 -0.08007 0.06814 -0.00998 -0.06778 -0.02059 0.12205 -0.26081 -0.04155 0.04888 0.17186 0.22058 -0.07246 0.12662
-0.00182 -0.11568 0.10233 -0.08093 -0.11908 0.27061 0.00764 -0.15325 0.12905 -0.15288 -0.00756 0.14559 -0.32022 -0.02293 0.13295 0.18832 0.31231 -0.03468 0.05094 0.10416 -0.00142 0.06648 -0.09370 0.02381 0.05170 -0.01187 0.23591 0.05785 -0.17298 -0.09093 -0.11440 0.09519 -0.20764 -0.11486 -0.15918 0.19890 0.11998 0.16637 -0.09442 0.04401
-0.11350 0.16773 -0.11053 -0.03130 -0.36231 -0.15928 -0.04837 -0.03225 -0.08139 0.12141 -0.08292 -0.10929 0.30890 0.02577 -0.11743 -0.26242 -0.07281 -0.04986 -0.03515 -0.04810 0.14306 -0.09691 0.10422 0.14045 -0.00910 0.03849 -0.13204 -0.02145 0.03143 0.17674 -0.10987 0.05187 0.29070 0.01010 0.00070 -0.20583 0.10614 -0.07667 0.10741 -0.19947
0.00345 0.20367 -0.18113 -0.00986 -0.42249 -0.01636 -0.12550 -0.03433 0.02865 0.11274 -0.05846 -0.13265 0.15715 0.09575 -0.09072 -0.30283 0.01858 -0.10143 -0.01001 -0.03024 0.23058 -0.16092 0.12614 0.04357 -0.00919 0.06150 -0.07192 -0.04238 0.07631 0.15652 -0.22595 0.05455 0.29093 0.00278 -0.12183 -0.12658 0.21716 -0.09145 0.10344 -0.16826
-0.09698 0.21031 -0.16575 -0.01887 -0.36432 -0.12879 -0.11356 -0.03825 -0.08070 0.18147 -0.00209 -0.13144 0.29153 0.05720 -0.10237 -0.32660 -0.09521 -0.01275 -0.01863 -0.02544 0.13287 -0.11405 0.11892 0.03139 -0.01774 0.01400 -0.20997 -0.05881 0.07570 0.13021 -0.08036 0.01446 0.34246 0.06296 -0.01442 -0.20306 0.10019 -0.13646 0.07971 -0.18622
-0.08497 0.11853 -0.05110 0.01695 0.25773 -0.07163 0.02274 0.18280 0.01508 -0.05016 -0.11329 -0.20545 0.08230 0.05259 -0.03499 -0.00725 -0.06620 0.11109 0.01560 0.00476 -0.06458 -0.09886 -0.02027 -0.11042 0.00239 0.10422 0.08401 0.07628 0.04116 0.15199 -0.02136 -0.06973 -0.04203 0.03654 0.09777 0.11715 0.08491 -0.20310 0.17577 0.08199
-0.07529 -0.06970 0.22988 0.15787 0.18854 0.03482 -0.02375 -0.02663 -0.16991 -0.06820 -0.19031 -0.07999 0.08930 -0.02408 -0.05630 0.35466 -0.08767 0.10829 -0.16207 -0.14387 -0.06363 0.02234 0.21775 -0.26359 0.03991 -0.07122 0.01868 0.11883 0.05158 -0.02883 0.12306 -0.03034 -0.29390 0.19368 0.08990 -0.16414 -0.16293 -0.05005 0.08163 -0.27395
0.05712 -0.14524 -0.03827 -0.06391 -0.07201 0.25825 0.09860 -0.06577 0.31210 -0.07064 0.00900 0.05724 -0.31472 0.00543 0.16633 0.16955 0.27134 -0.10847 0.16812 0.07260 0.07956 0.13345 -0.16830 0.13898 -0.00384 0.06322 0.34862 -0.02139 -0.14560 -0.06716 -0.27765 0.06690 -0.21332 -0.25940 -0.29713 0.22717 0.05938 0.21160 -0.17042 0.16993
