0.29118 -0.14343 -0.05350 0.01587 -0.02848 -0.00813 0.13270 0.06229 0.10051 0.22122 -0.06241 0.21446 0.01408 -0.10637 -0.04308 -0.15297 -0.17992 0.02261 0.10204 0.02867 0.01702 0.02653 -0.19089 -0.04009 0.03800 -0.04888 -0.13629 -0.34857 0.11836 -0.19739 -0.24908 -0.23184 -0.17941 -0.05720 0.14312 0.13716 -0.23656 -0.07430 -0.10346 0.14186
0.20059 -0.20126 0.04210 0.07801 -0.06429 -0.01190 0.18572 0.07337 0.12832 -0.10594 -0.11261 -0.02196 -0.09192 -0.00516 -0.03723 -0.00360 -0.12996 -0.00792 0.01113 0.11802 0.07520 -0.26745 -0.05967 -0.07646 0.28633 0.00020 -0.08291 -0.15694 0.03591 -0.14514 -0.10262 -0.12982 -0.01952 -0.00457 0.00658 -0.11106 0.14750 0.06719 -0.04139 -0.19769
0.13669 0.03734 -0.00109 0.16663 -0.19275 0.29819 -0.05583 0.17130 -0.02539 -0.08873 0.26120 0.26817 0.11043 -0.04938 -0.11795 0.04207 0.00801 -0.08425 0.04139 0.17240 -0.19902 0.04901 -0.27095 -0.19195 -0.11234 0.18086 -0.07152 -0.03719 0.34082 0.10233 -0.13800 0.12285 -0.35952 0.07396 -0.17515 -0.23972 0.01272 0.14354 0.09701 -0.24340
-0.29789 0.03712 0.04159 0.04333 -0.06907 -0.11305 0.05540 0.04313 0.14002 0.02463 0.28461 -0.03552 0.12578 -0.00429 0.08955 -0.00864 0.01094 0.05588 0.04908 -0.02136 -0.17750 0.23474 0.05216 -0.27693 -0.07378 -0.01121 0.11397 0.05259 0.06217 0.14819 0.11883 0.21806 -0.15734 -0.09173 -0.11449 -0.05124 -0.15128 -0.02208 -0.00921 -0.03536
-0.36157 0.08976 0.05539 0.15172 0.06770 -0.10275 -0.03705 0.05997 0.22824 0.02034 0.22303 0.12850 -0.00086 -0.12412 0.06855 0.16111 0.10815 -0.01796 0.13466 0.00028 -0.10910 -0.04046 0.08028 0.00949 -0.12191 -0.08860 -0.03838 0.17723 0.06642 0.27578 0.00582 0.16528 0.21023 0.22905 -0.18231 -0.05593 -0.26300 -0.01254 -0.05487 0.20154
0.25435 -0.16929 0.01392 -0.18486 -0.08281 -0.05423 0.10197 0.07694 -0.18073 0.18342 -0.08853 -0.12719 -0.19029 0.11250 -0.09614 -0.09586 0.04518 0.26344 0.10101 0.13542 -0.08799 -0.22067 -0.02947 0.00324 -0.11123 0.01402 -0.01216 -0.10159 -0.25742 -0.16357 -0.22731 0.05711 -0.09508 -0.06188 0.14250 0.12368 0.30571 -0.02047 0.08436 -0.14179
-0.19735 -0.09747 -0.09816 0.16565 -0.01985 0.09342 -0.06356 0.20926 -0.14977 -0.18929 0.24658 0.30508 -0.04312 -0.21090 0.12973 0.09065 0.05198 0.09739 -0.03896 0.04886 -0.21860 -0.10190 -0.23734 -0.01564 -0.10235 -0.07777 -0.13287 -0.13615 0.20822 0.00873 -0.15971 0.24244 -0.24705 0.00163 -0.07027 -0.16198 -0.11193 -0.11617 0.10575 -0.12146
0.13358 0.06856 0.08532 -0.02394 0.09328 0.18168 -0.13670 0.03452 0.11800 -0.12492 0.25706 -0.11410 0.25563 0.16797 0.09986 -0.00180 -0.00342 -0.27232 0.01335 -0.16743 -0.24457 0.12112 0.03008 0.15698 -0.06075 -0.29123 0.33074 -0.13978 -0.05288 0.18050 0.13941 0.32721 0.12210 -0.03593 0.04403 -0.08646 0.21496 -0.37138 0.21645 -0.05540
-0.25914 0.00457 0.22832 -0.17229 -0.01199 0.12010 -0.08615 -0.12690 0.26986 0.11421 0.02957 -0.06677 0.05489 -0.18189 -0.02663 0.17173 0.03688 -0.06774 -0.12170 -0.15212 0.05247 0.09170 -0.04643 -0.22240 -0.12638 -0.06543 -0.00417 -0.02956 -0.07931 0.26191 0.10367 0.20713 -0.07842 0.32762 -0.03788 -0.09611 -0.06132 0.13714 -0.13300 0.16181
-0.27550 0.04879 -0.07263 0.02880 0.12715 0.07902 -0.30767 0.01117 0.06830 -0.23904 0.18777 -0.16454 -0.14946 -0.21865 0.08082 0.04571 0.18569 0.03378 0.11393 0.03185 0.14594 -0.04012 -0.01983 -0.18250 0.07340 -0.04567 -0.01093 0.02592 -0.11498 0.04914 -0.02975 -0.03125 -0.14388 0.19366 0.04797 -0.26696 -0.14128 -0.08884 0.12110 0.08974
-0.25429 0.09967 0.24229 0.17102 0.06263 0.04330 -0.14163 0.12141 -0.09741 0.00817 0.35703 -0.10231 0.15922 -0.12221 0.16946 -0.18212 0.18058 0.16309 0.06907 0.08445 -0.07740 0.03128 0.08192 -0.25999 -0.04192 -0.09053 0.10529 0.19799 0.22782 0.00717 -0.06705 0.29479 0.06269 -0.04438 0.22472 -0.07621 0.04703 -0.06324 0.00355 0.09278
-0.23385 -0.04329 -0.00554 0.17747 0.03447 -0.18310 0.05763 0.04209 0.11570 -0.04335 0.27170 -0.22804 0.26203 0.15152 -0.16908 -0.05529 0.11744 0.14592 0.14543 -0.03437 -0.07223 -0.13971 -0.05335 -0.08875 -0.14743 -0.18813 0.25647 -0.14327 -0.10424 -0.07347 0.31434 0.13407 -0.04516 0.23098 -0.16328 -0.22875 -0.06461 -0.11209 -0.07522 0.15916
0.22265 -0.13052 -0.04226 -0.12005 -0.22537 0.09083 0.17195 0.10636 -0.19677 0.07532 -0.04651 0.09547 -0.05057 0.14929 0.03448 -0.04490 -0.01860 -0.03775 0.05096 0.03607 -0.01585 -0.17854 0.15979 0.08771 -0.09821 0.04134 -0.15316 -0.02424 -0.33783 -0.06967 -0.12232 -0.02930 0.05438 0.14511 -0.05015 0.10297 0.22820 -0.13595 -0.02449 -0.06379
0.22696 0.09834 -0.01476 -0.07937 -0.34545 0.10982 -0.06423 0.11218 -0.07142 -0.10082 -0.21979 0.29272 0.03790 0.08179 0.00805 0.07234 -0.01631 0.04495 0.10545 0.11870 0.31957 -0.05699 0.16537 0.03841 0.00901 -0.04923 0.12421 -0.14413 -0.16797 0.07376 0.11292 0.10920 -0.24057 0.02040 0.18525 0.19558 0.04313 0.18254 -0.07097 -0.20253
0.29675 -0.04306 -0.12764 0.08476 -0.06005 -0.08816 0.04381 0.23939 0.04446 0.01137 -0.25379 -0.04972 -0.12041 -0.12608 0.24225 0.05104 -0.24040 0.02397 -0.01037 0.05662 0.21456 0.03961 0.29430 -0.05490 -0.23001 -0.04938 -0.25229 0.06546 -0.16237 -0.04046 -0.17047 0.07429 -0.08841 -0.01231 0.21095 -0.11112 -0.06640 0.29673 -0.03149 -0.09881
0.20436 -0.03206 -0.24030 -0.10990 -0.25179 -0.08659 0.20095 -0.10099 -0.10067 0.22944 0.03668 -0.07178 -0.19489 -0.02334 -0.18864 -0.12836 -0.07161 0.09540 -0.00741 0.26022 -0.04941 -0.04668 0.05481 0.21317 -0.01196 0.06224 -0.01992 -0.10551 -0.27166 0.04647 0.05677 -0.20996 0.19800 0.09063 0.14721 0.16800 0.13216 -0.04296 0.08153 -0.16070
-0.20487 0.08012 0.06174 -0.16348 -0.08812 -0.11667 0.05324 -0.12558 0.34127 0.13787 0.15536 0.11170 0.19084 0.08035 0.11476 0.15908 0.16105 -0.16212 0.05342 -0.14863 -0.15576 0.09195 0.13403 -0.00278 -0.04883 0.14046 -0.03835 0.05720 0.03736 0.27825 -0.17744 0.23361 0.00070 0.08915 -0.04246 -0.09308 0.17148 0.03448 -0.23949 0.04154
0.26905 -0.09407 -0.12491 -0.14754 -0.13201 0.08299 0.17229 0.20300 -0.27888 0.03663 -0.08808 0.06196 -0.21272 0.19517 -0.17055 -0.18511 -0.05055 0.01595 -0.15693 0.15401 0.21561 -0.18031 -0.09854 0.09712 -0.00347 0.10960 -0.18643 -0.14176 -0.18371 0.05128 0.00022 -0.02716 -0.16554 -0.00756 -0.15450 -0.10231 -0.02391 0.00527 -0.02272 -0.10121
0.19176 -0.22757 0.10750 0.05265 0.09954 0.12893 -0.08499 0.01575 -0.08912 0.00797 -0.16516 0.13366 0.07305 -0.10738 0.10246 0.11424 0.11387 -0.05265 -0.13468 0.22547 -0.16155 -0.19929 0.10130 0.22557 -0.12342 0.17643 -0.00249 -0.27824 -0.35381 -0.00208 -0.30538 -0.12635 0.18240 -0.03307 0.19484 -0.03456 0.11278 0.26141 -0.03026 -0.05648
0.24185 -0.06170 -0.02217 -0.09327 -0.16413 0.08295 0.16338 -0.22374 -0.12810 0.03182 0.12095 -0.08808 -0.12410 0.08121 0.15960 -0.14118 -0.03726 0.14335 -0.19381 0.13095 -0.06486 -0.11123 0.06079 0.07569 -0.05414 -0.21542 -0.10810 -0.07957 -0.10181 0.02723 -0.14129 -0.08275 0.04472 -0.04154 0.07741 -0.08223 0.29811 0.01851 0.18247 0.06085
-0.16342 -0.15586 0.10132 0.06316 0.18463 -0.11545 -0.10230 -0.03899 -0.02720 -0.09946 0.17329 -0.17865 -0.06025 0.06504 0.02421 -0.11857 0.11684 -0.03815 -0.06275 -0.19657 0.04528 0.07540 0.14762 0.03329 0.12983 -0.02415 -0.11500 -0.06484 -0.19248 0.22473 0.19300 -0.07142 0.08144 0.13809 0.08461 0.05065 0.07889 -0.22885 0.07069 0.31252
0.01147 0.24779 0.29341 0.09452 0.07847 -0.16469 -0.13749 0.05217 0.15023 -0.24096 0.28737 0.03306 -0.25503 -0.01570 0.08695 -0.12001 0.19295 0.25152 -0.06573 -0.16677 -0.01902 -0.07902 -0.23306 -0.25823 -0.22029 -0.03785 0.03541 0.09621 0.15718 0.00493 0.08733 0.05626 -0.01540 0.05692 0.03862 0.02889 0.05554 -0.04582 -0.00560 0.36186
0.01945 -0.13946 -0.08562 0.06320 -0.19918 0.18319 -0.17008 0.12415 -0.09897 -0.16776 0.25578 0.30238 0.03701 0.06080 -0.02638 0.02185 -0.09887 -0.07645 -0.02113 0.08158 -0.08728 0.04216 -0.09335 -0.08606 -0.09408 0.07177 -0.04574 0.00777 0.27664 0.01204 -0.14244 0.23349 -0.26681 0.10300 -0.06611 -0.26547 -0.09505 0.11082 -0.04049 -0.14479
0.17305 -0.02000 -0.21943 -0.11182 -0.11629 0.20126 0.26691 -0.08602 -0.14883 -0.18978 -0.16769 -0.00565 -0.09746 0.22738 0.02186 -0.09257 -0.05535 -0.00823 0.01725 0.19165 -0.03495 -0.25850 0.22786 0.09691 0.09018 -0.07527 -0.21967 0.03663 0.05093 -0.25383 -0.21212 -0.03185 -0.02807 0.15654 0.01927 0.07722 0.25344 -0.11127 -0.09254 -0.16203
-0.00526 0.04884 0.22510 -0.11545 0.09576 0.12322 -0.00619 -0.13843 0.07639 0.12780 -0.03920 -0.14390 -0.00383 0.11621 0.27478 0.11996 -0.09328 -0.18891 -0.19416 -0.00964 0.09828 -0.13446 -0.24694 -0.06517 0.21322 0.06037 -0.12562 -0.06035 0.12714 -0.26161 0.09341 0.26571 0.16011 0.22676 -0.12780 -0.11707 -0.18249 -0.17515 0.01166 0.03775
0.20641 -0.22461 -0.12627 -0.08611 -0.12940 -0.08620 0.22513 0.13703 0.12849 0.16180 -0.20089 -0.07251 -0.02349 0.07996 -0.03722 0.04437 0.10491 -0.22087 -0.05181 0.11422 -0.11358 -0.16491 -0.10252 -0.04784 0.15698 -0.13540 0.01090 -0.27258 -0.03856 -0.26825 -0.28567 -0.18730 -0.11420 0.06944 -0.00476 0.07876 0.10799 0.07946 0.02350 -0.03564
-0.02138 -0.02334 0.06250 -0.12106 -0.14005 -0.07306 0.03871 0.20011 0.17119 0.13925 -0.06274 0.20325 0.09056 0.11370 0.01816 -0.06235 0.12296 -0.03639 -0.07636 -0.14898 -0.09451 -0.22174 0.05647 0.09573 0.09193 0.08367 -0.04119 -0.10032 -0.12191 -0.03529 0.13538 -0.10997 -0.08678 -0.02349 0.07558 -0.01434 0.26196 0.06216 -0.28256 -0.28494
0.29076 -0.01964 0.11715 -0.10581 -0.21025 -0.06824 -0.02586 -0.04241 -0.00594 -0.07892 0.10106 0.13300 0.14950 0.15562 -0.19700 0.02364 -0.18054 0.05540 -0.11291 0.09287 -0.01477 -0.30528 0.11374 0.09741 0.00585 0.13900 -0.07953 -0.17181 0.00993 0.11272 0.03124 -0.27539 -0.04844 -0.05985 0.17042 0.24093 0.12490 0.06115 0.08506 -0.02527
0.15233 -0.29116 -0.10470 0.16243 -0.10656 -0.09090 0.01526 0.09833 -0.11292 0.15236 -0.16036 0.00324 0.01100 0.09441 -0.06558 0.01766 -0.07479 0.05387 0.06278 -0.14007 0.03942 -0.15785 -0.01459 0.21252 -0.03503 0.05576 -0.01329 -0.05166 -0.09485 -0.15458 -0.14140 0.03321 -0.00093 0.03252 0.17739 -0.10362 0.10724 0.03858 -0.01767 -0.18524
-0.00577 -0.10662 -0.18736 -0.12025 0.13202 -0.03309 0.10302 0.20955 -0.23687 0.03494 -0.23946 0.14189 -0.11059 0.13541 -0.22337 0.03495 -0.11408 -0.05440 -0.12894 0.06731 -0.06934 -0.30385 -0.19484 0.16525 0.09539 -0.00974 -0.06811 0.01390 -0.09031 -0.11025 -0.19220 0.03214 -0.17783 -0.06005 0.26120 -0.05449 0.15268 0.03002 -0.11420 -0.25263
-0.26763 -0.17909 0.17661 -0.15672 0.01028 -0.02967 -0.02200 -0.05948 0.35932 -0.02092 -0.04334 0.22716 0.07692 0.02962 0.00531 -0.04719 0.33769 0.16289 0.04637 0.08758 -0.08379 0.27588 -0.10748 -0.29891 -0.09014 0.15579 0.01193 -0.01073 -0.22894 0.07673 0.21572 -0.08784 0.11364 -0.17892 0.04609 0.17887 -0.11828 0.02272 0.00025 0.03271
-0.04908 0.06135 0.02668 0.13619 0.08048 -0.24661 0.03783 0.03457 0.05830 0.01606 -0.03190 0.10900 0.01489 -0.25726 -0.03300 0.09152 -0.00900 0.09631 0.10382 -0.06220 0.05431 -0.03194 0.06534 0.03095 -0.00884 -0.00380 0.10673 0.10719 -0.14579 -0.03475 -0.04088 -0.03344 0.11350 -0.04498 -0.17428 -0.14800 0.12212 0.21894 -0.23942 0.10917
-0.00975 0.12204 0.11544 0.03620 0.00969 0.12545 -0.21641 0.00311 0.04270 -0.07694 0.19185 -0.17011 0.03427 0.10426 0.00600 0.06262 0.11037 -0.25212 -0.01775 -0.16951 -0.18314 0.05580 0.08338 0.04339 -0.19078 -0.23587 0.31185 -0.15540 -0.07022 0.18380 0.10412 0.43023 0.06463 0.02545 0.08198 -0.05700 0.11612 -0.19779 0.06473 -0.08179
-0.04591 0.08777 0.15127 0.03754 -0.07869 -0.12961 -0.13642 0.00567 0.26476 0.13042 -0.00130 0.03542 0.18047 0.06681 0.09908 0.19041 0.25977 -0.03520 -0.08402 -0.06004 -0.03634 0.21451 0.10682 -0.00287 -0.12359 0.08143 0.01196 0.24749 0.09381 0.20312 -0.09098 0.14593 0.15572 0.20396 0.02826 -0.01460 -0.10234 -0.04187 -0.06928 0.12965
0.33479 -0.09003 0.15938 -0.20150 -0.28774 -0.06586 0.00845 -0.18121 0.16451 0.20590 0.21524 0.22473 -0.20756 -0.14549 -0.13940 -0.02115 -0.22482 -0.29213 -0.01202 0.10528 0.05084 -0.02217 0.08201 0.00115 -0.02030 0.10155 -0.17149 -0.08489 0.08896 -0.03202 0.24052 -0.21748 -0.21452 0.36413 -0.03539 0.24356 0.24894 -0.00859 0.03260 -0.29387
-0.34917 0.01690 0.08301 0.12866 0.13528 -0.10340 0.11527 0.03783 0.05204 -0.00640 -0.08587 -0.34902 -0.08573 -0.01424 0.02095 -0.06544 -0.02759 -0.02090 0.00759 -0.08901 0.15762 -0.04397 -0.24398 -0.12025 0.20659 0.23051 0.20104 -0.03772 0.09352 0.17787 -0.00269 -0.17612 -0.01150 0.20298 -0.12269 -0.13376 -0.29989 0.14456 -0.12110 0.21138
0.30212 -0.08201 -0.22469 0.17704 -0.03819 -0.11380 0.16907 -0.05508 0.15996 0.16983 0.06448 0.06653 0.15885 -0.02139 -0.08813 -0.06115 -0.06191 0.14246 -0.12301 0.09851 -0.03635 -0.00722 0.14243 0.09898 -0.04012 0.05665 -0.28117 -0.02255 -0.16794 -0.01201 0.00385 0.06980 -0.12798 -0.07213 -0.20225 0.15211 0.26792 0.06547 -0.13942 -0.18780
-0.12850 0.01625 -0.11170 0.03529 -0.15847 0.05628 0.00449 -0.05683 -0.03366 -0.03751 0.15518 0.02709 -0.05642 -0.02597 -0.15139 -0.18426 0.07694 0.01608 -0.07419 -0.02003 0.07777 0.07853 0.13411 -0.08886 0.22774 -0.04714 0.28541 0.18035 0.07169 -0.26934 -0.11987 0.09896 0.07858 -0.05524 -0.17696 -0.08423 0.06772 -0.19593 0.08499 0.20334
-0.12972 -0.11900 0.08474 0.08067 -0.21681 -0.03365 0.07724 0.12434 0.19789 -0.11989 0.14153 0.00912 -0.07821 -0.00546 -0.14176 0.07019 0.07363 0.03404 0.11186 -0.12832 -0.10011 0.12638 0.04884 -0.10916 -0.12994 0.06064 -0.05869 0.16361 -0.01058 0.22223 0.17958 0.10104 0.12089 0.01316 -0.03971 -0.09347 -0.13347 0.10284 -0.24254 0.06919
-0.25406 0.09159 0.08619 -0.05194 0.00158 -0.26309 0.11381 -0.15218 0.00977 0.10596 0.19797 -0.04799 -0.16865 -0.22282 0.07832 -0.15954 0.26174 0.08768 0.08299 -0.06256 0.07540 0.24640 -0.13620 -0.26270 -0.30754 0.16565 -0.04931 0.00259 -0.08850 0.25814 0.07533 0.25411 0.29936 0.14040 -0.00190 -0.09461 -0.15277 0.04422 -0.02048 0.15737
-0.26619 0.13666 0.10885 -0.09506 0.17364 -0.03075 -0.16488 -0.07330 0.09398 -0.08179 0.13149 0.10066 0.03081 0.05135 -0.07358 0.02048 -0.01221 -0.07225 0.03064 -0.19596 0.03749 -0.00720 0.04541 -0.18618 -0.13212 0.10326 0.06813 -0.03837 -0.16150 0.16217 -0.00721 0.16368 0.08856 0.19549 0.03148 0.08552 -0.12704 -0.05697 -0.10686 0.10083
-0.11022 -0.08092 0.11366 -0.03265 0.06030 -0.18715 -0.14614 -0.06664 0.11084 0.15613 0.24629 -0.22184 -0.04216 0.00011 0.00403 -0.25021 0.20011 -0.08166 -0.00185 -0.10755 0.09471 0.07794 -0.18268 -0.20398 0.12906 0.15870 -0.01558 0.10257 0.12676 0.04470 -0.06229 0.15209 0.06330 0.05106 -0.13525 -0.18880 0.12764 -0.00413 -0.02057 -0.11760
-0.24046 -0.13284 0.16357 0.16915 0.18085 -0.10871 -0.10153 -0.05079 -0.02859 -0.00858 0.28679 -0.11547 -0.08356 -0.11202 -0.01495 -0.14556 0.25167 -0.03534 -0.11444 0.05479 0.14622 -0.06401 -0.08285 -0.19466 -0.12628 0.17776 0.04735 0.07810 0.10019 0.05608 0.02216 0.09858 -0.10668 0.12957 -0.08855 -0.02772 -0.11206 0.04339 -0.10674 -0.01902
-0.19163 0.08062 -0.12164 0.00533 0.05639 -0.32480 -0.04465 0.03076 -0.05120 0.19787 0.00203 0.13022 -0.02459 0.05809 0.10568 -0.24289 0.31974 0.03328 0.01237 -0.08309 0.03017 0.20329 -0.16007 -0.24688 -0.23123 -0.01667 0.12655 -0.06000 0.04615 -0.09163 -0.07964 0.22547 0.14254 0.12433 -0.26332 -0.07766 0.01394 0.05599 0.03872 0.16457
-0.04959 -0.03957 -0.08785 0.03376 -0.08788 -0.11306 -0.04206 -0.02751 0.06218 -0.04533 0.14212 -0.18549 0.06997 0.04424 -0.08246 -0.09243 0.32925 -0.10494 0.07072 0.25289 -0.01372 -0.11316 -0.07949 -0.05492 0.04219 -0.09772 0.02893 0.01852 0.14226 -0.16601 -0.12577 0.01143 0.06241 0.11996 -0.22598 0.02557 0.15212 0.00626 0.06173 0.07378
0.20677 -0.22932 -0.17541 -0.21994 -0.00913 0.06519 -0.00959 0.11739 0.20127 -0.00703 0.04447 0.06606 -0.01082 0.12522 -0.06009 0.13633 -0.17834 -0.18255 0.16576 -0.00676 0.01103 -0.21661 -0.07145 0.11611 0.24705 0.05649 -0.05606 0.05978 -0.14212 0.03917 -0.13844 -0.04480 -0.03545 -0.01079 0.20899 -0.04831 0.15021 -0.03598 0.00731 -0.01525
0.18288 -0.21464 -0.09199 -0.02579 0.12970 -0.12998 -0.07340 -0.05265 -0.22970 -0.17805 -0.03072 -0.06933 -0.04837 0.02948 0.04963 -0.05715 0.09273 0.00780 -0.18949 0.22316 0.25328 -0.27876 -0.16135 -0.01570 0.28934 0.08521 -0.21672 -0.23416 0.01064 -0.13465 -0.24890 -0.21859 0.12836 -0.14659 0.12336 0.34154 0.08110 0.07675 -0.17277 -0.19777
-0.06206 -0.26776 -0.22873 -0.17243 -0.25532 0.04995 0.01213 0.05629 0.18108 0.10610 0.05554 0.05723 0.18260 0.05739 0.01737 0.06674 -0.06623 0.29255 -0.12420 0.12486 0.23082 -0.11867 0.30667 -0.03110 0.30308 -0.01603 0.23094 -0.08764 -0.04518 -0.10567 -0.11949 0.05515 -0.14014 -0.03098 0.09219 0.11003 0.32514 0.00087 -0.08570 -0.06334
0.19103 -0.30889 0.40835 -0.41875 0.10907 -0.35256 0.32060 0.38405 0.09476 -0.28122 -0.04307 -0.22822 -0.00008 -0.05690 0.32005 -0.18881 -0.41840 0.31803 0.18435 -0.06827 0.02683 -0.39495 0.06780 0.36500 0.25280 0.05796 -0.27714 -0.21183 -0.30142 0.37121 0.37606 0.13587 -0.19576 0.10195 -0.01313 0.19340 -0.26569 0.00800 -0.04764 -0.43930
-0.12484 0.04466 -0.13738 0.04180 -0.05183 0.19174 -0.08094 -0.27873 -0.00586 -0.14797 0.17787 0.04979 -0.09370 0.08891 -0.22081 0.06458 0.07823 0.19302 -0.18799 -0.26844 0.19431 0.37800 0.04568 0.02585 0.27239 -0.10569 0.34147 0.14517 0.18205 -0.23360 -0.19735 0.10097 0.06826 0.15326 -0.22100 -0.23100 0.19254 -0.28001 0.12901 0.33630
-0.20202 -0.08799 -0.28804 0.12972 0.05558 0.30177 0.12055 0.22600 -0.24170 -0.34421 0.05188 0.18661 0.03483 -0.13057 0.25430 0.15280 0.25316 0.10467 0.37430 -0.10992 0.03923 -0.25028 0.20971 0.15811 0.17055 -0.08395 0.09259 -0.24069 -0.12283 0.17645 -0.24767 -0.08695 0.26601 0.02297 0.29449 0.30707 0.26529 0.05213 0.00602 -0.04041
-0.04554 0.08958 -0.08710 -0.21191 -0.09437 -0.10189 0.11748 0.03143 -0.22903 -0.10970 -0.13305 0.01807 0.10296 0.21907 0.12062 -0.11995 -0.24710 -0.13925 -0.20546 0.25407 0.15566 -0.22468 -0.01258 0.19686 0.26952 0.01549 0.01198 -0.03707 0.08818 -0.09983 -0.08625 0.04087 -0.02953 0.03444 0.14150 -0.00154 0.07479 0.11502 -0.02042 0.00962
0.18566 -0.17208 -0.00469 0.03688 0.05466 -0.02553 0.34152 0.05310 -0.21173 -0.06396 -0.26884 0.09814 -0.18059 0.02266 0.11634 -0.10945 0.21631 0.18079 0.22377 -0.06536 0.16076 0.06106 -0.17906 -0.18257 0.19675 -0.16320 0.18842 -0.16563 -0.35649 0.12725 -0.19375 0.24275 -0.18129 0.12357 -0.14704 0.07910 0.37488 0.17667 -0.00214 0.15223
0.07307 0.19549 0.21185 0.21550 0.04010 0.18264 0.13730 0.06323 -0.36387 -0.06181 -0.32025 0.11310 -0.25882 0.23957 -0.05229 -0.20490 0.11804 -0.08822 -0.12588 0.08448 0.01543 0.04325 0.29934 -0.19550 0.06482 0.24080 -0.06772 0.00567 -0.31677 -0.14443 -0.00823 -0.28238 0.00140 0.02725 0.12104 0.03278 0.27012 0.01864 0.05365 0.01844
-0.09853 -0.05356 0.23362 -0.06834 -0.00612 -0.16455 -0.14637 0.16226 -0.12703 0.16913 0.25639 0.04811 -0.14202 -0.22588 0.03948 -0.03409 0.16317 -0.00840 0.05066 -0.07899 0.11524 0.15706 -0.13474 -0.04646 -0.25082 -0.03702 0.06609 0.06755 -0.11652 0.05706 0.02236 0.14410 0.00992 0.26426 0.01561 -0.14172 0.10260 0.11135 -0.01852 0.11045
0.08347 0.12196 -0.09199 -0.05413 0.07011 0.06736 0.02306 0.08358 -0.04134 0.21396 -0.08021 -0.01340 0.00311 0.16036 0.11475 -0.18571 -0.11200 0.12396 0.01512 0.07859 0.02197 -0.26504 0.05927 0.16387 0.08519 0.15081 -0.11847 -0.16892 0.01432 -0.03542 0.02074 0.03907 0.01033 0.01240 0.17156 0.01844 0.27152 -0.01795 -0.15132 0.03443
0.01123 -0.02844 -0.03629 0.11797 0.05873 -0.25541 -0.21074 -0.05663 0.01395 -0.20811 0.17125 0.01515 0.05432 -0.00754 -0.06241 0.12075 0.22363 0.12774 0.31820 -0.17023 0.05189 0.03725 0.21205 -0.03260 -0.21067 0.23836 -0.08666 0.06162 -0.10450 0.07733 0.06889 0.03636 0.12094 -0.11954 -0.07387 0.10429 0.06342 0.11559 0.06547 0.34916
0.01109 0.16271 -0.02943 0.09086 0.13140 -0.26701 -0.33731 0.08462 -0.09679 -0.06380 0.27289 -0.11511 0.11153 0.06248 -0.11957 -0.20608 0.26522 0.00035 -0.00685 -0.12175 -0.15494 -0.10227 -0.12948 -0.13432 -0.03013 0.26504 0.27166 -0.09208 -0.10153 -0.19071 -0.10303 -0.01585 0.07896 0.23672 0.18874 -0.04677 -0.31448 -0.04415 -0.12693 0.39194
0.03887 0.14045 0.03209 0.11781 -0.07931 -0.11210 0.07522 -0.12546 0.19993 0.00317 0.32358 -0.25641 -0.10382 -0.20802 0.06326 0.12252 -0.04779 -0.33412 0.20351 -0.32404 -0.00338 -0.11530 0.17367 -0.22899 -0.15881 0.06962 -0.18157 -0.22009 0.08023 0.24490 0.15348 0.17637 0.05391 0.06021 -0.21548 -0.25507 0.09750 -0.12226 0.04052 0.18290
-0.28147 0.15029 0.27488 0.19962 0.12787 0.15313 0.04629 -0.17801 0.05201 0.02625 0.29614 -0.02999 -0.00221 0.09085 -0.14805 0.02060 0.06834 0.04738 -0.13462 0.04701 0.20274 -0.12531 0.02036 -0.11734 -0.28103 0.04280 0.10824 0.21581 0.12971 0.12703 0.01346 0.07095 0.11614 -0.08856 0.07590 -0.08489 0.08279 0.09745 -0.26361 0.02805
-0.41545 0.13438 -0.08885 0.36333 -0.09557 -0.25334 -0.08605 -0.10345 -0.08568 -0.05318 0.04864 -0.09247 0.16014 0.16671 -0.06895 -0.11263 0.07627 -0.04719 0.05495 -0.08338 0.06614 -0.03027 0.09465 -0.09858 -0.14806 -0.10548 0.13334 0.02676 0.06601 0.20760 0.17880 0.22167 0.02645 -0.10331 -0.12437 -0.00763 -0.29659 -0.00387 -0.11677 -0.19029
0.33772 -0.12595 0.01942 -0.03250 0.29233 0.19839 -0.15055 0.12183 -0.28187 0.27191 -0.36845 -0.33785 -0.29881 -0.07481 -0.03638 -0.27467 -0.13764 -0.26208 -0.06628 0.16307 0.03986 0.11377 0.12659 0.02355 -0.11680 0.25423 -0.15002 -0.25098 -0.03957 -0.27528 0.23840 -0.22964 0.12836 -0.05287 -0.05864 -0.04218 0.06003 0.00094 -0.11599 0.08096
-0.24083 0.25341 0.20932 -0.24703 -0.35738 0.34386 -0.37722 0.09415 -0.25692 -0.22447 -0.18935 0.25319 -0.29198 -0.02198 0.20578 0.06491 0.15851 0.11079 -0.01377 -0.35568 -0.09077 -0.21184 0.23541 -0.16297 -0.27782 0.04342 0.24847 0.22515 0.26549 -0.22947 0.20862 -0.13379 0.30431 0.12376 -0.22187 0.32245 -0.30710 0.21177 0.00089 0.18827
0.22087 -0.09266 -0.11260 0.01143 0.03937 0.23546 -0.18926 -0.07267 -0.08067 0.09813 -0.24777 -0.07591 -0.14187 0.05580 -0.24064 -0.30791 -0.09672 0.00451 0.04050 -0.19171 0.15385 -0.10211 0.03666 -0.02847 -0.10851 -0.09729 0.07580 0.11966 -0.05525 0.10335 -0.24246 -0.03548 -0.29689 -0.00714 -0.25724 -0.01648 -0.15644 -0.13573 0.22648 0.01113
0.17456 -0.11543 -0.10893 0.01326 0.01801 0.20578 -0.17050 -0.08527 -0.14320 -0.10039 -0.24263 -0.00839 0.09004 0.02484 -0.26220 -0.35278 -0.04913 -0.02251 0.11123 -0.23371 0.21317 -0.15127 0.06922 -0.00029 0.09558 0.02013 0.17745 0.06382 0.02303 0.16996 -0.29169 -0.03549 -0.31517 0.04327 -0.13111 -0.11707 -0.07259 -0.10796 0.21494 0.00291
