-0.41388 0.26916 0.13452 0.32783 0.22869 0.20306 0.06006 0.06869 -0.21348 0.18242 -0.39295 -0.02874 0.19603 -0.09906 0.05262 -0.10954 0.38469 -0.00525 0.25690 0.13223 -0.42128 0.20780 0.13678 0.13076 -0.21154 0.35678 0.45000 0.27624 -0.02050 0.36743 0.25932 -0.44834 -0.28978 -0.01089 -0.39132 -0.34703 -0.32918 -0.08589 0.30372 -0.33993
0.09981 0.05324 -0.15817 0.06706 -0.17969 -0.10973 0.27709 0.07609 -0.09416 -0.01152 -0.03344 0.20292 0.09187 0.08875 -0.09987 0.22422 -0.05471 -0.16555 0.18216 -0.15308 0.40600 -0.02462 0.32526 -0.09948 0.20200 0.04100 0.10154 -0.12105 -0.03412 0.10707 -0.20145 -0.18810 0.14665 -0.14852 0.14449 -0.17666 -0.04808 0.05768 0.06563 -0.06394
0.00393 0.19084 -0.11507 -0.16002 -0.16679 0.18252 0.06475 0.04663 0.19411 0.02776 -0.25686 0.13977 0.22371 -0.21679 -0.21937 -0.17975 -0.08794 -0.34064 -0.11177 -0.08229 0.17017 0.03882 0.30326 -0.14892 0.05725 0.09634 0.16759 -0.20877 -0.00075 0.06593 0.12660 0.09146 0.03181 0.08343 0.19542 0.00261 -0.11204 0.20803 -0.01232 -0.02033
0.29000 0.19330 -0.02828 0.00997 -0.22066 -0.15084 0.00391 -0.09258 0.07422 -0.03734 -0.04251 -0.05253 0.24369 0.00973 0.13558 -0.09066 0.13111 0.13703 -0.19171 0.02507 0.18233 -0.07016 -0.13613 0.07238 0.18292 -0.00620 0.11697 -0.12819 0.04782 -0.00918 0.00770 0.08267 0.10981 -0.11857 0.09613 -0.18009 -0.34341 0.37231 0.06081 -0.18964
0.35412 0.10710 0.17377 0.12580 -0.29262 0.07571 -0.07663 -0.01572 -0.08816 0.14707 -0.33111 0.19058 0.26208 -0.21679 0.03561 0.07898 -0.01008 -0.02282 0.10565 -0.21126 0.39459 -0.00156 0.00509 -0.15446 0.01990 -0.08512 0.23330 0.00469 0.07111 0.10053 0.17490 0.13740 0.20288 0.01653 -0.04068 -0.00105 -0.11356 0.06602 0.07503 -0.07253
0.14656 0.14591 0.21937 -0.16331 -0.15289 0.00627 -0.05950 0.41741 -0.03467 0.02299 -0.06623 -0.05824 -0.19401 -0.18954 -0.06503 -0.32301 -0.28755 -0.20035 0.02298 -0.09513 0.04651 0.23261 -0.23277 -0.10255 -0.06168 -0.26264 0.18366 -0.19834 -0.20576 0.16161 -0.12365 -0.21920 0.01269 0.02420 -0.02467 -0.13236 0.01777 -0.08505 -0.06285 0.31790
0.34650 0.25969 0.33034 -0.14018 -0.02659 0.11600 0.05306 0.36808 -0.11073 0.11124 -0.16204 0.18507 0.01101 -0.20463 0.14237 -0.28262 -0.33297 -0.02224 0.00114 0.20566 0.15301 0.04343 -0.25448 -0.03324 -0.21915 -0.19988 0.17925 -0.02404 0.12423 0.16130 -0.15614 -0.32822 -0.00374 0.08698 0.01641 -0.08971 0.11444 -0.21420 -0.14142 0.40787
0.16168 0.30562 0.12003 0.08848 -0.09212 0.23570 0.03866 0.04868 -0.06230 -0.11192 -0.17217 0.09712 -0.01526 0.01434 -0.14747 0.20274 0.03228 0.11629 0.17543 -0.25878 0.28692 0.03772 0.00854 -0.23041 -0.06962 -0.00145 -0.06870 -0.16404 -0.03521 0.28366 0.03196 -0.06605 0.00441 -0.11689 0.03320 -0.19281 -0.05663 -0.09778 0.06569 0.31065
0.02221 -0.29342 0.12248 0.26475 0.06224 0.06290 0.02262 -0.30142 -0.15083 -0.04342 0.11771 -0.25400 0.02250 -0.23198 0.08010 -0.16619 -0.12191 0.03470 -0.13561 -0.09831 -0.12146 0.06658 -0.35865 -0.04027 0.15305 0.13011 -0.21505 0.25416 -0.07821 -0.16658 0.29160 0.10105 -0.11847 0.28472 0.10163 0.26438 -0.25701 -0.29846 0.15685 0.18989
0.18815 0.03917 -0.22028 -0.08380 -0.17437 0.16021 -0.15064 0.09673 -0.15449 -0.07207 -0.06488 0.02435 -0.02091 -0.02654 0.04394 0.03435 0.09621 -0.17959 -0.02642 -0.14700 0.28496 -0.00903 -0.02571 -0.05304 0.07514 -0.18636 0.05866 -0.11377 -0.11639 0.22989 0.24755 0.09479 0.27108 -0.06890 0.12269 -0.06469 -0.09122 0.05855 -0.07713 0.09614
-0.29970 -0.26865 -0.01052 -0.02902 0.33689 -0.23946 -0.21504 0.09869 0.00566 0.11003 0.13055 0.12304 -0.10597 0.13458 0.03949 -0.20183 -0.04150 -0.23130 0.11246 -0.10557 -0.12032 0.05148 0.11547 0.10293 -0.12455 0.02132 0.00329 0.17546 0.13776 -0.05840 0.11607 -0.16374 0.14114 0.14489 0.02875 -0.05595 0.04870 -0.13630 0.15788 -0.14990
-0.21521 0.00565 -0.04119 -0.03944 0.14225 -0.05541 0.11992 0.06484 -0.24400 0.20245 0.16043 -0.02865 -0.18287 0.19867 0.15959 -0.15252 -0.23321 -0.04051 0.30648 0.10165 -0.38034 0.17386 -0.03773 0.01462 -0.08477 -0.01996 -0.01444 0.14979 -0.10669 -0.19037 -0.10275 0.12162 -0.05325 0.20406 -0.08283 0.11849 -0.24104 -0.12240 0.04137 -0.01734
-0.00122 -0.11716 -0.12181 -0.14661 0.26422 -0.17398 0.08001 0.03337 -0.20190 0.06102 0.10903 0.08327 -0.15611 -0.11684 -0.15732 0.01008 -0.26714 -0.03823 0.24635 -0.21596 -0.02386 -0.05698 0.05202 0.02916 -0.11640 0.07818 0.00083 0.14076 -0.29302 -0.05507 0.10393 0.07617 -0.07141 0.04928 -0.14707 -0.11520 0.00064 0.04417 0.17361 -0.00462
-0.10087 -0.04025 -0.10112 -0.05830 -0.07317 -0.24293 0.29530 -0.11327 0.13647 0.05632 -0.00293 -0.06022 0.17486 0.12651 -0.12819 0.10922 0.01581 0.17914 -0.20605 -0.05922 -0.13226 0.15640 0.19346 0.31381 -0.17908 0.07367 0.23723 -0.47476 -0.25870 -0.05110 -0.06542 0.13823 0.20360 -0.28496 0.13779 0.06758 -0.03498 0.21333 0.16591 0.29200
-0.00277 0.14701 -0.13089 0.02168 -0.16664 0.27023 0.15223 -0.05769 0.11312 -0.26744 -0.19207 -0.11976 0.07341 -0.13677 0.16360 0.17905 -0.07867 -0.24498 -0.01673 -0.09212 0.23056 -0.19268 0.00490 -0.09542 0.05202 0.12596 0.07531 -0.16759 -0.07358 0.06020 -0.01496 -0.09404 0.14471 -0.07481 0.11016 -0.02108 -0.06527 0.07632 -0.10349 0.08648
-0.15205 0.00137 0.27929 -0.22255 0.15669 0.11591 -0.20961 0.22013 0.09946 0.26303 -0.03566 -0.01425 0.05423 0.18213 -0.01152 -0.26718 -0.04217 0.23592 -0.18215 0.05276 0.14196 0.09698 -0.08985 -0.11982 0.10209 -0.06336 -0.07831 -0.19020 0.26042 -0.18547 -0.00614 0.09459 0.05524 -0.22662 0.11852 0.04882 0.01918 0.25671 -0.12746 -0.29094
0.02334 -0.00273 0.14994 0.29297 -0.05008 -0.27457 0.05308 0.01674 0.05398 0.13906 -0.16196 0.02211 -0.05355 0.23258 0.12166 -0.02966 0.13863 -0.01990 -0.02266 -0.29423 -0.25412 -0.21595 -0.11555 -0.08394 -0.02751 0.25435 -0.12510 0.10781 -0.14907 -0.08986 -0.10552 -0.09952 0.02217 0.07390 -0.15869 0.09179 0.15753 0.10403 0.30655 -0.03278
-0.06968 0.05884 -0.11243 -0.22593 0.01961 0.04359 0.13176 -0.26873 0.17986 0.02855 -0.05000 0.14091 0.19117 0.12340 0.16735 -0.30083 0.27110 0.15143 0.28657 -0.21603 0.12902 0.14712 0.02328 0.35008 0.09945 0.19517 -0.24317 0.02676 -0.18252 0.02426 0.04335 -0.13054 -0.05732 0.24403 -0.20433 0.19435 -0.08666 0.15954 -0.25927 -0.21324
-0.00110 -0.16809 -0.17396 0.15167 -0.09908 0.02450 0.16385 -0.08342 -0.10764 -0.08116 -0.04607 -0.15676 0.04300 0.03439 -0.22287 -0.08148 0.25993 0.03705 -0.21674 0.18278 0.08246 -0.05477 -0.01526 -0.17823 -0.11202 -0.00358 0.18820 0.18350 -0.12795 -0.18404 0.10569 -0.05177 -0.27244 -0.14879 0.17111 0.14687 -0.18586 0.13048 -0.10252 0.17332
-0.27929 -0.28708 -0.06152 -0.04507 0.21678 -0.23416 -0.19475 0.04525 -0.33961 -0.13930 -0.13046 0.07335 0.03627 0.14022 -0.21335 -0.28454 0.01097 0.11482 0.10685 0.21752 -0.16421 -0.11933 0.20618 0.35403 -0.21429 0.21621 0.17311 -0.15430 -0.09505 -0.31242 0.14041 0.03626 0.13492 -0.02804 0.19913 -0.06931 0.20128 0.26881 0.03434 -0.02821
0.05586 0.04099 -0.11837 -0.19996 0.10334 -0.06988 -0.22965 0.10708 -0.13029 0.06919 -0.02142 -0.23392 -0.23193 -0.17683 0.07833 0.10842 0.00752 -0.17746 -0.03844 -0.23772 0.16103 -0.04903 -0.20602 -0.13558 0.20392 0.08977 0.08893 0.00140 -0.00258 0.01087 -0.03859 -0.16582 -0.13398 -0.13297 -0.10865 0.22195 0.33542 -0.25780 -0.04251 -0.12696
-0.01022 -0.13716 -0.10271 -0.13226 0.23631 0.01825 0.13892 0.25044 0.22801 0.18847 0.20767 0.34039 0.09940 -0.19723 -0.04952 -0.13821 0.06958 0.07118 0.36975 -0.23414 0.03748 -0.11487 0.33384 0.03123 -0.12191 -0.21858 -0.23669 0.18013 0.14061 0.01606 0.16396 -0.10840 0.13906 0.24955 -0.16278 0.08306 -0.20046 0.12319 0.11520 0.26794
-0.09599 -0.00965 -0.30861 0.10835 0.04100 0.15937 -0.10753 0.02615 -0.17928 -0.00068 -0.12683 0.19281 0.11989 0.10116 0.05447 0.15565 0.07451 0.07241 -0.04191 -0.22911 -0.18434 -0.14971 0.06360 0.20084 -0.23113 -0.04710 -0.06439 0.13787 0.04334 -0.29236 0.10530 0.23137 -0.14787 -0.07397 -0.00394 0.18188 0.01678 0.20591 -0.19153 0.21546
-0.19593 -0.06370 -0.19081 0.25009 0.29749 0.01790 -0.04724 0.03336 -0.12079 -0.02190 0.19060 -0.19229 0.08546 -0.01273 -0.03577 -0.09172 0.01996 0.19230 0.09380 0.09583 -0.01497 -0.10642 0.13328 0.19466 -0.28337 0.06412 -0.15215 0.19032 -0.17462 -0.19609 -0.06922 0.14061 0.08864 0.04815 0.01085 -0.03174 0.10250 -0.00664 0.21679 -0.17059
-0.25992 -0.21248 -0.08236 -0.29683 -0.01626 0.18343 -0.18502 0.26280 -0.35320 0.32035 0.34809 0.19050 -0.32554 0.27018 -0.00731 0.25327 0.22904 -0.01773 -0.06229 -0.29888 0.12908 -0.13407 -0.21882 0.25530 -0.31868 0.09899 -0.10403 0.31283 0.17044 -0.37116 -0.05679 -0.10132 0.24820 -0.04478 -0.25736 -0.30063 -0.10524 -0.32317 0.17936 -0.22400
0.09827 -0.19960 -0.00447 0.16679 0.09295 -0.26999 -0.20275 -0.22124 -0.24902 0.18230 0.28814 -0.05774 -0.03800 -0.00522 0.06619 0.02835 0.03711 0.13714 0.27329 0.26096 -0.24586 0.00719 -0.15147 0.02316 0.17620 -0.10412 0.09424 0.01748 -0.32103 -0.30603 -0.11659 0.27477 0.17097 -0.21983 -0.22319 -0.03404 -0.26561 0.32544 0.05229 -0.20044
-0.20491 -0.35468 0.09055 -0.19126 0.25529 -0.05288 0.15067 -0.14104 0.06580 -0.03750 0.24291 0.22592 -0.00344 0.15361 0.06585 0.06098 -0.13022 0.18339 0.14516 0.11358 0.08827 -0.19143 0.04133 -0.05569 0.09816 0.27140 0.15189 0.02584 0.16293 -0.05829 0.10306 -0.11647 -0.24351 0.18217 -0.12664 -0.34362 -0.02609 0.18550 0.14742 0.20366
-0.09011 -0.19323 0.30403 0.21332 0.22852 0.18265 -0.34032 0.31885 0.11373 0.20013 -0.15402 0.19295 0.11371 0.07437 -0.28854 0.06133 0.10320 0.29078 -0.05365 0.03719 -0.02947 -0.06208 -0.04232 0.06385 -0.19437 -0.28944 0.14998 -0.10667 0.20970 -0.29018 -0.11204 -0.22122 0.15883 -0.13488 0.05373 0.24787 -0.16319 -0.07406 -0.00025 0.23216
-0.01800 0.17504 -0.05109 0.19668 0.13965 0.06759 0.15441 -0.01310 0.05631 -0.11377 -0.14261 0.13185 -0.07862 -0.08481 0.02280 0.05085 0.21265 -0.16637 0.05738 -0.25300 0.35613 -0.02793 -0.07430 -0.08128 0.21953 -0.27396 0.16566 -0.15460 0.10515 0.25738 -0.02785 -0.07077 0.24670 -0.06500 0.15968 -0.06805 0.05476 0.11672 -0.04164 0.00768
0.24647 0.17694 0.19454 0.08851 -0.19603 0.32464 0.19210 0.03210 0.22106 0.15405 -0.15839 -0.25058 0.37974 -0.08285 0.12965 0.01899 -0.00917 0.34298 -0.15064 0.04798 -0.09873 -0.19339 -0.10845 0.00042 -0.21963 -0.03309 0.11365 0.18203 0.00506 0.21335 -0.04281 -0.02000 -0.03830 -0.05004 -0.04762 0.03333 0.23188 0.02679 -0.28668 -0.02604
0.26646 0.24297 -0.05489 0.07152 -0.26418 0.05065 0.16644 -0.02748 0.17515 0.00294 -0.32490 -0.16158 0.26303 0.23348 -0.08512 0.03600 -0.06095 0.17165 -0.09438 0.00051 0.02254 -0.05045 0.23291 -0.21178 0.16608 0.03734 0.26231 -0.05881 -0.11664 -0.10124 -0.12013 -0.04827 0.10538 0.16407 0.06848 0.13727 -0.00771 0.22408 0.15647 -0.24606
0.18855 -0.17226 -0.20439 -0.21596 -0.13207 0.14828 -0.10814 -0.18492 -0.02440 -0.20860 -0.14498 -0.34719 -0.20403 0.14583 -0.15724 0.17628 -0.47882 0.10329 -0.35037 -0.08060 -0.16029 -0.17875 -0.20698 -0.28776 -0.17816 -0.18302 -0.25422 0.26998 -0.05168 0.31925 -0.08819 0.14971 0.20739 0.19186 0.16042 -0.13369 -0.08355 -0.08278 0.11983 0.16088
-0.28855 0.07163 -0.05740 -0.07611 0.22943 -0.11277 -0.33231 -0.10490 0.11868 -0.16711 0.12268 -0.04650 0.24777 -0.14348 0.24957 0.25668 -0.28811 -0.22418 0.14421 -0.03678 0.10889 0.09551 0.09515 0.09352 0.31705 -0.30759 -0.33076 0.03604 0.18372 -0.30495 -0.20716 -0.03663 0.00959 0.17574 -0.18057 -0.02493 0.30172 0.19627 0.02221 -0.17265
0.22068 0.03727 -0.19945 -0.19700 -0.32145 0.23277 -0.17779 0.36877 0.24309 -0.12530 0.20985 -0.05881 0.06381 -0.09149 0.21558 -0.17970 0.27670 -0.39702 -0.19683 -0.15465 -0.09777 -0.27509 0.09365 -0.25254 0.07758 -0.32521 -0.18724 0.21800 -0.05858 -0.17878 0.11848 0.17661 -0.32496 0.12691 -0.22573 -0.14191 -0.25399 0.04112 0.15609 -0.24394
0.05192 0.18229 -0.25161 0.10585 -0.15765 0.14288 0.10473 0.05915 0.21372 -0.20888 -0.26742 0.14749 0.22358 -0.01486 -0.20648 0.08889 -0.05189 0.09866 0.13384 -0.02562 0.05349 -0.08459 -0.05832 0.06704 0.11082 0.16518 -0.19057 -0.08260 0.23944 -0.19084 -0.11364 0.02878 0.20987 -0.03669 0.04561 -0.13659 -0.31752 -0.08255 0.12609 -0.16040
0.21352 0.13227 -0.30438 0.03860 -0.16855 -0.21159 0.35156 -0.14603 0.29059 0.07071 -0.32189 -0.30916 0.04399 -0.39478 0.19094 -0.43122 0.19556 -0.22211 0.26616 0.34050 0.18246 -0.32497 0.33090 0.15606 0.08379 0.32434 0.13925 0.22163 0.15883 -0.21116 -0.03236 -0.21914 0.02179 -0.11777 -0.24749 0.16417 -0.11792 0.11625 0.25144 -0.06628
-0.13548 -0.12977 0.06087 0.00854 0.08087 -0.01905 -0.07354 -0.01051 -0.13559 -0.16147 -0.21875 0.06318 -0.27923 0.16859 0.17158 -0.11428 -0.03190 -0.19588 -0.02266 0.00512 0.08262 -0.29830 -0.18368 0.08012 -0.00958 0.15925 -0.03898 -0.00281 -0.14273 0.20003 -0.07696 -0.20938 -0.23343 0.10827 0.04055 -0.01489 0.11471 0.15612 -0.00323 -0.15377
-0.33058 0.05262 -0.00652 -0.31866 0.11615 0.07171 -0.31186 0.26221 -0.17958 0.31012 0.32195 0.35529 -0.10343 0.01946 -0.40391 -0.09769 -0.17553 -0.14545 0.37006 -0.31548 -0.36404 -0.33234 -0.24478 -0.12245 -0.29667 0.01730 -0.34579 0.31480 -0.37744 -0.13403 -0.00261 -0.04545 -0.19668 -0.13417 0.20966 0.27797 -0.18562 0.13606 -0.22471 0.00822
-0.28651 -0.21517 -0.20177 0.01768 0.04140 -0.06400 -0.25868 -0.16594 -0.31264 0.24554 -0.10025 -0.18985 -0.10835 -0.15355 0.10830 0.18634 -0.15449 -0.02556 -0.00821 0.26741 -0.07112 -0.17932 -0.01073 0.13755 -0.05542 0.09216 -0.31811 -0.29964 0.11177 -0.09459 0.16862 -0.08458 -0.05845 0.00038 -0.08069 -0.01835 0.22489 0.16827 -0.20040 -0.28124
-0.20281 -0.34338 -0.11067 -0.04726 0.19616 -0.18864 -0.26784 -0.09307 0.22744 -0.20937 0.14861 -0.26358 0.02971 0.00233 0.21725 0.10660 0.06962 -0.00743 -0.30177 0.03061 0.07935 0.14981 -0.22232 0.17425 -0.11117 0.08350 -0.25859 0.23643 -0.24704 -0.18215 0.15859 0.08386 0.21652 -0.20277 -0.15135 0.06833 -0.03273 0.21468 0.29274 -0.00502
0.00695 0.09318 -0.00043 -0.11930 0.12783 0.02356 0.01051 0.11073 -0.15532 -0.08982 0.16225 0.10260 -0.01143 -0.03470 0.13404 -0.23140 0.01541 -0.18907 -0.16803 -0.02948 -0.25298 -0.20030 -0.32541 0.10414 0.06727 0.08568 0.01255 0.20062 -0.11718 -0.00010 0.27640 0.15218 0.06103 0.06493 -0.11217 0.07597 -0.02076 -0.03863 0.17675 -0.18004
-0.25265 0.14006 -0.11242 0.29357 0.01734 0.18971 -0.04002 -0.00932 -0.29060 0.19323 0.09008 0.17068 0.18392 0.07837 -0.15998 -0.11344 0.19583 -0.06726 0.00908 -0.15921 -0.12911 0.27730 0.22586 0.00129 -0.15900 0.18656 0.04196 0.12366 -0.08477 -0.36620 0.19039 -0.13229 0.01469 0.07394 0.20288 -0.12083 -0.17383 -0.02085 0.05106 -0.26312
-0.13728 -0.21405 -0.18588 -0.19324 0.20827 -0.03087 -0.27910 -0.15510 0.32208 -0.04529 -0.19342 -0.08212 -0.27821 -0.15099 0.24180 -0.23515 -0.01742 0.12649 0.11534 -0.04231 -0.00214 -0.08145 -0.01055 0.18542 0.03339 -0.07768 0.12060 -0.05197 0.01014 0.08143 -0.02216 -0.11299 -0.24202 0.08226 0.14185 0.03417 0.02310 0.09442 -0.12303 -0.30452
-0.25643 -0.20379 -0.24520 -0.11306 0.39337 -0.16840 0.05604 0.16432 0.08734 -0.03133 0.08203 -0.07757 -0.08099 -0.00468 0.27641 0.04255 -0.34949 -0.26648 0.11465 -0.17104 0.04315 0.01976 -0.00586 0.11614 -0.39159 -0.04683 0.20677 0.26891 0.27400 -0.13861 -0.17515 -0.16411 -0.12187 0.20237 0.23396 0.03157 -0.24985 -0.06083 0.16868 0.17436
-0.14140 -0.05295 -0.22964 -0.16912 0.40431 -0.06462 0.18662 0.00335 -0.32041 -0.07152 -0.04265 -0.17485 -0.20523 0.23320 0.07788 -0.23753 0.02636 0.00304 0.34314 -0.18176 -0.32789 0.02479 0.06161 0.22412 -0.21044 0.15781 -0.21667 0.02409 -0.10401 -0.01511 -0.05493 0.17131 -0.03138 0.37737 0.17796 0.04113 -0.02961 0.24155 -0.09502 0.09574
-0.03230 -0.06468 0.06092 0.14795 0.16290 0.19766 -0.10961 -0.18737 0.22113 0.12797 -0.20811 -0.04987 0.37535 -0.28900 -0.31077 -0.17861 -0.13802 0.06506 0.10055 0.15396 -0.12308 -0.13075 0.10542 -0.22890 -0.00890 0.28257 0.26474 -0.27342 -0.01031 -0.22480 -0.05024 0.09554 -0.23028 -0.22942 0.10478 0.10466 -0.02748 0.11652 -0.20570 0.24879
-0.07219 0.04416 -0.06764 -0.16253 -0.01424 0.02439 0.08555 -0.34199 -0.11382 0.17844 -0.10980 0.01335 0.13753 -0.15727 -0.22887 -0.31872 0.16452 0.03720 0.10067 0.08787 -0.07293 -0.06971 -0.14266 0.25744 0.15890 0.21433 -0.10833 -0.10950 0.07447 0.00301 -0.03411 0.02098 -0.26988 -0.05741 0.10071 0.10864 -0.00373 0.02612 0.06513 -0.14947
0.12852 -0.11739 0.17987 0.06311 -0.12433 -0.10795 0.32475 -0.28159 0.05525 0.28092 -0.04930 -0.03622 -0.10395 0.07350 0.10794 -0.00006 0.19913 0.26009 0.14482 0.12109 -0.02781 -0.10460 -0.18684 0.42699 -0.07529 -0.06653 -0.11742 0.09954 0.14207 -0.24674 -0.10488 0.05905 0.15304 -0.11646 -0.13039 0.24864 0.18020 -0.13595 0.24302 0.17750
-0.25551 -0.16877 0.27127 -0.29522 0.23347 -0.08322 -0.14794 0.13122 -0.11392 0.25220 0.20761 -0.13753 0.15197 -0.08079 -0.31598 0.06489 0.08292 0.12852 0.33021 0.21977 -0.21345 0.26243 0.08363 0.17275 -0.30963 -0.11464 -0.12531 0.06556 0.13512 -0.20867 -0.11054 0.25836 -0.29887 0.03445 -0.18299 0.00791 0.26081 0.02087 0.02561 -0.21737
-0.09605 -0.18939 0.12251 -0.18919 0.02069 -0.10872 0.21150 -0.06852 -0.10920 0.27479 0.05833 0.27006 -0.17692 -0.17718 -0.03738 -0.01035 -0.13621 -0.09104 0.23909 0.06926 -0.08939 0.23897 -0.03808 0.01471 0.16354 0.04682 -0.35687 -0.05175 -0.16765 -0.06256 0.20172 -0.17304 -0.00561 0.05070 0.02989 -0.06823 -0.02226 -0.11074 -0.01286 0.16526
0.08535 -0.18728 -0.21558 0.14871 0.21370 -0.28905 -0.06735 -0.35595 -0.13091 -0.02186 0.29122 -0.13592 0.14904 0.22610 -0.11939 0.01157 -0.30338 -0.27511 0.22033 0.32368 -0.12525 0.10841 0.20157 0.29803 0.04464 0.16858 -0.38640 -0.28335 -0.07592 -0.09539 -0.06842 -0.06196 0.03421 0.14584 0.21741 0.13430 0.25117 0.07784 0.23253 -0.09135
-0.26532 0.25599 -0.16282 -0.12933 0.31468 0.11328 0.19669 0.25226 -0.21272 0.01180 -0.02209 0.07376 0.05559 0.15384 -0.18626 -0.26889 -0.43972 -0.03441 0.30125 -0.16490 -0.44062 -0.12153 -0.04237 0.09072 -0.22366 -0.27407 0.03216 -0.12282 0.13995 0.14442 -0.23816 -0.21816 -0.04260 0.00110 0.22590 0.26495 0.25293 0.19495 -0.18218 -0.27251
-0.08835 0.10504 -0.33544 0.29849 0.13190 0.02772 0.17050 0.11966 0.01277 -0.17085 -0.12739 0.03976 0.13556 0.12698 0.16422 -0.07977 -0.20076 -0.15116 0.05788 -0.13420 -0.17555 -0.02044 0.21249 0.17097 -0.35306 0.09227 -0.22698 -0.17204 0.10610 0.05681 -0.27261 -0.11801 -0.16220 0.13877 -0.04185 0.14208 -0.07807 -0.04911 -0.13531 0.07925
-0.11269 0.13885 0.18750 0.01817 0.39517 -0.10748 -0.10530 0.25889 0.22080 -0.27492 0.25480 -0.08728 0.05260 0.36043 0.21120 0.07641 0.10903 0.30675 -0.06444 -0.06990 -0.36879 0.01664 -0.06131 0.07643 0.07765 -0.01460 -0.38634 0.37585 -0.14457 0.01145 0.20273 -0.27661 -0.04919 0.02862 0.18245 -0.04224 -0.01514 -0.22149 -0.11545 -0.03716
0.04424 0.15570 -0.31583 0.02277 0.19075 -0.07044 -0.06465 -0.18912 -0.13788 0.19004 -0.04862 -0.16406 -0.02622 0.12685 0.03771 0.06248 0.03632 0.01878 0.27271 0.12866 -0.07813 0.00003 0.11231 0.03463 -0.14766 -0.19106 0.00556 -0.04555 0.07706 -0.03303 0.16355 -0.20147 -0.01882 0.32009 -0.11008 0.15659 0.11627 0.06578 -0.23749 -0.01243
0.22742 -0.12205 -0.10055 -0.08353 0.10052 -0.00627 0.18649 0.10111 0.21170 0.05238 0.23341 0.07043 0.17655 -0.20554 0.08305 0.07158 0.10226 0.10945 -0.04226 -0.01879 -0.15419 0.25554 0.18915 0.24534 0.01280 -0.11897 0.00169 0.00931 -0.08401 -0.13142 -0.05795 -0.03724 -0.05142 -0.01364 0.08540 -0.12966 0.08020 -0.11670 -0.00039 0.18134
-0.00192 -0.03260 -0.08043 0.08396 0.08080 0.01969 0.00001 0.11839 -0.05943 0.12118 -0.08369 -0.14091 -0.12372 0.16591 0.04059 -0.00625 0.01132 -0.00015 -0.09348 0.18309 -0.32327 -0.10007 0.11188 0.39889 -0.07542 -0.18095 -0.25606 -0.17834 -0.01038 -0.02045 -0.05571 -0.16459 -0.04697 0.10926 -0.17755 0.12517 -0.05566 0.10277 0.09068 0.11983
0.00411 0.21712 -0.18325 -0.13731 -0.13983 0.04368 0.02155 0.26406 0.15476 0.17408 -0.26506 -0.04154 0.01996 -0.00129 0.14715 0.09367 0.19286 -0.00459 0.05077 -0.19781 0.06855 0.05442 -0.00845 0.08869 0.02119 -0.07687 -0.10349 0.05539 0.01550 0.23841 0.18885 0.08710 -0.09273 0.05752 -0.13793 -0.02609 0.00795 0.18838 0.01043 -0.06356
0.09745 -0.09745 -0.07624 -0.17336 0.24931 0.07378 -0.21548 0.19485 0.03009 -0.03085 0.05782 -0.19136 -0.20308 -0.22154 0.15207 0.15160 -0.05018 -0.23791 -0.03435 -0.07971 0.14859 0.07286 -0.17770 -0.29250 0.34773 -0.07830 0.03402 0.10970 -0.25032 0.13198 -0.14173 -0.30372 -0.22778 -0.15488 -0.02592 0.20611 0.33132 -0.08081 -0.08373 0.05968
0.00479 -0.25298 -0.21281 -0.26906 0.28905 -0.07225 0.12813 0.11490 0.05036 -0.08911 0.14606 0.15978 0.02732 -0.04258 0.16507 -0.14848 -0.15292 0.00573 0.37337 0.24091 -0.25879 0.03996 0.14926 0.27168 0.02089 0.15726 -0.25399 -0.14473 -0.15496 0.08991 -0.11942 0.13866 -0.01853 0.04857 0.01609 -0.27092 -0.08566 0.04544 -0.19602 0.18619
0.04544 -0.23612 -0.05400 -0.18081 0.10059 -0.04591 -0.09215 -0.16667 0.26093 0.23394 0.02070 -0.29015 0.26125 0.24999 -0.19625 -0.13911 0.27220 0.38586 -0.25038 0.36714 -0.30029 -0.24023 -0.03411 0.32410 -0.13206 0.46865 0.03348 0.12115 -0.20492 0.01400 0.13912 0.11961 -0.12547 0.13772 0.08709 0.32504 -0.26830 -0.32922 -0.32642 -0.12830
0.05759 0.17847 -0.15232 -0.13304 0.15917 -0.05346 -0.05706 0.19577 -0.05343 0.02797 -0.01430 -0.29239 -0.03875 -0.26312 0.12409 0.06886 0.15007 -0.20309 -0.08244 -0.22105 0.24356 -0.07901 -0.22710 -0.28700 0.24861 0.22363 0.18706 0.10998 -0.02381 0.18316 0.10511 -0.05589 -0.05111 -0.06870 -0.08971 0.02253 0.32901 -0.21876 -0.16313 -0.08201
-0.21558 -0.04348 -0.19688 -0.13235 -0.10601 -0.13653 -0.23310 -0.38537 -0.30655 -0.29855 0.21893 0.10346 0.09349 -0.30964 0.28067 -0.01263 0.07372 0.24770 -0.15753 -0.25718 -0.26676 -0.20970 -0.19913 0.01279 0.17085 0.33451 0.06772 -0.23561 0.13775 -0.03620 -0.06163 0.18319 0.07715 -0.23085 -0.26036 -0.25204 -0.29166 0.02545 0.07632 0.07217
0.11829 0.17182 -0.12573 -0.09844 -0.01376 0.11672 0.08456 0.10094 -0.02655 0.17328 -0.03837 0.02514 0.09108 -0.10566 -0.05765 0.11765 0.11869 0.00622 -0.07164 -0.04832 0.22815 -0.20241 -0.04527 -0.17299 0.12475 0.05849 0.04320 -0.07052 0.22027 0.13565 0.15926 0.33266 0.11643 0.07190 0.16908 -0.18335 -0.22881 0.11511 0.03977 -0.05003
0.21707 0.18001 0.17640 -0.10304 -0.24426 0.26868 -0.07552 0.02123 0.09242 -0.05543 0.04945 -0.10025 0.06865 -0.21429 0.19903 0.16969 0.12195 -0.13308 -0.04617 -0.14396 0.45227 -0.06667 -0.01109 0.03421 -0.04212 0.00321 -0.09242 -0.12484 0.01944 0.19212 0.15462 -0.02836 0.02456 -0.01488 0.03272 -0.18539 -0.27694 0.17394 -0.03991 0.11348
0.07258 0.27691 -0.13006 -0.15145 -0.11269 0.19945 -0.16991 0.15733 -0.00475 -0.06913 -0.15790 0.07640 0.13819 -0.02171 0.08931 -0.04859 0.23974 -0.09313 -0.25480 -0.10989 0.12489 -0.12309 -0.07795 -0.04548 0.17135 0.14712 -0.14011 -0.14957 -0.09428 0.14269 -0.05577 0.16642 0.10431 -0.26427 -0.05118 -0.13117 -0.11298 0.14570 0.09383 -0.02039
0.21294 0.01040 -0.07514 0.06740 -0.24900 -0.04092 0.21903 -0.09091 -0.14222 0.05828 -0.15884 0.05223 -0.02042 0.09390 0.14836 0.10439 0.05275 -0.12597 -0.09903 -0.06799 0.14873 0.19233 -0.13422 0.16854 0.10293 -0.21151 -0.02040 0.03530 0.14742 0.14428 -0.03669 -0.14366 0.10980 -0.28580 0.12628 -0.24624 0.01359 0.32547 0.13493 0.13518
0.09884 0.15208 -0.09918 0.21217 -0.06076 0.24131 -0.05454 0.06882 0.19729 -0.13005 -0.28544 0.01443 0.16939 0.09711 0.00489 0.06910 0.14701 -0.22105 -0.07964 -0.06498 0.29772 0.09855 -0.05606 -0.21023 -0.01051 -0.04956 -0.07888 -0.13941 0.05009 0.32486 0.13134 0.10049 -0.20058 0.13722 0.08169 -0.14488 -0.08068 0.17635 0.13894 -0.07126
0.26569 0.11812 -0.14295 0.17501 -0.07369 -0.07634 0.18006 0.10037 -0.03104 0.07122 0.05574 0.03816 0.12921 -0.26595 -0.01026 0.10883 -0.01838 -0.12916 0.07816 0.15198 0.22804 -0.00325 0.22786 -0.01505 0.16189 0.08540 0.23705 0.04331 0.17447 -0.06571 -0.04944 0.11694 0.12967 0.09954 0.06842 -0.23821 -0.06360 0.03525 -0.19043 0.15756
-0.24027 -0.07043 -0.00148 0.14277 0.27310 -0.19122 0.14512 0.07796 0.24853 0.25203 0.14016 0.08821 0.04766 -0.20379 -0.17708 -0.10982 -0.03267 0.26872 0.32430 0.17046 -0.27413 -0.20162 -0.07319 0.27941 -0.13761 0.01479 0.06589 -0.06451 0.13872 0.00907 0.22201 -0.05304 -0.19904 0.08730 0.14566 -0.00574 0.05448 -0.21095 0.12616 -0.15892
0.01214 0.29421 -0.07196 0.11581 0.11606 0.22488 -0.20578 -0.04679 0.02872 -0.16367 0.09059 0.16059 0.09013 -0.09262 0.11069 0.21242 -0.03108 -0.06000 0.30563 -0.23319 -0.03669 -0.25505 0.03795 0.20192 -0.12548 0.03812 -0.31167 0.21448 -0.26834 0.22276 0.27373 -0.17601 -0.03978 -0.10280 -0.08591 0.10295 0.25761 0.07186 -0.01283 0.13444
-0.09192 -0.00651 -0.28559 -0.10548 0.15369 -0.08412 -0.33646 -0.15397 0.14018 0.28520 -0.19590 0.18974 -0.11063 0.24992 -0.09144 -0.29436 -0.20250 -0.13285 0.44105 -0.06583 -0.24008 0.22787 0.27626 -0.05928 -0.09748 -0.28222 0.21655 0.09061 -0.22952 0.19063 0.29476 0.30014 0.21529 0.34513 0.03915 0.25967 -0.14098 0.29078 0.35285 -0.03510
-0.28003 0.02402 -0.06836 0.25278 0.17340 -0.14006 0.14815 -0.20572 -0.05633 0.01313 0.15783 0.07731 0.03156 -0.21173 -0.29225 0.13124 0.12100 -0.05469 0.17477 -0.23507 0.20074 -0.25769 -0.22200 -0.16031 -0.15448 -0.23231 0.16079 -0.15744 0.04797 0.02966 0.15987 0.24642 0.09162 0.14690 -0.09973 -0.04796 0.20695 0.22729 -0.03406 0.15055
-0.05869 0.24709 -0.20400 -0.06257 0.12378 0.03025 0.14664 -0.00246 0.21708 0.10828 0.20653 0.06671 0.15305 -0.21629 0.09840 0.16147 0.04368 -0.25192 -0.33038 -0.05215 -0.00125 -0.14097 0.04547 -0.00485 -0.11107 0.11541 -0.18825 -0.10601 0.17960 -0.26269 -0.15072 -0.02523 0.03503 0.16119 0.26300 0.17942 0.01925 -0.07321 0.00284 0.08666
-0.22892 -0.27964 -0.04207 -0.10303 0.38956 0.05366 0.32250 0.11894 0.26473 0.06232 0.38134 -0.08108 -0.24909 0.06784 -0.15076 0.24267 0.11012 0.26940 -0.08368 -0.27319 -0.11798 0.09556 0.00751 0.22818 0.06812 -0.02598 0.10885 -0.22176 -0.37010 -0.15444 -0.01934 -0.03146 0.01646 0.09744 -0.25421 -0.20322 -0.00967 0.16023 0.17921 0.03584
0.06067 0.05516 0.00553 0.17577 0.27172 0.10947 0.12366 0.13044 0.30272 -0.22231 0.05325 -0.23915 -0.31974 0.21968 0.14782 -0.37148 -0.08467 0.07609 -0.28653 0.11595 0.32704 0.15256 -0.10172 -0.13766 0.08838 -0.31639 -0.19844 0.01843 -0.35889 0.01183 -0.07066 0.01067 -0.18974 -0.24166 0.09072 -0.02407 0.25138 -0.08426 0.25996 0.05083
0.04034 -0.13325 0.32634 -0.12533 0.19726 0.15629 -0.07356 0.01841 -0.06680 0.08070 0.24209 -0.23659 -0.01075 0.00300 -0.12830 -0.18017 -0.00906 0.17901 -0.06669 -0.01661 -0.15672 0.26433 -0.36074 -0.30332 0.05263 0.01290 0.11426 -0.02746 -0.02304 -0.18051 -0.11403 0.04470 0.09018 -0.29047 0.01626 -0.06278 -0.16058 -0.08272 0.04623 -0.14888
-0.08414 0.03524 -0.20761 -0.15242 -0.30843 0.12933 0.02448 0.04240 0.07988 -0.11018 -0.23666 -0.41541 -0.30003 0.05208 0.18695 0.14144 -0.26836 0.19116 -0.13114 -0.04006 0.03974 0.10618 -0.00748 -0.17656 0.10605 -0.06869 -0.06594 0.21618 0.04898 0.13853 -0.09847 0.14316 0.20906 0.05418 -0.05892 0.05810 -0.20323 -0.00876 0.31624 -0.23339
0.09216 -0.00754 0.35490 -0.00991 0.15597 0.08916 -0.25109 0.09642 -0.14489 0.10035 0.06997 -0.18818 0.05625 0.07153 -0.11996 -0.24914 0.11912 0.19284 -0.03142 -0.02273 -0.01650 0.17916 -0.32964 -0.24784 -0.05605 -0.04050 0.19531 -0.04910 0.02561 -0.21135 -0.13582 0.07631 0.08510 -0.25789 -0.07774 -0.04815 -0.07354 0.04488 0.08233 -0.29707
-0.22339 0.02753 -0.06117 0.29893 0.00890 0.26264 -0.21137 -0.11146 -0.04324 -0.26221 -0.20533 0.23039 -0.07897 0.15605 -0.18738 -0.01102 0.15473 -0.06261 0.12215 0.11235 0.17005 -0.31202 0.24078 0.24805 0.06177 -0.10246 0.21535 -0.32341 0.06265 -0.40645 0.33736 0.22024 -0.22119 0.04817 -0.06401 0.19370 0.29594 0.07034 0.09960 0.05421
-0.19660 -0.29204 -0.03662 0.10480 0.27266 0.06101 -0.05490 0.21827 -0.00788 -0.06514 -0.20137 0.21501 -0.01312 -0.12620 -0.01619 -0.38943 0.17229 -0.01652 -0.07511 -0.13682 -0.08182 0.12865 -0.12209 -0.01965 0.14201 0.02935 -0.08493 -0.12859 -0.14519 -0.11549 0.19175 0.11656 0.04962 -0.02175 -0.09045 0.17809 0.17054 -0.11863 -0.08790 -0.12198
-0.18072 0.02046 -0.18118 -0.11334 0.11319 -0.08429 -0.03021 0.01503 0.09497 -0.08725 -0.10765 -0.00535 -0.00469 0.01475 -0.00510 0.01504 0.01870 0.13216 0.16837 -0.04178 -0.18282 -0.10363 0.17634 0.09685 -0.17330 0.11980 -0.07618 0.03634 0.00545 0.16395 -0.13613 0.20750 0.06639 -0.07247 -0.00260 0.02530 -0.00651 0.11461 -0.01439 -0.09471
0.27515 0.15028 0.16957 -0.08479 -0.18998 0.14885 0.19331 -0.19044 -0.15389 -0.21028 0.18153 0.28628 -0.13220 0.06436 0.04250 0.27544 0.12499 -0.00862 0.09401 -0.06297 0.13755 0.05097 0.00206 0.00766 0.07250 -0.00237 0.07389 0.12347 0.04087 0.15153 0.02730 -0.15604 0.11687 -0.02525 0.00302 -0.22264 0.07329 0.07646 -0.22160 -0.05371
0.19266 -0.14629 -0.13312 0.27153 0.13493 -0.01384 0.27482 -0.24757 -0.25970 0.19979 0.22280 -0.07724 -0.12080 0.24046 0.05186 0.23148 0.14586 0.16710 0.05049 -0.10377 -0.28460 0.00294 0.00442 0.07551 -0.01396 -0.03909 -0.08331 0.08919 0.18550 -0.27428 0.13864 0.24924 0.23452 0.16343 0.19418 -0.27622 -0.14729 -0.17018 -0.18101 0.12145
0.19153 -0.31739 0.21146 -0.00935 0.15409 0.00040 -0.11475 0.24405 0.06394 -0.02479 0.23211 -0.13819 0.16649 -0.09216 -0.14332 -0.15994 -0.09722 0.11899 0.11106 -0.11246 -0.13669 0.28762 -0.17045 -0.19181 0.13102 0.06475 0.16828 0.08829 0.18140 -0.12582 0.03662 0.04102 0.10708 -0.26220 -0.02953 0.04186 0.03571 -0.01375 0.14942 -0.17760
