-0.00654 0.19708 -0.23869 -0.14146 -0.12342 0.15962 -0.13410 0.20906 -0.01371 -0.21911 -0.15232 -0.02801 0.12283 -0.15784 0.19709 -0.00881 -0.16154 -0.09543 0.16086 -0.12179 0.02930 0.03899 -0.02744 -0.02853 0.06365 0.26481 -0.04657 -0.01175 0.09413 0.10796 -0.16405 0.14576 0.11836 0.01227 -0.07047 0.02888 -0.03571 0.13199 0.11200 0.21892
-0.00367 0.23610 0.05105 -0.02522 -0.21861 0.04088 -0.04356 0.10249 0.03729 -0.21643 -0.22404 0.01282 0.00229 -0.18945 -0.14953 0.05217 -0.08184 0.11829 0.26771 -0.16816 -0.14495 -0.43392 -0.10386 -0.01168 0.18113 0.14304 0.17815 -0.28024 -0.04223 0.00260 -0.22076 0.11267 -0.07573 0.11754 -0.04033 -0.16418 0.10926 0.32746 0.07618 0.02455
0.01989 -0.06457 -0.13857 -0.20620 -0.32319 0.08407 -0.15467 0.28534 0.06198 0.06396 -0.20657 -0.10707 -0.09729 -0.08467 0.14317 0.02392 0.08925 -0.03403 -0.05966 -0.00332 0.17938 0.19788 0.19660 -0.36581 0.01099 0.02115 0.02821 0.17770 0.04309 0.13835 -0.26049 0.11980 -0.02284 0.26009 -0.12796 0.07551 0.13522 0.36241 0.21354 -0.05784
0.03665 0.04769 -0.11138 -0.13773 -0.10644 0.11872 -0.07637 0.20774 -0.26070 -0.05140 -0.11385 0.01576 -0.04536 -0.10727 -0.04502 0.21190 -0.11261 0.07683 0.11937 -0.11326 0.13455 0.05209 -0.06766 -0.10601 0.00408 0.31120 -0.06893 0.02895 -0.00758 0.16983 -0.07549 0.15596 0.13039 -0.13726 -0.04708 0.11107 0.20786 0.36751 0.17668 0.30933
-0.02813 -0.12590 0.13145 0.25341 0.30694 -0.00100 0.23850 -0.24961 0.05926 0.31327 0.15630 0.02947 0.00010 0.27199 0.05284 -0.17935 0.00685 -0.03608 -0.12829 0.02451 -0.07255 -0.11411 0.07647 0.22687 -0.16383 0.00660 -0.01277 -0.20391 -0.06445 -0.17050 0.20402 -0.09348 0.01407 -0.12741 0.13488 0.04507 -0.08092 -0.43746 -0.25632 0.01260
-0.01361 -0.12755 0.11770 0.27029 0.28755 -0.01826 0.21064 -0.25051 0.09084 0.33764 0.15474 0.03202 0.00992 0.25794 0.05810 -0.19790 0.00511 -0.03455 -0.13867 0.02187 -0.06254 -0.10256 0.06440 0.23183 -0.18441 0.00834 -0.01117 -0.21155 -0.05958 -0.16874 0.19610 -0.06563 0.01908 -0.12463 0.16722 0.04268 -0.09639 -0.42136 -0.22693 -0.01724
-0.22769 0.05168 0.07546 -0.07840 -0.13098 -0.02125 -0.09853 0.11212 0.02326 -0.12039 -0.28584 0.08715 -0.12052 -0.04598 0.01606 0.21653 0.16997 -0.11561 0.18182 -0.19848 0.11191 -0.21341 0.15069 0.11036 0.05418 0.19094 -0.15458 0.06293 0.05904 0.08188 0.14939 0.02743 -0.10665 0.07202 -0.09007 -0.01780 0.11609 0.24576 0.01247 0.10544
-0.09281 0.18821 0.07400 -0.33506 -0.25433 -0.05952 -0.18390 0.08316 0.10615 -0.21691 -0.00692 0.08530 0.24657 -0.07116 0.15605 0.18290 0.15720 0.16109 -0.04449 -0.19110 -0.04422 0.28115 0.16977 -0.22723 0.11152 0.11717 -0.14295 0.27617 0.01939 0.08214 -0.14920 -0.14879 0.01034 0.28919 0.06005 0.10261 0.00735 0.05625 0.21648 -0.19245
-0.08685 0.23780 -0.10920 -0.03227 -0.07239 -0.27455 -0.24954 0.09234 0.04163 0.00661 -0.10120 -0.01064 0.13774 -0.18451 -0.17025 0.27671 0.11902 0.14032 0.01469 -0.06451 0.11545 0.01785 -0.19057 0.07784 -0.07213 0.09993 -0.05214 0.22300 0.12127 0.11604 -0.05405 -0.02778 0.04332 -0.05728 0.12328 -0.10095 -0.06409 0.25465 0.25283 -0.07042
-0.13406 -0.01066 -0.00341 0.07717 -0.03938 0.06228 0.02373 0.05706 -0.26674 -0.12220 -0.21016 0.09352 -0.20051 -0.05514 -0.18373 0.28200 -0.10848 0.14609 0.19979 -0.09975 -0.02508 -0.13087 -0.06079 -0.03574 0.19517 0.27779 0.01658 -0.09352 -0.02731 0.07128 -0.04774 -0.08397 -0.17603 -0.17886 -0.10340 -0.07220 0.12408 0.38648 -0.02090 0.07821
-0.12309 0.11410 -0.23188 -0.09330 -0.04087 0.09204 -0.03051 -0.04086 -0.03951 -0.21223 -0.07594 -0.22103 -0.12969 -0.15001 -0.04472 0.17333 -0.13143 -0.08786 0.14792 0.09471 -0.39502 -0.13615 -0.04032 0.02159 0.10129 0.20347 -0.09681 -0.08596 -0.07638 0.14573 -0.05143 -0.00063 -0.15871 -0.29224 -0.35128 -0.02112 0.02578 0.30080 0.14672 0.01075
0.17423 0.25388 -0.00090 0.06294 -0.26863 0.08281 0.03155 0.15861 -0.00435 -0.41756 -0.15646 0.36145 -0.07361 -0.19381 -0.08268 0.33156 0.13110 -0.14844 0.01545 0.01388 0.06739 0.00514 -0.15682 0.21014 0.10833 0.20833 0.02229 -0.06086 0.22374 0.05939 -0.03907 -0.02148 0.16919 0.19248 0.10010 -0.08506 -0.01013 0.33982 0.07515 0.11558
-0.10299 -0.09014 -0.19432 -0.02403 -0.08855 0.16243 0.06056 0.17838 -0.24623 -0.10233 -0.20296 -0.16891 -0.10644 0.03129 0.13427 0.18431 0.11698 -0.12162 0.06434 -0.02832 0.15176 -0.07488 0.10318 -0.07853 -0.00116 0.21061 -0.08560 0.10041 -0.09334 0.21524 0.06322 0.01481 -0.02103 -0.04073 -0.16972 0.06347 0.04626 0.23623 0.18273 0.33823
0.03817 0.09814 -0.23412 -0.20548 -0.11661 -0.13875 -0.23939 0.08528 0.08534 -0.13905 0.16089 0.14829 -0.16700 -0.09146 0.06146 0.05993 -0.13522 -0.08793 0.07901 -0.04629 0.25579 0.01261 0.03394 -0.25544 0.11338 -0.29021 -0.02451 0.11228 0.18091 0.18615 -0.07259 -0.07645 -0.17529 0.12001 -0.30688 -0.23259 -0.05867 0.39320 0.12674 -0.01940
-0.09881 0.12861 -0.25729 0.00770 -0.13909 -0.01652 -0.03132 0.29667 0.08857 -0.06486 -0.14664 -0.00917 0.00264 -0.17219 -0.01704 0.15191 -0.12374 0.06898 0.26528 0.11479 0.02027 -0.06412 -0.23279 -0.04536 -0.17532 0.29175 0.17320 0.01836 0.01759 0.18900 -0.30156 0.08648 0.14337 -0.34132 0.07502 -0.03982 0.07457 0.35382 0.26402 -0.01265
0.20457 0.10496 0.08009 -0.06299 -0.21296 0.01858 -0.01760 0.02704 -0.20429 -0.09552 -0.10812 -0.01425 0.00960 -0.18925 -0.20203 -0.02162 -0.06583 -0.11368 0.05314 -0.19932 -0.04114 -0.16628 -0.04584 -0.09765 0.14538 0.02176 0.06680 -0.12202 -0.02078 0.13944 -0.18947 0.13614 -0.06245 0.21022 -0.10524 -0.07808 0.25024 0.36106 0.22002 0.09198
0.12286 0.29556 -0.03397 -0.08341 -0.27971 0.12781 -0.11887 0.17810 0.12807 -0.35842 0.06973 0.27571 -0.04019 -0.28045 -0.02243 0.28046 0.04193 -0.03482 -0.03332 -0.01865 0.11280 -0.03127 -0.17604 0.01361 -0.05524 0.04297 0.05180 0.27565 0.09112 -0.10698 0.12665 0.00537 0.09540 0.05631 -0.07934 -0.07768 0.03812 0.42599 0.04942 0.02601
0.09191 0.24443 0.04157 -0.15382 -0.22634 0.00362 0.06081 0.08368 -0.13444 -0.22424 -0.03553 0.07540 -0.00356 -0.18446 -0.18145 0.02516 -0.24990 -0.00300 0.21970 -0.19478 0.02203 0.05782 -0.06015 -0.17912 0.10085 0.01200 -0.07157 0.01878 -0.04310 0.09501 -0.18762 0.08857 0.03183 0.01288 0.09720 0.14087 0.16085 0.34828 0.03446 0.04034
-0.04553 -0.15862 -0.24104 -0.03011 -0.13298 0.10169 -0.22653 0.14291 -0.02862 -0.03226 -0.19199 -0.14688 0.05165 -0.13748 0.13196 -0.17183 0.03225 0.05242 -0.13435 -0.11102 0.14482 0.20771 -0.05649 -0.31349 0.08412 0.05356 -0.14292 -0.01811 -0.08132 0.11021 -0.13369 0.29933 0.05828 0.28090 0.25006 0.06578 -0.04261 0.15757 0.05536 -0.06154
