-0.07490 -0.10384 0.00514 -0.03295 -0.24974 -0.14621 0.11903 -0.07811 -0.17630 0.23788 -0.25487 0.15066 -0.08073 0.25175 -0.08389 0.08723 0.20181 0.00111 0.02998 0.19889 -0.09640 0.00650 -0.35389 -0.01645 -0.00639 0.18484 -0.31033 0.06622 -0.37975 0.08805 -0.27103 -0.11389 -0.23152 0.07596 -0.20559 -0.00737 -0.13658 -0.16650 0.15607 0.07413
-0.02607 -0.11242 -0.18875 -0.04771 -0.17021 0.14907 0.14571 -0.14528 0.11816 0.00274 -0.12535 -0.09750 -0.05567 0.10157 0.04275 -0.10957 -0.00785 0.07545 -0.21451 0.05028 0.02705 -0.11076 -0.05180 -0.14360 0.09136 -0.12119 -0.19501 0.21189 -0.26938 0.08781 -0.17839 -0.06372 0.00747 -0.01760 0.16609 0.03759 0.05330 0.09267 -0.13355 0.04590
-0.09404 0.05106 0.03934 0.01354 -0.18297 0.15655 0.06774 -0.05470 -0.06187 0.16370 -0.07314 -0.06836 -0.09579 0.09357 0.16879 0.14825 0.01953 0.05140 0.11075 0.04572 -0.01672 0.02468 -0.19604 -0.14120 0.24837 -0.14142 -0.05238 -0.04839 -0.21173 0.14950 -0.13775 0.04350 -0.00221 -0.06972 0.10045 -0.08619 0.06587 -0.12991 0.08335 0.07246
-0.13506 0.22127 -0.17175 0.06238 0.09475 0.08472 -0.02044 0.09788 -0.15520 0.12633 0.02673 -0.00790 -0.07151 -0.03100 -0.18026 -0.03519 0.06288 0.26383 0.33249 0.01587 -0.12235 -0.12585 0.14128 0.01187 -0.23941 -0.05248 -0.00919 -0.11996 0.22926 -0.06233 -0.01542 -0.12575 0.13259 0.13885 -0.15174 0.12150 0.03414 -0.21179 -0.14033 0.07516
-0.01626 0.12781 -0.11202 -0.15085 0.14785 0.10034 0.01674 -0.01159 0.12515 0.11295 -0.09917 0.22685 -0.04110 -0.24870 -0.06900 -0.04477 0.01569 0.26269 0.17207 0.07896 -0.13396 0.07891 0.16125 0.05632 -0.22142 0.06885 -0.01532 -0.03743 0.22329 0.01120 -0.12321 -0.15447 -0.10837 0.20385 -0.09572 -0.09446 -0.05408 -0.20608 0.06052 -0.06396
0.04595 0.13666 0.21100 0.17044 0.18361 0.14698 0.26312 0.11916 -0.13718 0.12195 0.00240 0.05943 0.20140 -0.04683 -0.00094 0.10908 0.03492 -0.10743 -0.02585 -0.25042 0.08582 -0.19405 0.11559 0.05136 0.02846 0.04286 0.00861 -0.11663 -0.28355 0.09683 -0.03092 0.02615 0.00078 0.01073 -0.10704 0.05787 0.03867 0.24462 0.08467 0.20676
0.04475 -0.16974 -0.01807 -0.12085 -0.11352 0.12282 0.09105 0.04846 0.01241 0.07184 -0.03661 0.02366 -0.05246 0.21088 0.22510 -0.12513 -0.08955 -0.08805 -0.03216 0.08227 -0.19882 0.05861 -0.08706 -0.00905 0.23198 0.06325 -0.08789 -0.05587 -0.16780 0.16171 -0.22359 -0.05661 -0.19602 -0.03344 -0.06571 -0.12533 0.04586 -0.03434 0.04566 0.21718
0.18873 0.10970 0.00810 0.23892 0.00358 0.28758 -0.18509 0.06375 -0.07163 0.19187 -0.02601 0.17352 -0.08693 0.00299 0.13695 -0.21139 0.06633 -0.20718 -0.05758 -0.03658 0.03408 -0.00981 0.02519 0.01860 0.20236 0.06723 -0.17182 0.08430 -0.40782 -0.10905 0.16599 -0.20115 0.06046 -0.23077 -0.06885 0.09928 -0.23440 0.04239 -0.10648 0.10967
0.04955 0.01748 -0.23537 0.02159 -0.13437 0.26516 0.11155 0.03210 -0.02984 0.09879 -0.12411 -0.05836 -0.19162 0.18434 0.21842 0.03814 -0.10043 -0.22719 0.15191 -0.27428 -0.02786 -0.10824 0.03288 -0.09541 0.08476 -0.20172 -0.16424 -0.06077 -0.35611 0.19382 -0.16341 -0.07203 -0.13294 0.04772 -0.18201 -0.01730 0.11245 0.15715 0.04078 0.07231
-0.05554 0.17718 0.10823 -0.17253 0.07075 -0.13709 0.21336 -0.18315 0.04240 0.13185 -0.18774 -0.23036 -0.16243 -0.16262 0.03642 0.32174 -0.14189 0.30574 0.24246 -0.01404 -0.06491 0.06590 0.27877 0.24274 0.08054 0.36168 0.21735 -0.05345 0.00769 -0.04030 0.08797 0.13514 -0.21824 -0.07574 0.02637 0.05793 0.09497 0.13106 0.04178 0.07337
0.06728 -0.21633 -0.09149 0.14991 0.10027 -0.11346 -0.01019 -0.22405 0.20791 -0.26603 0.01600 -0.13742 -0.14393 -0.17560 -0.14021 0.08245 0.27386 -0.04562 0.02238 0.16739 0.03939 0.14442 0.20267 0.16638 -0.04006 0.02054 -0.12488 0.23503 0.07147 -0.04739 0.06227 0.09014 0.23504 -0.21512 0.02897 0.19563 0.03394 0.16460 -0.04330 0.00264
-0.11132 -0.10366 0.19345 -0.24919 0.16276 0.05240 -0.14624 0.08631 -0.01658 -0.36954 -0.01208 0.14593 0.08150 0.00567 0.15071 -0.00401 -0.02315 -0.09519 -0.10506 0.21915 0.25564 0.04714 0.19343 0.06723 0.21001 0.04707 0.04032 0.11071 -0.17723 -0.08689 0.22460 -0.02360 0.14801 0.25743 -0.22329 -0.02472 0.23782 -0.04432 -0.05814 0.06750
0.13409 0.09903 -0.05732 -0.05887 0.00837 0.11846 -0.00908 -0.01960 0.12422 0.09856 -0.18084 0.04789 -0.00864 0.02351 0.12826 -0.06378 -0.01372 -0.23968 0.06642 -0.02860 0.05535 0.09067 -0.18953 -0.19209 0.01561 -0.02030 0.07380 0.10707 -0.06746 0.23427 -0.17921 -0.07630 -0.12870 0.06379 -0.07588 -0.21512 0.05012 -0.17336 0.12503 0.01152
0.03561 0.08212 -0.19129 0.13914 -0.07191 0.19291 0.28133 0.06621 0.10017 0.13822 -0.16763 0.21112 0.14262 -0.08615 0.01233 -0.13254 0.07318 -0.40181 -0.09047 -0.07736 0.17626 -0.06430 0.09098 -0.25126 0.12438 0.08146 -0.00355 -0.13551 -0.08446 0.28149 -0.14332 -0.22944 -0.09106 -0.08275 -0.01326 -0.20606 -0.05924 -0.00451 0.15967 0.10518
0.00485 0.14042 0.02999 -0.13441 -0.18477 0.16803 0.21880 0.13181 -0.06642 0.09151 -0.04378 0.03234 0.01155 0.02931 0.26128 0.08596 0.05827 -0.09048 0.08578 -0.02161 0.06401 0.02990 -0.22831 -0.14183 0.23128 -0.10145 0.01135 0.04511 -0.13880 0.22276 -0.12710 -0.02854 -0.09250 0.06316 -0.00065 -0.13303 -0.02045 0.16784 0.08162 0.07999
0.23822 0.04061 0.05409 0.18558 -0.29048 0.25978 0.12773 -0.16023 0.09758 0.43778 -0.10134 0.01530 -0.02734 0.14230 -0.12789 0.17101 0.07900 -0.14374 0.14918 -0.09086 -0.13572 -0.10001 0.07760 0.13521 0.01420 0.19382 0.09239 0.00635 -0.04886 0.04064 -0.15457 0.16569 -0.09224 0.06757 -0.25357 -0.08315 0.02501 -0.14137 -0.10224 0.12822
-0.09814 -0.07552 0.08778 -0.25409 -0.25840 0.25167 -0.00525 0.27123 0.02208 -0.15558 0.17085 0.05378 -0.10319 0.13007 -0.01339 -0.17143 -0.16212 -0.12895 -0.08881 -0.16267 -0.23332 -0.13157 0.09833 -0.06041 -0.03771 -0.05996 -0.00730 -0.00624 -0.32448 -0.05355 0.26089 0.07499 -0.09069 -0.01957 -0.16290 0.02337 0.03029 -0.08211 0.19704 -0.21640
-0.05540 -0.04227 0.17328 -0.19890 -0.26332 0.14848 0.14158 0.26938 0.01729 -0.21311 0.19835 -0.00045 -0.04730 0.03828 -0.10815 -0.25882 -0.19762 -0.19639 -0.05251 -0.29889 -0.14324 -0.08875 0.03451 0.02570 -0.13019 -0.09118 0.02400 -0.03393 -0.34732 -0.06429 0.19655 0.15636 0.14453 -0.03681 -0.16387 -0.01520 0.10024 -0.11991 0.17073 -0.22049
0.11400 0.08278 0.21418 0.26708 0.10358 -0.23122 -0.18848 0.06436 -0.02001 -0.35316 0.16300 -0.17078 -0.14597 -0.14412 0.07201 0.14892 0.20393 -0.12805 0.14573 -0.19824 0.14450 0.00603 0.02827 0.21520 0.22467 -0.02496 0.01505 -0.18598 0.00176 0.10017 0.00904 0.01058 -0.07455 -0.04111 0.08884 0.16972 -0.14344 -0.12794 -0.04070 0.02396
0.16904 -0.17980 0.08702 -0.09616 0.05906 0.07960 0.05275 0.14623 -0.17694 -0.09749 -0.14566 -0.11127 -0.20885 0.21535 0.17460 0.10385 -0.14162 0.02637 0.04760 -0.11879 -0.15791 0.06381 -0.05688 -0.07164 0.06077 0.01581 -0.21326 0.18064 -0.36692 0.24551 0.05439 -0.15303 -0.04440 -0.06506 0.02909 0.00039 -0.09489 0.05079 -0.04112 0.05344
-0.18750 -0.11284 0.13847 -0.17278 0.25643 0.00674 -0.18831 0.10576 0.09134 -0.34746 -0.03317 0.24970 0.12763 -0.04371 0.16082 0.00269 0.04810 -0.09749 -0.10024 0.20630 0.17243 0.04686 0.17781 0.08790 -0.00254 -0.00249 -0.04760 0.14773 -0.14774 -0.15602 0.30036 -0.13184 0.18809 0.22206 -0.20542 0.01334 0.26031 -0.01877 -0.17458 0.04042
0.13798 0.01214 -0.14785 0.06540 -0.20065 0.07137 -0.07724 -0.03391 0.18149 0.25573 -0.12014 0.15678 0.10829 0.22491 0.05171 -0.02789 -0.11747 -0.14044 0.07754 -0.16995 -0.12136 -0.00288 -0.14421 -0.14533 0.13720 0.02624 -0.17892 -0.10688 -0.02792 0.20739 -0.22974 -0.15288 -0.25214 -0.14945 -0.25015 -0.14995 0.12189 0.18701 0.15181 0.03281
-0.14117 0.10391 -0.16057 -0.07026 0.01789 -0.01013 0.03042 -0.01598 -0.14236 0.25776 -0.07183 0.13376 -0.26146 -0.16823 -0.11295 -0.00455 0.04533 0.13567 0.05530 -0.02817 -0.05783 -0.04345 0.14845 0.04271 -0.01769 -0.08304 0.11038 0.06284 0.24805 -0.07581 -0.00482 -0.06492 0.12077 0.16650 -0.03194 -0.05723 -0.12485 -0.16363 -0.03096 -0.08213
0.02466 -0.17584 -0.05487 -0.09300 0.13685 -0.03665 0.01441 0.13147 0.10832 0.08060 -0.06033 -0.13563 0.18017 0.34573 -0.18398 0.07574 -0.19110 0.14307 0.26980 -0.01243 0.05140 0.00355 -0.06538 -0.03959 0.01465 -0.10377 -0.05568 -0.00241 -0.03046 -0.04373 -0.13325 0.06864 -0.14357 -0.10575 0.22005 -0.23940 -0.06714 -0.07490 -0.11147 -0.07887
-0.20692 -0.15132 -0.12227 -0.11893 0.19361 -0.00565 -0.09857 0.22808 0.07040 0.04566 0.00145 -0.11067 -0.07229 0.20486 -0.15646 0.15528 -0.15795 0.20740 0.27309 -0.15545 -0.02861 -0.11808 -0.07215 -0.06118 0.01227 -0.10119 0.12455 -0.12357 0.00756 0.03072 -0.19275 0.05215 -0.20935 0.02995 0.13538 -0.19692 -0.07251 0.22384 -0.21995 -0.01484
0.28339 -0.03673 0.19724 0.29367 0.00300 -0.12666 -0.09926 0.07682 0.05933 -0.26602 0.12464 0.07725 -0.06549 -0.27493 0.09523 0.15570 0.19208 -0.09940 0.24382 0.07561 0.23669 -0.03306 0.02430 0.02726 0.18765 0.04004 0.04020 -0.19009 0.03661 -0.03448 0.15048 0.11415 0.11343 -0.02708 -0.09151 0.16759 -0.01561 0.08095 -0.22112 -0.12569
-0.22219 -0.15899 -0.27340 0.25961 -0.10401 -0.05379 0.11099 -0.07144 0.01256 -0.14927 0.01502 -0.09487 0.08285 -0.18575 0.06136 -0.09257 0.08159 0.08726 0.31568 0.02128 -0.25526 -0.01718 -0.24317 -0.07038 0.04985 0.32318 -0.01970 -0.09469 -0.25081 -0.08901 -0.10404 0.17761 0.02746 -0.05939 0.08555 -0.08990 0.17048 0.19277 -0.00210 -0.39467
0.08237 0.19624 0.00407 0.45582 -0.08006 -0.23375 -0.04891 -0.30466 -0.11420 0.19637 0.25582 0.11168 0.16004 -0.06567 0.08394 0.03884 0.09951 0.13198 -0.06576 0.16086 0.28247 0.25165 0.15440 0.07547 -0.06735 -0.08243 0.03743 -0.05823 0.12183 0.07157 0.01953 -0.16210 0.29703 0.04823 0.10205 0.17494 -0.12653 -0.11532 0.17506 -0.02343
0.09277 0.17329 0.10699 0.41202 0.06423 -0.28464 0.04055 -0.29628 0.06424 0.14721 0.25676 0.07177 0.27838 -0.01498 0.13083 0.14916 0.02760 0.15241 -0.07979 0.06564 0.29158 0.21494 0.25872 -0.03929 -0.17879 0.04125 0.07193 0.01780 0.13213 -0.04397 -0.00799 -0.11855 0.27429 -0.01258 0.15521 -0.05275 -0.05693 -0.12862 0.11020 -0.09613
0.02101 -0.23050 -0.09876 0.09944 0.21380 -0.05039 -0.02379 -0.25735 0.22030 -0.25987 0.13344 -0.08113 -0.15049 -0.16535 -0.04321 -0.03796 0.19074 -0.06118 -0.14145 0.21423 0.18268 0.04793 0.30145 0.07570 -0.09320 0.03509 -0.08304 0.22839 0.02381 0.01808 0.19369 0.22419 0.26978 -0.23515 0.06237 0.27486 0.08995 0.13129 -0.06796 0.05192
-0.08019 0.19349 -0.10184 0.44470 -0.21132 -0.34041 -0.11013 -0.31719 -0.10859 0.13894 0.31896 -0.06357 0.22913 -0.14386 0.18765 0.02732 0.07416 -0.02030 -0.25298 0.20483 0.20324 0.10089 0.25745 0.16695 -0.11374 -0.04231 0.10423 -0.06221 0.17487 0.11393 0.01225 -0.21621 0.33297 0.05106 0.10403 0.24789 0.02055 -0.12260 0.21738 -0.11190
0.29823 0.00028 0.11728 0.13380 0.07346 -0.14695 -0.12209 -0.03576 -0.07710 -0.15340 0.27036 0.02891 -0.10187 -0.25416 -0.10883 0.17677 0.26786 -0.09384 0.03695 0.01447 0.24640 0.07803 0.01231 -0.08409 0.09265 0.10484 -0.04359 -0.05458 0.00929 0.04732 -0.06036 0.08882 -0.09064 0.06980 -0.09359 -0.07597 0.11660 0.07520 -0.17608 -0.05776
0.05835 -0.02651 0.08207 -0.08847 -0.24416 0.20287 -0.04075 -0.12028 -0.18182 0.36758 0.02080 -0.00413 -0.04023 0.22567 0.10047 0.10211 0.05372 -0.12491 0.14235 -0.10668 0.11169 -0.00184 -0.12539 0.03263 0.25800 -0.07569 -0.15796 0.12824 -0.31710 0.03960 -0.31257 -0.04581 0.04912 0.02041 -0.11523 -0.02778 -0.04258 0.00324 0.08861 0.14170
0.19532 -0.15725 0.05769 0.09074 0.21224 0.18222 -0.09709 0.13170 -0.23806 -0.03245 0.10060 -0.13900 -0.26966 0.02277 0.04153 0.07317 -0.18165 -0.36180 -0.04509 -0.18635 0.23185 0.18525 -0.17314 -0.17846 -0.14662 -0.02074 -0.21167 0.19350 -0.36299 0.13749 0.11074 -0.23831 -0.17099 -0.03663 -0.03811 -0.21975 0.04996 0.10902 -0.12244 0.14596
0.03136 -0.25809 0.04630 0.05888 -0.10878 -0.11903 0.20504 -0.20713 -0.36217 0.18065 -0.11580 0.06534 0.16747 -0.25777 0.03199 0.18614 0.27475 -0.17120 0.10094 0.09228 0.26313 0.04815 -0.42329 0.35789 0.05890 -0.14793 -0.09807 -0.16193 0.17021 0.07889 0.10030 0.11173 0.17171 -0.05842 -0.14360 0.06641 -0.04664 -0.16685 0.14125 -0.02960
0.02585 -0.29091 0.05493 0.18600 0.06512 -0.14936 0.16131 -0.25166 -0.34708 0.08674 0.02333 -0.00843 0.11092 -0.16638 0.03388 0.11829 0.30987 -0.10358 0.08824 0.19008 0.20028 0.09799 -0.37267 0.33946 0.09615 -0.26635 -0.11090 -0.22118 0.17330 0.05730 0.16258 0.12690 0.23460 -0.12895 -0.08157 0.14751 -0.06156 -0.18177 0.11310 -0.05761
0.28737 -0.07133 0.16849 0.07756 -0.00476 0.25183 -0.03744 0.12930 -0.13435 0.16264 0.03968 -0.10019 0.12787 0.27731 0.20671 -0.00144 -0.20772 -0.15048 -0.16601 0.07537 0.08255 -0.08687 -0.04452 -0.13104 -0.00846 -0.06629 -0.24116 -0.08626 -0.42878 0.12701 -0.05898 -0.04860 -0.18568 -0.10996 0.08531 0.09520 -0.13039 0.05335 0.04608 -0.05686
0.14125 -0.01116 0.05647 0.01243 -0.18130 0.10972 -0.05501 0.14315 0.08127 0.14121 -0.13198 0.16564 0.08113 0.07280 0.06531 0.24995 -0.08756 -0.14431 0.17645 0.04982 -0.06631 -0.05424 -0.12978 -0.15526 0.15114 -0.18196 -0.02340 -0.07305 -0.11556 -0.05055 0.14750 -0.09663 -0.05646 -0.07096 -0.22543 0.08978 -0.03440 0.05782 0.07810 0.15931
-0.12117 0.25334 -0.17396 -0.13408 -0.05477 0.06939 0.00836 -0.14760 0.19824 0.17680 -0.05403 0.01105 -0.05610 0.00379 -0.10670 -0.13615 0.05200 0.30718 0.23242 0.16663 0.06485 0.06879 0.19066 0.07753 -0.11439 0.04220 -0.10547 -0.06395 0.25372 -0.01353 -0.09913 -0.09663 -0.15475 -0.02605 -0.05638 0.06994 0.10272 -0.13778 0.03897 0.02499
-0.11868 0.01663 -0.11032 -0.09794 0.06099 -0.12452 0.08545 0.09975 0.04900 0.24193 0.06659 0.16794 -0.11399 -0.14227 -0.06579 0.07703 0.04807 0.21054 0.06702 0.08003 -0.07846 -0.03275 0.22923 0.00323 -0.20920 0.12699 -0.14589 0.00631 0.19539 -0.08299 -0.11126 0.00416 0.05442 0.30918 -0.16506 0.01036 -0.05264 -0.16080 0.00856 0.01285
-0.13483 -0.04178 0.10043 0.03715 -0.26984 0.05730 -0.12430 -0.15678 -0.29938 0.12885 -0.03540 -0.11574 -0.19425 0.13648 0.15569 -0.31643 -0.18216 -0.32441 -0.12003 -0.17051 0.16566 -0.26774 -0.11201 -0.11564 0.01913 -0.17467 0.15292 0.15680 -0.34904 -0.20376 0.03353 -0.23051 0.18622 -0.07545 -0.19388 0.17548 0.08408 -0.19043 -0.02814 0.01847
-0.25115 0.15633 -0.00104 -0.07407 0.08495 0.05581 -0.10916 -0.05416 0.17112 0.20926 0.10589 0.15397 -0.04502 -0.27606 -0.05496 -0.05133 -0.05009 0.39608 0.04067 0.08029 -0.00792 -0.18208 0.05893 0.13483 -0.25581 -0.03878 0.07018 -0.02520 0.33425 -0.17619 -0.25404 -0.12837 -0.00050 0.27944 -0.01105 -0.09879 0.10222 -0.18544 -0.17324 -0.02124
0.15924 -0.24634 0.04914 -0.05363 0.06856 0.01034 0.17885 0.22676 0.17125 -0.34649 0.20648 0.18771 -0.36182 -0.00187 0.32986 0.12225 -0.06155 0.13689 -0.22759 -0.26883 -0.31825 -0.12232 0.08041 -0.00287 -0.08046 -0.17904 -0.08150 0.10828 0.02520 0.14047 0.09398 -0.28165 0.25425 0.04622 -0.01174 0.28613 -0.41297 0.04890 0.17327 -0.04924
0.08110 0.00401 0.17726 -0.05965 -0.13863 0.09841 0.12924 0.09617 -0.12921 0.15329 0.08056 0.10011 -0.03431 0.21331 0.15012 -0.14203 -0.11158 -0.18771 -0.06341 0.10297 0.14148 0.04018 -0.11612 0.11931 0.14432 0.00647 -0.08028 0.11989 -0.35543 0.06428 -0.08481 -0.12979 -0.13890 -0.04612 -0.11470 0.09027 -0.01628 0.08506 -0.08739 0.01417
0.05284 -0.07530 -0.19710 0.06546 -0.09140 0.10413 0.03424 -0.11092 0.05678 -0.01013 0.07793 0.18031 0.10563 -0.02181 0.16422 -0.17152 -0.04011 -0.18587 -0.03763 -0.06310 -0.12739 -0.03909 -0.09065 -0.30817 0.18131 -0.06073 0.00313 0.03910 -0.01322 0.21216 0.01211 0.12942 0.00751 0.11636 -0.14255 -0.18844 0.21569 -0.02026 -0.02784 0.18182
0.00587 0.06386 -0.20647 0.01955 0.15795 0.21309 0.09012 0.24834 0.05322 -0.15309 0.24058 -0.12238 0.18386 0.02197 0.25556 0.06801 0.03964 0.12620 -0.23627 0.10082 0.24286 0.15517 -0.28260 -0.07895 -0.11738 -0.08662 0.05065 0.11764 -0.09709 0.09747 -0.05165 0.16476 -0.28619 0.25158 0.17355 0.12808 0.15333 -0.07335 0.01877 0.08705
0.13571 -0.03540 0.09601 0.00713 0.17226 0.02335 0.29576 0.19154 -0.08044 -0.07823 -0.13308 -0.33786 -0.24798 0.10672 -0.24042 -0.18211 0.10531 -0.17988 -0.28713 -0.16314 0.05519 -0.17463 -0.08937 0.09186 -0.18457 0.04495 0.09651 0.08534 0.10180 -0.00935 -0.12922 0.04851 -0.08389 0.10780 0.30183 -0.01909 0.05075 -0.21149 -0.32589 -0.16198
0.16632 -0.00880 -0.09202 0.04702 0.17641 0.13965 0.25230 0.26013 -0.07040 -0.15881 -0.26935 -0.28012 -0.25288 -0.06161 -0.32311 -0.14503 -0.00661 -0.22139 -0.23190 -0.18635 0.03327 -0.07150 -0.05920 0.08181 -0.17262 -0.02177 -0.02952 0.13944 0.08008 0.07192 -0.15449 -0.06975 -0.03588 0.04207 0.37120 0.12574 0.15435 -0.15208 -0.40776 -0.21155
0.05765 -0.01302 0.09706 -0.09750 0.02169 0.01183 0.00996 -0.00953 -0.04400 -0.05974 -0.02759 0.11642 -0.13282 -0.17758 0.13967 0.20467 -0.08059 -0.30280 -0.08579 0.04988 -0.13288 -0.10199 -0.09709 -0.19337 0.19363 0.15946 0.21964 -0.04500 -0.02728 -0.07233 0.01095 0.12038 -0.00697 -0.11432 -0.06949 0.13394 0.03634 0.03012 -0.16523 0.09995
-0.08155 -0.04634 -0.16159 -0.15991 0.06125 -0.02151 0.20294 0.13627 0.06748 -0.17283 0.15086 -0.20714 -0.04775 -0.07233 0.22412 0.08343 0.04664 -0.02247 -0.22179 0.08218 0.26588 0.14025 -0.37067 -0.01336 -0.01259 0.02135 0.18364 0.07640 -0.14972 0.06857 -0.17419 0.07121 -0.18299 0.26072 0.31093 0.08469 0.19382 -0.13405 -0.06950 0.06830
-0.20502 0.07150 -0.14518 0.00369 -0.04820 -0.08651 0.03891 -0.13643 0.15249 0.15357 0.10750 0.15354 0.03329 -0.21415 -0.16702 -0.08051 -0.02361 0.27782 0.13949 0.04235 -0.02204 -0.05569 0.13442 0.00745 -0.07903 -0.03995 0.02013 -0.14617 0.38791 -0.13580 -0.11671 -0.10107 -0.08007 0.16215 -0.11263 -0.04266 0.11853 -0.10942 -0.13893 0.03738
0.33749 0.12174 -0.07281 0.25472 0.01209 0.00322 -0.30616 -0.02432 0.12234 -0.15445 0.18952 -0.18543 0.01750 -0.17977 -0.04101 0.12723 0.34712 -0.19309 0.06508 -0.07946 0.25144 0.17083 0.07977 -0.00313 0.11939 0.33513 -0.06184 -0.04121 0.01915 0.08848 -0.02526 0.11736 -0.02730 -0.08785 -0.06489 -0.13012 -0.08329 -0.06241 -0.09351 0.10585
0.14942 0.08499 0.25231 0.17648 -0.13312 -0.01631 0.17826 0.02691 -0.08577 0.08117 0.02744 -0.24131 0.00252 -0.15367 0.04407 0.13369 -0.04584 -0.02992 0.12927 -0.32932 -0.25409 0.11791 -0.07944 -0.19680 0.12859 0.27412 0.09444 0.08532 0.37490 -0.02601 0.18401 -0.32504 0.06469 -0.06977 0.27034 0.07187 0.18258 0.09290 0.14729 -0.17424
-0.19851 -0.05937 -0.14250 0.02514 0.05303 -0.15227 -0.18830 -0.12125 0.12156 0.07955 0.07360 -0.05884 0.09058 -0.25288 0.01942 0.16926 -0.04996 -0.03015 -0.08280 0.03404 -0.08370 0.07982 -0.14534 -0.18781 0.03823 -0.04054 -0.15522 -0.06439 0.23659 -0.13184 -0.00008 -0.17546 0.04189 -0.09822 -0.00476 0.13564 -0.06477 0.11987 -0.07046 -0.02799
-0.15516 -0.15548 0.07360 -0.17036 0.07222 -0.09753 0.16483 -0.21992 0.09795 -0.10979 -0.03742 0.04089 -0.03163 -0.31763 -0.16914 0.04951 0.02189 -0.11617 -0.04488 0.04076 -0.03200 0.09983 0.14625 0.06605 0.00388 -0.03795 -0.17341 0.07643 0.03041 0.17450 0.10982 0.20089 -0.08119 0.02774 0.17483 0.17023 -0.14521 0.20792 -0.21100 -0.02310
-0.35293 0.15297 -0.16355 0.25275 0.04420 0.15521 0.14136 -0.27733 -0.11077 -0.14893 0.01329 -0.02032 0.14299 -0.02343 -0.21332 -0.01647 -0.17799 0.21196 -0.11739 -0.21738 -0.09125 0.19371 0.00053 -0.13460 -0.10250 0.07042 0.20338 -0.16835 0.06919 -0.08122 0.06574 -0.07273 0.23358 -0.18344 0.23039 0.01715 0.07940 0.05692 -0.10999 -0.19285
