0.03999 -0.05947 -0.09261 0.08823 -0.08200 0.20036 -0.10229 -0.05697 0.07566 -0.10848 -0.16392 -0.05242 -0.03468 -0.08395 -0.05329 -0.08058 0.12363 0.07985 0.16725 0.12204 -0.10079 -0.00762 -0.06628 -0.19997 -0.01715 -0.20262 -0.19541 0.17878 0.25985 -0.05378 -0.23050 -0.02997 0.05825 0.04518 -0.09459 0.22022 0.13006 -0.26159 0.04271 -0.05359
-0.00369 0.07430 -0.18663 0.07800 -0.07689 0.21241 -0.11040 -0.08120 0.06979 -0.03872 -0.26741 -0.07481 -0.10035 -0.14379 -0.10244 -0.01999 0.06622 0.19281 0.10401 0.11290 -0.04248 -0.02465 -0.10892 -0.25325 0.09468 -0.19955 -0.26401 0.11686 0.10393 -0.08893 -0.19299 -0.06039 0.18674 -0.07558 0.05512 0.29575 0.06749 -0.17497 0.07447 -0.02843
0.16970 0.03465 -0.02172 -0.05214 -0.03851 0.27483 -0.15171 -0.04352 0.13137 -0.21302 -0.01854 -0.08884 -0.05892 0.08341 -0.15428 -0.02765 0.09932 0.10573 -0.05681 0.07087 -0.20100 -0.08588 0.12551 -0.34540 0.07201 0.11409 -0.28689 0.07465 0.29066 -0.08204 -0.09346 -0.05371 0.03739 0.18160 0.04798 0.29770 0.06371 -0.44617 0.19903 0.09389
0.11689 -0.08658 -0.05230 0.23093 -0.10141 0.25108 -0.13756 0.09356 0.04014 -0.15683 -0.23588 -0.09614 -0.15802 -0.02246 -0.19199 -0.04377 0.02982 0.16611 0.02183 0.17073 -0.11546 -0.08280 -0.04255 -0.29410 0.03698 -0.24767 -0.20162 0.18385 0.27814 -0.06244 -0.29585 0.08509 0.13401 -0.04737 -0.13645 0.21904 0.22204 -0.18693 0.00402 0.05485
0.07193 -0.08863 -0.24921 0.21401 0.13538 -0.04619 -0.01420 0.02604 -0.17653 -0.07952 -0.08621 0.07899 -0.16530 -0.04583 -0.19847 0.03101 0.13089 0.27475 0.23867 0.23879 -0.18681 -0.12686 -0.05264 -0.19742 0.05375 -0.12240 -0.21601 0.29007 0.31250 -0.12010 -0.21124 0.04136 0.14345 0.00718 -0.21493 0.05026 0.10706 -0.08484 -0.01174 -0.19031
0.09635 0.13490 -0.15696 0.11243 -0.14797 0.20464 -0.18970 0.02675 0.08402 -0.25168 -0.24006 0.00409 -0.11724 -0.10594 -0.23197 0.00548 0.07190 0.12774 0.09219 0.11446 -0.20853 -0.18963 -0.05799 -0.11203 -0.03166 -0.24388 -0.24317 0.34259 0.27538 -0.01164 -0.26753 -0.00827 0.16269 0.07701 -0.08719 0.27365 0.09190 -0.25511 0.03443 -0.04597
-0.13272 0.04304 0.19346 -0.12322 0.14645 -0.05338 0.19573 0.01644 0.15117 0.09061 0.11009 0.10171 0.14901 -0.00142 0.20337 0.02218 -0.06041 -0.28386 -0.06222 -0.17818 0.15614 0.12263 0.19660 0.20214 0.04519 0.20234 0.21270 -0.26601 -0.27564 0.07847 0.21034 -0.17708 -0.13288 0.05148 0.09164 -0.24888 -0.10528 0.29940 0.11169 0.00341
-0.04947 -0.08904 0.22415 -0.11850 0.09311 -0.20091 0.15407 0.00413 0.00168 0.18219 0.12377 0.01932 0.10976 0.15383 0.12759 0.03410 -0.10415 -0.28181 -0.06563 -0.18589 0.04710 0.06221 0.06792 0.18510 0.11101 0.05300 0.18086 -0.19831 -0.29786 0.06721 0.20718 -0.13427 -0.17970 0.05916 0.03220 -0.29670 -0.09078 0.22886 0.07737 -0.01004
0.10009 0.04511 -0.08693 0.15158 -0.08359 0.27681 -0.14483 -0.11005 0.00410 -0.11915 -0.06719 -0.03722 -0.08272 -0.07758 -0.19286 -0.06562 0.07564 0.15162 0.10813 0.15567 -0.02129 0.01356 -0.12498 -0.22632 -0.01597 -0.07841 -0.22847 0.18664 0.23296 -0.05989 -0.21168 0.01241 0.10981 0.03389 -0.01773 0.26836 0.07916 -0.21939 0.01593 0.02048
0.02513 -0.05685 0.11448 -0.17431 0.12959 -0.14520 0.22866 -0.06597 -0.01317 0.10163 0.18200 0.01176 0.25479 0.04837 0.19875 -0.03258 -0.11712 -0.26110 -0.06188 -0.21164 0.15779 0.19940 0.05306 0.21710 -0.00905 0.18116 0.17506 -0.24194 -0.32241 0.05661 0.24216 -0.05351 -0.10904 0.05951 0.09462 -0.34955 -0.12893 0.23701 0.07529 0.06637
0.03453 -0.03016 0.15800 -0.08328 0.09041 -0.18724 0.17375 0.06316 -0.07507 0.22164 0.27724 0.09338 0.14469 0.09002 0.15176 0.03264 -0.05008 -0.22316 -0.03798 -0.16127 0.18021 0.06559 0.11142 0.26159 0.09063 0.18015 0.16261 -0.11182 -0.23403 0.04566 0.27465 -0.12796 -0.22213 0.06844 -0.08640 -0.22372 -0.09596 0.25973 -0.00484 0.03928
0.08679 0.04852 -0.04059 0.09708 -0.19580 0.16524 -0.17576 0.03682 0.06386 -0.05574 -0.14413 -0.13122 -0.03625 -0.01525 -0.19202 0.02945 0.09616 0.07969 0.01742 0.13502 -0.12858 -0.01955 -0.06790 -0.17649 0.00396 -0.23508 -0.20708 0.07258 0.26659 -0.17248 -0.24142 -0.11582 0.07399 0.02754 0.04741 0.17585 0.06329 -0.09657 0.05560 0.03050
0.17590 -0.05459 0.08203 0.16691 -0.11196 0.16578 -0.13518 -0.03015 -0.03622 -0.05438 -0.05203 -0.14398 -0.11722 -0.15681 -0.00162 0.01166 -0.03855 0.12776 -0.01432 0.12173 -0.12767 0.00837 -0.22840 -0.10451 -0.20714 -0.07688 -0.24436 0.08588 0.23133 -0.02009 -0.10023 -0.09894 -0.03711 -0.06687 0.15025 0.15688 0.07992 -0.20887 0.04887 0.15632
-0.07689 0.06490 0.26968 -0.18918 0.07827 -0.16393 0.13153 -0.00839 0.02014 0.19069 0.11348 0.09094 0.19941 0.06828 0.11135 0.10571 -0.06989 -0.24550 -0.05410 -0.13002 0.26816 0.01187 0.19310 0.10892 0.00999 0.20931 0.12731 -0.29165 -0.29640 0.11743 0.19436 -0.16063 -0.08309 0.09774 0.06467 -0.30776 -0.02024 0.20455 -0.00930 0.05550
0.09392 -0.09537 0.17817 -0.03776 0.12795 -0.20115 0.22195 -0.01608 0.04768 0.12055 0.16393 0.06905 0.15603 0.03198 0.16494 0.10270 -0.06182 -0.32566 -0.11801 -0.18377 0.15151 0.06609 0.13532 0.25799 -0.06707 0.09624 0.05848 -0.16841 -0.27805 -0.01644 0.26571 -0.14877 -0.11970 -0.00067 0.02953 -0.41086 -0.18533 0.17834 0.13487 0.15378
0.02249 -0.08211 0.09832 -0.10564 0.12036 -0.06161 0.12893 0.05770 0.03663 0.13920 0.17010 0.09807 0.11730 0.04478 0.23154 0.09736 -0.05652 -0.24018 -0.06296 -0.19221 0.14038 0.11061 0.05637 0.28527 0.01459 0.11002 0.14874 -0.22499 -0.22715 0.01607 0.28173 -0.15789 -0.10106 0.10147 0.01404 -0.25216 -0.15701 0.23222 0.11183 -0.01565
-0.03618 -0.03621 0.13219 -0.14956 0.16613 -0.10497 0.18263 0.05603 -0.09529 0.21536 0.25721 0.06183 0.17251 0.07737 0.12133 0.08074 -0.08681 -0.20546 -0.09015 -0.18342 0.13384 0.01869 0.17904 0.28580 -0.03399 0.21327 0.21366 -0.25271 -0.21330 0.02831 0.23201 -0.15999 -0.14647 0.04542 0.03836 -0.27144 -0.15099 0.25771 0.00119 0.09111
0.03627 0.14671 -0.11467 0.22019 0.05503 0.00776 0.01051 -0.10461 0.11272 -0.10169 -0.09762 -0.22263 0.00292 -0.12142 -0.26097 -0.17158 0.09991 0.18722 0.11116 0.20965 -0.16682 -0.11350 -0.21738 -0.22627 0.11558 -0.27694 -0.22764 0.23657 0.25386 -0.12775 -0.22805 0.03410 0.10074 0.02220 0.02884 0.07495 0.05503 -0.24213 0.09410 0.07260
0.05199 0.15683 -0.09462 0.21033 -0.00971 0.04083 -0.02905 0.10871 0.04235 -0.08079 -0.00630 -0.14500 -0.12771 -0.08267 -0.18723 -0.08051 0.17976 0.12195 0.13098 0.20372 -0.29903 -0.04106 -0.11449 -0.07767 -0.06196 -0.12371 -0.26956 0.21967 0.25363 0.01745 -0.32204 0.10596 0.11311 -0.07950 -0.14513 0.30016 0.04731 -0.26983 0.11525 0.05743
0.11247 0.14909 -0.07465 0.27002 0.04773 0.23058 -0.18263 0.08255 0.06372 0.01767 -0.13496 -0.13596 -0.10183 -0.05737 -0.13423 0.00646 0.05716 0.11278 0.17887 0.18095 -0.07541 -0.05010 -0.06749 -0.12122 0.02279 -0.11677 -0.27538 0.35528 0.30020 -0.11974 -0.26355 0.04831 0.14429 0.04331 -0.20417 0.23624 0.19909 -0.19423 0.09357 0.03256
0.06897 0.20576 -0.04172 0.16817 -0.02442 0.19714 -0.12808 -0.22889 0.10393 -0.00335 -0.13668 -0.17434 0.01166 0.07966 -0.21728 0.02117 0.14604 0.17898 0.08215 0.16586 -0.13036 -0.08448 0.04957 -0.24011 -0.06424 -0.19046 -0.29919 0.21820 0.12479 -0.24950 -0.24268 -0.12108 0.01915 0.12224 -0.02918 0.20072 0.02666 -0.13214 0.01370 -0.07944
-0.08108 -0.07884 -0.13458 0.01003 -0.13608 0.16407 0.07611 0.12056 -0.00383 0.08042 -0.26317 -0.06329 -0.13925 0.06513 -0.13602 0.15650 -0.07243 0.14545 -0.01351 0.09296 -0.16178 -0.10786 -0.14240 -0.12773 0.10885 -0.13827 0.13139 -0.27448 0.01253 -0.02380 0.02839 -0.14219 0.06805 -0.13126 0.10952 0.06813 -0.20400 -0.21519 0.11923 0.00495
0.07713 0.03558 0.02780 0.15939 -0.14341 0.09405 -0.01452 0.03530 0.01729 -0.14061 -0.24981 -0.03454 -0.08908 -0.02772 -0.09966 0.11604 -0.02796 0.15513 -0.05358 0.08846 -0.07089 0.06154 -0.10212 -0.08147 -0.10634 -0.17720 -0.03602 0.07469 0.25265 -0.05325 -0.24871 0.03264 0.07144 -0.14161 0.07280 -0.01842 0.17624 -0.12552 -0.14051 0.02785
0.22665 0.07676 -0.15235 0.28977 -0.12056 0.21815 -0.17254 -0.07760 0.02067 -0.21488 -0.16267 -0.01468 -0.16468 -0.03866 -0.14349 -0.09474 0.15929 0.23541 0.01791 0.20330 -0.21398 -0.01453 -0.12166 -0.10262 0.04913 -0.11023 -0.10155 0.23994 0.21645 -0.01943 -0.18384 0.14459 -0.05305 -0.04142 -0.10382 0.23869 0.10851 -0.32315 0.13250 0.10216
0.34520 0.05060 -0.18394 0.17688 -0.16540 0.15604 -0.15039 -0.04037 0.00203 -0.11418 -0.04568 -0.08831 -0.18328 -0.10097 -0.15933 -0.17037 0.09288 0.17644 0.02730 0.17212 -0.15260 -0.14942 -0.17816 -0.20754 0.15818 -0.21288 -0.17934 0.20069 0.16002 -0.06104 -0.16739 0.21839 -0.01597 0.04413 -0.18737 0.19623 -0.01132 -0.25747 0.13470 0.08228
0.07365 -0.01211 -0.14030 0.20326 -0.08045 0.23428 -0.21329 0.07525 0.18979 -0.23208 -0.22512 0.00789 -0.03229 -0.03760 -0.09994 -0.22238 0.06618 0.09900 0.00194 0.20226 -0.09767 -0.02133 -0.01851 -0.22907 -0.07817 -0.33284 -0.09559 0.29583 0.09063 -0.03371 -0.09241 0.09878 -0.05695 -0.00187 -0.07895 0.15153 0.12183 -0.11005 -0.02357 -0.08623
0.13984 0.12203 -0.20400 0.21983 -0.10482 0.07710 -0.05556 0.18027 0.04282 -0.01760 -0.05110 -0.00465 -0.03659 -0.21120 -0.08727 -0.06805 0.13024 0.02207 0.04876 -0.06586 -0.05779 0.02431 0.01989 0.13290 -0.10252 -0.16841 -0.23000 0.18899 0.16549 0.10509 -0.26489 0.10904 -0.09557 0.08582 -0.23055 0.37344 0.09935 -0.34965 -0.06748 -0.11774
0.18152 -0.00387 -0.05172 0.32014 -0.03226 0.13180 -0.14156 -0.10690 -0.03009 -0.05047 -0.12169 -0.11449 -0.14638 -0.02680 -0.25829 -0.14127 0.04184 0.10446 0.06351 0.12791 -0.22946 -0.12166 -0.07838 -0.20810 0.07486 -0.19293 -0.17886 0.25839 0.27200 -0.23844 -0.14736 0.11278 -0.03716 -0.09145 0.08443 0.15873 0.12382 -0.27673 0.06165 0.02433
0.12790 -0.02530 -0.10331 0.26053 -0.03592 0.21492 -0.18792 -0.07070 0.05510 -0.15993 -0.17431 -0.10528 -0.04468 -0.11016 -0.09103 -0.02852 0.06414 0.20321 0.03260 0.18944 -0.13225 -0.04555 -0.17312 -0.31484 -0.06345 -0.13314 -0.24711 0.15586 0.29155 -0.01582 -0.25881 0.08097 0.01727 0.01606 -0.05136 0.09801 0.09928 -0.19498 0.00324 0.09660
0.10696 -0.03700 -0.15398 -0.01679 -0.07722 -0.25493 0.01708 -0.15339 0.04649 0.11450 -0.02453 -0.15227 -0.12022 -0.04122 0.08740 -0.00704 0.02874 -0.00681 0.15215 -0.00019 0.12884 -0.03057 0.05196 -0.07276 0.06755 -0.10907 -0.10990 0.02308 -0.20215 -0.09080 0.16852 -0.08817 -0.02072 -0.09518 -0.13388 -0.23566 -0.21773 0.16230 0.18377 -0.01785
0.08094 0.05591 -0.06246 0.06759 -0.05665 0.16566 -0.10655 0.10162 0.00237 0.14004 -0.08757 -0.14711 -0.20316 -0.16351 -0.14322 0.03988 0.05863 0.08129 0.02557 0.07273 -0.01564 -0.20385 -0.27420 -0.15278 0.00224 -0.10293 -0.25575 0.24592 -0.01237 -0.02796 -0.05429 -0.02257 0.10209 -0.02394 -0.23701 0.05620 0.00344 -0.10903 0.03420 0.03162
0.12020 0.06994 -0.08207 0.16226 -0.11947 0.23070 -0.19641 0.00977 0.04251 -0.18155 -0.18182 -0.00240 -0.08272 -0.01354 -0.01297 -0.11066 0.10309 0.16598 -0.05400 0.14557 -0.15866 -0.02658 -0.08608 -0.11040 0.07787 -0.31187 -0.21830 0.22308 0.17559 -0.00829 -0.18415 -0.00999 0.03923 0.04316 -0.06767 0.25056 0.08679 -0.22277 -0.00935 0.08468
-0.21322 -0.10367 0.05834 0.16812 0.15231 -0.29193 0.21030 0.03970 0.05341 0.07102 -0.11542 -0.06435 -0.12388 0.12439 -0.00223 0.07094 0.08873 0.08924 0.15751 0.11505 0.08652 -0.13425 0.09031 -0.04949 0.17491 -0.03765 0.14608 0.14283 -0.30202 0.16671 0.32756 -0.06395 0.17833 -0.01364 0.04921 -0.05133 -0.11233 0.00784 0.10823 -0.15756
0.00665 -0.10926 0.05034 0.02607 -0.00045 -0.12727 0.01613 0.12715 0.02335 0.15076 -0.05942 -0.14213 -0.01524 0.01221 0.02487 -0.05367 0.11951 -0.08810 -0.01757 0.04436 0.02091 -0.05714 0.10789 0.05997 0.11648 -0.18670 -0.00059 0.05597 -0.24893 0.11991 0.30499 -0.17184 -0.04070 0.02666 -0.09891 -0.04726 0.06216 0.03937 0.03811 -0.09833
0.02141 -0.02180 0.19115 -0.18089 0.15077 -0.12320 0.20886 -0.05306 -0.01856 0.08291 0.06404 0.06552 0.16219 0.04101 0.21753 0.09222 -0.08707 -0.20024 -0.05086 -0.20553 0.16726 0.10923 0.06449 0.19345 0.06841 0.10064 0.30191 -0.27178 -0.24642 0.05316 0.19692 -0.12446 -0.17643 0.03837 0.06702 -0.26983 -0.14464 0.21144 0.04863 -0.02881
-0.00734 -0.04654 0.16834 -0.16985 0.07944 -0.20257 0.18356 0.00027 0.02352 0.16232 0.21912 0.03258 0.16654 0.13255 0.23643 0.15456 -0.06461 -0.25073 -0.04626 -0.15201 0.21446 0.01026 0.12210 0.17951 -0.04572 0.16119 0.10521 -0.29358 -0.24380 0.16644 0.23921 -0.15809 -0.09575 0.07486 0.02965 -0.23905 -0.04527 0.29407 0.08398 -0.07510
-0.00777 -0.01766 0.15366 -0.14743 0.16609 -0.12838 0.20558 0.01632 -0.06241 0.05044 0.20856 0.16440 0.16847 0.04008 0.26283 0.10594 -0.04684 -0.29462 -0.08488 -0.18378 0.18690 0.11802 0.16105 0.21454 0.00391 0.13473 0.12166 -0.22288 -0.20889 0.02036 0.31169 -0.16479 -0.11551 0.08954 -0.05161 -0.21986 -0.12732 0.24014 0.01715 -0.01687
