0.02598 0.36373 -0.12324 0.12762 -0.16476 -0.00161 0.14241 0.24112 -0.38956 0.12541 -0.18734 -0.07471 0.05785 0.04359 0.04984 -0.21966 -0.19362 -0.38466 0.18310 -0.10961 0.26874 0.33838 0.16736 0.38583 0.27242 0.40832 0.09651 0.01577 -0.36027 -0.18163 0.34715 -0.09255 0.27106 0.12828 0.24416 0.35233 -0.33375 0.38229 0.09818 -0.18135
0.29050 -0.21454 -0.20719 0.17882 -0.27032 -0.32093 0.04682 0.24387 -0.23831 0.18227 -0.35173 -0.17522 -0.09420 0.01866 -0.13605 -0.33531 0.10246 -0.37771 0.13310 -0.16579 0.34871 -0.23920 -0.20351 0.36905 0.34929 -0.03401 -0.03035 -0.28049 -0.42850 0.13067 0.33743 0.32865 0.21619 -0.06396 0.05275 0.13164 0.06899 -0.08654 0.25804 0.05261
0.05663 0.04781 -0.18633 -0.22216 -0.05669 -0.10273 0.39932 -0.01687 -0.11633 -0.27738 0.33192 -0.22204 -0.17870 -0.03575 -0.14604 -0.06716 0.07162 0.24472 0.08980 -0.03808 0.21934 -0.28260 0.19662 -0.01553 -0.04743 0.19359 -0.20430 0.27073 0.01013 0.06913 0.12751 0.02406 0.19490 0.35337 -0.19201 0.03535 0.02039 -0.04228 0.23051 0.02182
0.00150 0.27663 -0.27030 -0.15973 0.14893 -0.11046 0.09910 -0.17029 0.11828 -0.09743 0.01686 -0.16325 -0.10290 -0.05579 0.10961 -0.14713 0.39215 0.27538 -0.10956 -0.10779 -0.11542 -0.13527 -0.20292 0.22224 0.00509 0.06057 -0.13793 0.21452 -0.16232 -0.04905 -0.10025 0.19769 -0.31912 0.10651 -0.04430 -0.33279 -0.11349 0.16532 0.31096 -0.32122
0.14631 -0.07269 -0.15919 0.19277 0.15803 0.03936 0.21682 0.34723 0.17310 -0.00618 0.28072 -0.24652 -0.21720 -0.02230 -0.03222 -0.10160 0.22732 -0.15600 0.11587 0.22382 0.19109 0.16583 0.34518 0.22162 0.05301 0.23604 -0.22571 -0.29859 -0.04602 -0.08558 0.22872 -0.24155 0.02033 -0.10169 0.41672 0.30573 -0.25279 0.25362 0.01941 0.25046
0.00215 -0.07868 0.20627 0.27688 0.33125 -0.28148 0.07033 0.26915 0.06102 -0.32653 -0.07941 0.25168 0.03442 0.18363 -0.21994 0.04094 -0.29916 0.02425 -0.27333 -0.32174 0.17640 0.23972 -0.35529 0.19348 -0.12882 -0.21261 -0.05629 0.16330 -0.32948 -0.14067 0.27605 0.36919 0.16418 0.06959 0.02071 0.33980 -0.28041 0.23829 0.10913 -0.27023
-0.29531 -0.01724 0.26996 0.19858 0.09535 -0.23830 -0.11215 0.20881 -0.05565 -0.15827 0.01174 0.23548 -0.20708 0.13392 0.15651 -0.04387 0.20141 -0.08993 0.06274 0.12065 0.10724 -0.31162 0.17214 -0.05110 -0.03926 -0.27882 -0.14721 -0.17056 0.26743 0.07763 -0.19852 -0.24097 0.03797 -0.34379 -0.23236 -0.11508 -0.03318 0.16968 0.24265 -0.35515
-0.17731 -0.06789 -0.39721 -0.28317 0.09749 0.10531 -0.28783 0.08752 -0.32421 0.12357 0.02846 -0.01494 0.27023 0.33525 0.07454 0.22506 -0.15044 0.00308 -0.22726 -0.05695 -0.24524 -0.15095 -0.08539 -0.25937 -0.05379 0.34764 -0.17476 -0.07443 0.25831 -0.21420 -0.15960 0.15732 -0.00033 0.02663 -0.04707 0.11380 -0.24924 -0.09459 -0.16944 0.14436
-0.18584 0.13953 0.11741 0.10533 0.21420 0.14061 0.28983 -0.35996 0.04885 -0.25066 0.36912 -0.07648 0.09181 -0.07662 0.07487 -0.09527 0.12914 -0.05854 -0.04093 0.03686 -0.02563 -0.01664 0.20779 0.05849 0.31485 0.12923 -0.28603 0.03957 0.08467 -0.12075 0.22478 0.00944 -0.01629 0.17656 0.18775 -0.24913 0.12011 -0.23153 0.30302 -0.25485
-0.19493 0.23389 -0.16983 -0.21805 0.07177 0.16384 0.08555 -0.25813 0.20273 -0.26451 0.20918 0.04725 -0.28649 0.00954 -0.27940 -0.13415 0.31826 -0.04560 -0.07924 -0.09620 0.17827 0.00344 -0.08576 0.12231 0.29122 -0.04038 -0.03249 0.22331 0.09117 -0.02290 0.21851 0.10750 -0.04401 -0.06449 0.03632 -0.05822 -0.01332 0.07450 0.17978 -0.15137
0.16428 -0.01040 0.04854 -0.16057 -0.27520 0.05755 0.12096 -0.15796 0.22620 0.02038 -0.18253 -0.03243 -0.14156 -0.14240 0.13812 -0.20206 -0.05661 -0.02691 0.19264 -0.31095 -0.34336 0.05497 0.20619 -0.15746 0.17900 0.17614 -0.15789 -0.10679 -0.07387 0.00384 0.37626 -0.17290 -0.37197 0.14470 -0.07698 0.36824 -0.14045 -0.25222 0.17130 0.04958
0.09416 0.28907 0.06695 0.27909 0.33828 0.07261 0.18368 0.06311 0.24982 -0.09435 -0.13315 0.17257 -0.23212 0.13006 -0.22217 -0.28086 -0.20595 -0.26690 -0.11408 -0.18719 0.07736 0.06571 -0.07797 0.16985 0.16274 0.20436 -0.19653 -0.08144 -0.33817 -0.34258 -0.03098 0.21364 -0.20022 -0.18693 0.03396 0.04272 0.23223 0.07989 -0.09661 0.08940
0.30041 0.28580 -0.28781 0.09318 0.40179 -0.29161 -0.10052 0.35901 0.24884 -0.17327 0.25226 0.08296 0.29726 0.34394 -0.07026 0.25896 -0.25049 -0.03548 0.05598 -0.05842 -0.02870 -0.26874 -0.36538 0.37213 -0.24319 -0.32382 0.15595 0.05036 -0.01953 0.09914 0.06309 0.00866 -0.31257 -0.07519 0.07093 -0.12180 0.21739 -0.09663 0.37184 -0.10124
0.06312 0.25952 0.37583 0.15977 0.02179 0.41564 0.28366 -0.04929 0.18014 0.29931 0.30935 -0.19644 -0.02975 0.18504 0.19980 0.16285 -0.13682 -0.07772 0.11737 0.27721 0.11817 0.13716 0.42026 0.00646 0.34694 0.21062 -0.39248 0.10194 0.00930 0.31624 0.09335 0.04308 0.19016 0.33912 0.19377 0.34022 0.02581 -0.12551 -0.18683 0.11709
0.05272 -0.14562 0.15059 -0.09684 -0.10542 0.11603 0.08671 -0.10300 0.17553 0.07494 0.21913 0.04116 0.17654 -0.26861 -0.32184 0.04137 0.06786 0.07878 0.09296 0.09518 -0.00941 -0.05799 -0.04151 -0.06246 0.18516 -0.11813 0.09754 0.12785 0.00601 0.33920 0.03066 0.11499 -0.10501 0.13492 -0.27298 0.30320 0.18325 -0.25771 -0.11402 -0.24046
-0.15782 -0.12798 0.01052 0.27660 0.10161 0.02780 0.28852 -0.09041 -0.07339 0.06432 0.05306 0.16553 -0.23035 0.00488 0.01125 0.14127 -0.10607 0.16361 -0.16035 0.03687 -0.13719 0.25132 0.06020 -0.02993 -0.36566 0.02814 0.07768 0.17206 -0.08454 -0.27079 0.23837 -0.15971 0.19046 0.00358 0.16294 0.23015 0.12327 0.09323 -0.05296 -0.18157
-0.21115 -0.16714 0.14604 -0.08925 -0.34195 0.23835 0.06261 0.05932 0.27375 0.08450 0.01905 0.31730 -0.23889 0.00484 -0.06289 0.15683 0.19784 -0.33275 0.14444 0.12017 -0.19203 0.18274 -0.10466 -0.04143 0.06286 0.11752 -0.34916 -0.12913 -0.04939 0.03666 -0.25469 0.22976 0.27037 -0.10554 -0.31994 0.06980 0.13466 -0.09587 -0.02901 0.19323
0.21052 -0.34442 0.22510 -0.24976 -0.26075 0.35818 0.29799 -0.24606 0.35095 -0.09870 -0.17646 -0.02843 -0.25568 -0.16939 0.34060 0.20360 -0.16978 -0.15362 0.33665 0.11459 -0.05359 0.31044 0.25404 0.17697 0.28043 0.05202 -0.21555 0.06255 -0.05053 0.32726 0.06542 -0.22948 0.28402 0.26120 -0.07231 0.04614 0.10678 0.11080 -0.17886 -0.15936
-0.39866 0.21123 0.09047 -0.10572 -0.21745 -0.21602 -0.21680 -0.31909 0.15003 0.05292 0.11751 0.15200 0.35634 -0.21869 0.09875 -0.07121 -0.30506 -0.02166 0.20339 -0.29912 -0.18268 0.23177 0.00777 0.06040 0.27235 0.26617 0.24567 -0.05075 0.28886 -0.24346 0.13285 0.24244 -0.42160 0.00536 0.27121 -0.18723 -0.18706 0.06060 -0.03194 -0.19430
-0.35405 0.10494 0.22004 -0.16699 -0.18586 -0.09297 0.33188 0.24119 -0.13218 -0.24025 -0.36889 0.19643 0.16121 0.27709 0.27434 -0.11810 0.34266 0.06905 -0.24326 0.04635 0.29949 -0.00550 0.03733 0.01246 -0.18655 0.06024 -0.17741 -0.40419 -0.12231 -0.11410 -0.25241 -0.12758 0.17885 0.23421 0.07795 0.19727 0.31941 -0.06729 0.12945 0.01277
0.15814 0.22239 -0.30146 -0.19308 -0.04201 -0.27552 -0.03667 0.16814 0.12842 -0.23779 0.00898 0.15727 -0.04988 0.11598 0.09019 -0.03074 0.02273 0.31160 0.13522 0.28664 0.12556 0.25008 0.02296 0.01457 -0.16026 0.14771 0.04079 0.26139 0.10942 0.16681 0.31021 -0.00168 -0.24406 -0.27302 -0.29134 0.14526 0.07617 0.00134 0.24285 -0.17389
0.09964 0.07078 0.34842 0.10265 0.04901 -0.14042 -0.37042 0.02578 -0.22878 -0.09895 -0.22529 -0.04709 -0.30947 0.10874 0.25417 -0.15335 0.17520 0.13736 0.10341 -0.11421 0.01783 -0.28066 0.20920 -0.22957 -0.28101 -0.16983 0.06452 -0.03885 0.12052 0.28014 -0.41079 -0.22064 0.19492 -0.26524 -0.11321 -0.00800 -0.18744 0.34048 -0.05276 -0.33184
0.26786 -0.09764 0.03708 0.18826 0.16472 -0.19348 -0.02317 -0.07849 -0.22965 -0.15645 0.06921 0.09363 -0.25075 -0.11446 -0.26551 0.28894 0.12181 0.25036 -0.04571 0.16829 -0.28713 -0.01655 -0.27230 0.29028 -0.06579 0.13240 0.18183 0.08034 0.29947 0.21794 0.21413 0.25543 0.16471 0.29800 -0.15082 -0.19135 0.21603 -0.28754 0.10833 0.11229
0.02910 -0.20881 -0.14546 -0.21066 -0.27029 -0.17029 0.01940 0.03427 0.28502 -0.03929 -0.26773 -0.10860 0.08862 -0.32199 -0.19885 -0.06800 -0.11418 0.15017 -0.05624 0.33373 0.07815 0.35403 -0.11280 0.28475 -0.18445 -0.06376 0.23317 -0.37846 -0.13593 -0.11540 -0.11532 0.16403 0.37264 0.03111 0.22912 0.46553 -0.26925 -0.26604 0.09895 0.25515
0.16418 -0.42880 -0.12664 -0.18219 -0.24454 0.09518 0.30556 -0.14418 0.36407 0.23441 0.24872 -0.03552 0.42753 0.04129 -0.40316 -0.41181 0.11093 0.03207 -0.31682 -0.26669 0.46161 0.11491 0.19965 -0.07774 -0.10674 0.08625 -0.10701 0.01975 0.25199 -0.13245 -0.20789 -0.43802 0.19348 -0.25185 -0.14735 -0.34515 -0.22838 -0.16350 -0.07319 0.03523
-0.00961 -0.45134 0.00352 0.23197 -0.24212 -0.23482 -0.27783 0.03730 -0.10835 0.05609 -0.16199 -0.20836 -0.02109 0.24410 0.44342 0.07777 -0.07113 -0.16976 -0.00060 0.30368 -0.14454 0.04742 0.02346 -0.44677 0.24304 -0.26460 -0.14998 0.19093 -0.13074 0.00988 0.08839 -0.06016 -0.13256 -0.08029 -0.21104 -0.14718 0.03543 -0.16773 -0.32550 0.17706
0.30319 0.18114 -0.04988 -0.21592 0.16934 0.10848 -0.05297 -0.19344 -0.10535 -0.08657 0.30636 -0.23805 0.13227 -0.13545 0.02873 0.07184 0.22832 0.32518 -0.34892 0.22367 -0.10703 -0.00838 -0.37671 0.15912 -0.25077 0.42006 0.04392 -0.45819 0.00131 -0.06029 0.09553 0.41369 0.03143 -0.17602 -0.24791 -0.16822 0.32258 0.28817 -0.23417 0.21789
-0.22533 -0.15687 -0.10062 0.35845 -0.10634 0.10509 -0.00296 0.14181 -0.01816 0.17038 -0.29108 -0.03390 -0.16344 -0.34286 -0.40264 -0.11249 0.25344 -0.10968 0.17545 0.29749 -0.00750 -0.12054 -0.17120 0.30136 0.02909 -0.13630 0.00042 0.30405 -0.08637 -0.22412 -0.03016 0.30249 -0.27267 -0.19620 0.07414 -0.07170 -0.23869 0.19621 -0.05337 -0.02099
0.33377 0.34742 0.21119 0.25823 0.11035 0.05168 0.36373 -0.00692 0.31274 0.12662 0.00830 0.42465 0.31272 0.24397 -0.15971 -0.09156 0.07711 0.32983 -0.09357 0.43346 0.05827 -0.01021 0.16156 -0.14925 0.39965 -0.28223 0.00800 -0.34822 -0.05208 0.13631 0.18745 -0.34977 -0.25956 0.35552 -0.29033 -0.06959 -0.32094 0.28438 -0.28026 -0.19840
0.33037 0.08305 -0.04263 -0.18340 -0.05521 -0.10961 0.25002 0.08438 -0.23041 -0.07457 0.08971 -0.06468 -0.22718 0.27486 -0.23774 0.25003 0.18185 0.21819 0.05164 -0.23350 0.09580 0.06670 0.15261 0.16086 0.08841 0.07574 -0.00250 0.00133 0.03957 -0.06836 0.14795 -0.17801 -0.22378 0.21740 -0.11016 -0.17405 -0.06028 0.09602 0.18608 0.02017
0.17056 -0.02422 0.07573 0.05749 -0.18890 0.09754 -0.13633 -0.21431 -0.29159 -0.24171 0.33795 0.30714 -0.10524 -0.19664 0.00627 -0.04437 -0.07992 -0.04084 0.13229 0.28615 0.29319 -0.22661 -0.10165 0.14757 0.05075 -0.13155 0.28860 -0.03876 -0.24553 0.18865 -0.18703 -0.16995 -0.28689 0.13736 0.17499 -0.29199 0.03168 -0.14597 -0.25586 -0.21614
0.02008 0.09300 0.28351 -0.25428 0.10460 0.17492 -0.06677 -0.02005 0.00526 -0.06262 -0.03520 0.31704 -0.27469 -0.23892 0.19995 0.05437 -0.05082 0.06162 0.07226 0.00678 -0.02779 0.13113 0.08384 -0.19996 0.17836 -0.10112 0.30982 0.01533 -0.15386 0.27376 0.05413 0.22101 -0.30375 -0.11501 0.04024 -0.00173 0.05758 0.00264 -0.07726 -0.07882
0.14734 -0.15006 0.28543 0.19816 -0.20203 0.04590 -0.03300 -0.06580 -0.23965 0.10502 -0.15716 -0.21716 -0.34538 -0.14328 0.10708 0.32498 0.05447 -0.11804 0.04780 -0.03901 -0.14967 -0.20752 -0.10081 -0.11353 -0.08786 -0.30452 0.36009 -0.07590 0.28766 0.28165 -0.17559 0.17911 -0.33306 -0.18415 0.24911 0.03656 0.20400 0.05719 0.27455 0.18364
-0.01047 -0.37109 -0.07389 -0.03512 0.20470 0.02562 -0.03393 0.04437 -0.26389 -0.13285 0.28708 0.12803 0.22751 -0.08818 -0.27558 -0.23082 0.35401 -0.08522 -0.11632 -0.07561 -0.25701 0.18775 0.16754 -0.14032 0.01898 -0.12157 0.30158 0.10052 -0.23738 -0.14417 0.04629 -0.10198 -0.28429 -0.38003 -0.20818 0.25930 0.08400 0.04261 0.46543 -0.18741
0.09063 0.08794 -0.19498 0.06691 0.06448 -0.16740 -0.17509 -0.13729 -0.15482 0.36109 0.02915 0.24774 -0.15848 0.03160 -0.03193 -0.11184 -0.07419 0.02278 -0.24713 0.02550 -0.06493 -0.15936 -0.33774 0.13610 0.09711 -0.16134 -0.15458 0.07098 -0.28596 -0.16595 -0.11427 -0.02770 0.14359 -0.03995 -0.03838 -0.03907 0.31375 0.30990 0.19992 0.04206
-0.15092 -0.08245 0.05847 -0.16723 -0.31453 -0.07775 -0.21577 0.03671 -0.20290 -0.17110 0.10300 0.27885 -0.22774 -0.35048 0.08438 0.09754 0.23617 -0.16810 0.01762 0.19465 0.16240 0.09579 -0.10512 0.08946 0.24571 -0.22208 0.34794 0.12620 0.25058 0.35154 -0.17078 0.25622 -0.26889 -0.16262 0.03240 -0.13873 -0.18757 -0.04301 -0.09730 -0.17947
0.41467 -0.07354 -0.01012 -0.07717 0.09450 0.32652 0.30320 -0.12545 -0.19864 0.11885 0.21908 -0.09052 0.04999 0.06177 -0.31315 -0.19474 -0.23727 -0.18088 0.20477 -0.06028 -0.22141 -0.00548 0.12287 0.47983 0.19594 0.19663 0.42767 0.21338 -0.22542 -0.24502 0.12889 0.17566 0.06635 -0.05224 0.38112 -0.03123 0.06354 0.03995 -0.03353 -0.29091
0.01332 0.26836 0.28224 0.27624 0.06969 0.02098 0.06130 0.22824 0.18168 0.28064 -0.23709 0.23493 0.05517 0.03684 -0.18052 -0.32359 -0.20186 0.23168 -0.34414 -0.21934 0.06814 -0.35085 -0.05335 -0.13476 -0.26782 0.14678 -0.27149 0.35068 0.31781 -0.23867 0.01825 0.10039 -0.22754 -0.09879 -0.17514 -0.11388 -0.01544 0.39189 -0.45380 -0.14344
0.01162 0.22853 -0.36541 -0.21864 0.22321 0.02636 -0.04423 0.08875 -0.24256 -0.15782 -0.12176 0.12678 0.24144 0.02741 0.10492 0.10001 0.05537 -0.07284 0.20163 -0.40260 -0.22739 0.01629 -0.10268 0.17544 0.18111 0.39647 0.23691 -0.38174 0.29664 -0.24644 -0.04294 -0.31903 -0.25303 -0.06445 0.28524 0.05230 0.33063 0.10383 -0.23351 -0.27765
0.18679 -0.11281 -0.25240 -0.05159 -0.28690 0.13708 0.37050 0.25166 -0.01648 0.19229 0.45363 0.23201 -0.09673 -0.21079 0.47411 0.28444 0.31318 -0.35714 -0.13664 0.25289 0.18512 0.10176 -0.32721 -0.07080 -0.16282 -0.27609 0.44447 -0.13001 0.26689 0.17124 0.15475 0.16797 -0.34234 -0.03094 -0.18799 -0.19518 -0.16964 0.22060 -0.22087 -0.24063
0.03253 -0.18911 -0.03812 0.09611 0.13484 0.12870 0.02949 0.32761 -0.23456 -0.21129 -0.28105 -0.19393 0.32500 0.11271 -0.07015 0.24160 0.03377 -0.18439 0.26788 -0.20593 0.22208 0.00245 -0.33541 0.11673 0.32905 0.40377 0.23910 -0.33913 -0.04284 -0.40403 -0.31504 0.26005 -0.08059 0.18200 0.15735 0.01579 0.09574 0.00052 0.14889 -0.28173
0.26541 -0.25162 -0.24303 0.24483 -0.08657 -0.00964 0.00639 -0.19756 -0.20966 0.04950 0.14004 0.13418 -0.00134 0.21653 -0.23510 0.13863 0.07295 0.09201 0.23528 -0.21156 0.35288 0.39838 0.32404 -0.01211 -0.20217 0.39008 -0.00332 -0.15241 -0.06676 0.09546 -0.19449 -0.09923 0.22569 0.10536 0.13279 -0.09855 -0.22213 0.13194 -0.13919 0.10866
-0.25484 -0.00231 0.01927 0.19622 0.19038 -0.25928 0.11690 0.31741 0.09042 0.08245 -0.03703 0.30456 0.34047 0.19427 -0.19811 -0.04273 -0.07925 -0.08989 0.28618 -0.22224 -0.23525 -0.11126 0.09718 -0.09762 -0.04485 0.22500 -0.34908 0.05468 0.17676 -0.30440 0.11393 0.03075 0.07823 -0.10843 0.20852 -0.03676 -0.05373 0.00814 -0.20184 0.22569
-0.34375 -0.15313 0.13222 -0.02705 -0.08287 0.02835 -0.00494 -0.00113 0.36622 0.06937 -0.03855 0.20969 0.23172 -0.16421 -0.28970 -0.20995 0.10753 0.20809 0.11683 -0.02771 -0.11926 0.02263 0.14452 0.02536 0.16786 0.41178 0.07548 -0.15786 -0.08864 0.12084 0.10918 0.02685 0.17633 -0.01742 0.08433 0.21902 -0.07606 0.28152 -0.22315 0.25316
-0.01218 -0.00264 0.14550 0.23593 0.26829 -0.12670 -0.07878 0.15118 0.22320 -0.07757 -0.01929 0.11140 -0.04531 -0.14966 -0.09824 -0.17248 -0.10078 -0.12573 0.03480 0.01899 0.22385 -0.14687 0.13788 0.19002 0.04681 0.04450 0.00995 -0.00411 -0.05536 -0.03417 -0.08573 -0.21309 0.03432 0.08529 0.07759 0.30738 0.18369 0.04487 -0.37256 0.24334
-0.07750 0.28215 -0.17665 -0.04866 -0.04042 0.15904 0.23234 -0.33820 -0.07326 0.07173 0.20193 -0.33692 -0.08287 0.47652 0.09697 0.10789 0.14002 -0.36343 -0.31274 -0.08668 -0.17502 -0.18158 0.27483 0.37004 0.14370 -0.19679 -0.00991 -0.29051 -0.31613 0.09196 0.31711 0.06226 0.26196 -0.27302 0.09365 0.26408 0.43918 -0.08494 -0.03393 -0.08370
-0.34384 -0.18528 0.27060 0.25846 -0.14680 -0.25692 0.00505 0.39900 0.10728 -0.15790 -0.17352 -0.14053 -0.01109 0.30803 -0.45054 -0.07963 0.26025 0.03024 0.11503 -0.31353 0.04726 0.15114 0.25754 0.31467 -0.12855 0.36872 0.26753 0.14229 0.38050 -0.22603 -0.01599 -0.06390 0.25828 -0.00332 0.10992 -0.17209 0.03888 0.20193 -0.06995 -0.26440
-0.20150 -0.21770 0.13809 0.23270 -0.25229 -0.09569 -0.02212 0.11111 0.02191 -0.17036 -0.25497 0.22056 0.23063 0.03513 0.01861 -0.22494 -0.27418 -0.20485 0.26434 -0.33264 0.17844 -0.29375 -0.16748 -0.29997 -0.07760 0.20224 -0.08155 0.35939 0.30267 0.22266 0.35683 0.24456 0.06059 0.27640 -0.33924 -0.17946 -0.30791 -0.15956 0.18038 -0.22300
0.07537 0.13945 0.21476 -0.35623 0.14878 0.01354 0.23705 0.22535 0.02147 0.13540 -0.09703 0.43963 -0.30016 -0.07834 0.24675 0.12280 0.16624 0.08324 0.05541 0.45322 0.18748 -0.38580 0.44814 0.07735 0.06199 -0.04345 -0.00271 -0.07772 0.03180 -0.05755 0.03083 -0.30319 -0.13114 0.10228 0.34092 0.00079 -0.49600 -0.05487 -0.29956 0.04182
-0.28513 0.03282 0.12959 -0.20424 -0.15337 0.26521 -0.48417 -0.08225 -0.23386 0.24419 -0.48885 0.03434 -0.41228 0.13979 0.43941 -0.26209 0.33803 0.28667 -0.11678 -0.32950 0.38993 -0.42364 -0.26073 0.40410 -0.08113 -0.03061 -0.26248 -0.28322 0.15436 0.02023 0.08215 -0.06246 0.32554 0.35446 -0.31096 0.41434 0.00116 0.27788 -0.11257 -0.07322
0.13818 -0.03617 0.12104 0.33032 -0.22185 -0.23014 0.33907 -0.06427 -0.07941 0.17792 0.31671 0.26268 0.33225 -0.15883 0.18676 -0.30595 0.04904 -0.09105 0.36450 -0.04606 0.06413 0.25867 0.47857 -0.02382 -0.14700 -0.07255 -0.08392 -0.19863 0.09121 -0.45869 -0.20511 -0.16552 -0.04166 0.19270 -0.14591 0.22649 0.19874 0.16271 -0.37140 -0.19790
0.27307 0.19784 -0.24771 0.12417 0.33389 0.09619 0.06887 0.16481 0.05113 -0.01828 0.01321 -0.28981 0.07079 0.02912 -0.31982 -0.17217 -0.29543 -0.11700 -0.02760 -0.06351 0.11837 0.06019 0.19270 -0.14383 -0.03284 0.27905 -0.03950 -0.17058 0.07689 -0.10189 0.01783 -0.08773 -0.19925 0.30544 0.13443 0.34028 -0.12816 0.05530 -0.43406 0.31970
0.22369 -0.12140 -0.02713 0.10449 -0.10746 0.15711 0.09470 -0.39710 0.33852 0.12635 -0.06784 0.29077 0.18702 -0.22574 0.30905 0.26728 0.25820 -0.18824 0.11031 -0.22574 0.12251 0.28008 -0.01589 0.01676 -0.12958 -0.22489 -0.14109 0.07999 0.02727 0.29987 -0.10552 0.30673 -0.01113 -0.12362 0.00971 0.00736 0.41373 0.03370 -0.25964 -0.04445
0.17994 0.22658 -0.37029 0.13715 0.06451 -0.04274 0.11589 -0.09214 -0.17595 -0.32065 -0.29442 0.07147 -0.28895 -0.22290 -0.05406 -0.03954 -0.01117 0.23214 0.12712 -0.04050 0.22896 0.04857 0.18815 -0.09502 -0.30445 0.01949 0.01564 0.25232 -0.03616 0.06985 0.14171 -0.18616 -0.02004 -0.22010 -0.34794 -0.04666 -0.19061 0.12159 0.05460 -0.20309
-0.25533 -0.38135 0.20995 -0.30348 0.00131 -0.10051 -0.20145 -0.08092 -0.19024 0.42255 0.20159 0.18850 0.06838 0.34092 0.15187 0.09179 0.28137 -0.27428 -0.08706 0.13370 0.02234 -0.44605 -0.08493 0.32697 -0.25355 -0.32763 0.14113 -0.00575 0.00457 -0.24772 0.23045 0.26289 -0.26927 0.03691 0.30656 0.03865 -0.33851 -0.08405 -0.26487 -0.22127
-0.20982 -0.10978 0.25088 -0.25875 0.33224 -0.05379 -0.13794 -0.25553 -0.35694 0.07729 0.03194 0.39144 -0.17290 0.04761 0.17758 -0.02169 0.10981 0.07894 -0.14838 -0.10089 0.12362 -0.33429 -0.03898 0.02910 0.02847 -0.14874 0.08819 -0.07013 -0.03967 0.09420 0.02890 0.12562 -0.14489 -0.10957 0.22121 -0.19186 0.12778 0.06066 0.26580 -0.29093
0.04929 0.02377 0.24006 -0.18554 0.16089 0.27045 -0.11928 -0.23208 -0.21065 0.26211 -0.15140 0.27705 -0.26579 0.21096 0.08488 -0.21339 0.21713 -0.08546 0.00341 0.20141 -0.22069 0.02166 -0.22594 0.21658 -0.17196 -0.05051 0.20110 -0.11560 -0.27584 -0.23235 0.15673 0.08524 -0.20533 -0.28018 0.37744 0.10589 0.15057 0.11102 -0.25305 -0.42304
-0.05763 -0.02607 0.16510 -0.03350 0.38342 0.04065 -0.08106 -0.01343 -0.31259 0.16933 0.15521 0.31676 -0.01473 0.22371 0.17143 -0.09633 -0.22148 -0.19875 -0.08241 0.00201 -0.19101 -0.36370 0.05364 0.00998 -0.14445 -0.23806 -0.08533 0.13973 -0.25088 -0.10487 0.21483 0.04180 -0.00955 0.19874 0.14742 -0.05762 -0.20083 0.15442 0.02355 -0.33842
-0.16704 -0.13970 -0.17689 -0.35995 0.17651 -0.10635 -0.01872 -0.02095 0.02628 -0.08200 0.10417 0.02469 0.34824 0.18534 0.11333 0.19859 0.11776 -0.07988 0.14787 0.23654 -0.08411 -0.14512 -0.16397 0.14420 0.15454 -0.01365 -0.13998 0.25530 0.18651 0.07576 -0.05102 0.15840 0.08649 -0.01678 0.29160 0.04861 -0.29688 -0.04289 -0.14982 -0.03864
-0.03804 -0.03847 0.40381 0.16655 -0.13307 -0.10588 -0.14953 0.03539 0.06206 0.32019 0.01189 -0.39363 -0.18543 0.30691 -0.04410 0.16304 0.16962 -0.18594 0.30042 -0.26932 0.20143 0.35401 0.04372 -0.35694 0.10469 0.09679 -0.34457 -0.32054 -0.27294 0.07107 0.15171 -0.36113 0.07373 0.09136 0.01171 -0.28850 -0.29854 0.34306 0.11144 0.19866
-0.15591 -0.07028 -0.31100 0.18684 -0.08821 -0.01988 0.08200 -0.27892 -0.16511 -0.28470 -0.40119 -0.29557 -0.23356 -0.11847 0.21380 -0.14263 -0.38792 0.34425 0.38325 0.08849 -0.05264 0.07648 -0.44528 0.16823 -0.26585 0.20368 -0.06431 0.08937 0.02981 -0.23948 0.24507 0.40586 0.23789 -0.12820 -0.22067 0.17587 -0.12687 0.24272 -0.23007 -0.21301
0.04601 -0.00288 -0.15396 0.00320 0.03519 0.11846 0.06939 -0.09494 -0.18084 -0.36063 -0.09261 0.08952 -0.08436 -0.12747 0.20875 -0.22565 0.09661 0.10435 -0.21531 -0.08678 0.02107 -0.09160 0.17714 -0.17712 -0.20645 -0.08879 -0.21726 -0.15961 -0.29936 -0.08624 0.15132 0.06350 -0.25720 -0.02990 0.16641 -0.14397 0.26504 0.15177 0.06934 -0.27607
0.21140 0.24566 -0.13304 -0.15974 0.17972 0.22511 0.25032 -0.28852 0.01712 0.01205 -0.22562 -0.05335 -0.27326 -0.28224 0.13818 0.27719 0.13929 0.23878 -0.12492 0.00383 0.17710 -0.07387 0.00378 -0.26938 -0.25989 0.27520 -0.08564 0.04938 0.05543 -0.27287 0.12447 0.19457 0.23574 -0.10812 0.16764 0.28800 -0.08491 0.08935 -0.21459 0.22704
0.11777 -0.06337 0.03514 0.04247 0.20058 -0.30268 0.02477 0.23236 0.04798 0.30962 0.23756 -0.00339 0.00783 -0.13607 -0.28166 0.16773 0.05482 0.10349 -0.15129 0.12894 -0.22865 0.01179 0.07821 0.33069 -0.24903 0.31802 0.06130 -0.01080 -0.17663 -0.42055 -0.14495 0.20428 0.06082 -0.38345 0.27036 -0.23318 -0.04675 0.39433 -0.01947 -0.26546
0.10254 0.24265 -0.28791 -0.17762 0.13213 0.01074 0.03493 0.05900 -0.17253 0.35747 -0.23084 -0.12585 0.27110 -0.03144 -0.20466 -0.17409 -0.11152 -0.16311 0.00509 -0.14856 0.04592 -0.04462 0.33493 -0.23367 0.02163 0.01875 0.15647 0.19617 -0.13726 -0.00527 0.22586 0.00530 -0.19756 0.04250 0.05818 0.17407 0.11653 0.07776 0.28774 -0.07180
-0.10474 -0.16744 -0.04265 0.14224 -0.00188 -0.03983 0.08664 0.05847 -0.04175 0.09634 -0.01911 0.07382 0.04771 0.06052 -0.19151 0.25443 -0.23442 0.30885 -0.07931 -0.11399 -0.04880 -0.11391 -0.12827 -0.28760 -0.17601 0.14254 0.04254 0.28852 0.16019 -0.38121 -0.01338 -0.00749 -0.17172 -0.33385 -0.09866 0.12179 -0.08835 0.03763 -0.35325 0.10646
0.32267 0.24536 -0.20966 0.18380 0.02727 -0.31494 0.34740 -0.33371 -0.14939 0.06141 -0.16320 0.14289 -0.27150 -0.00206 -0.34658 0.11038 -0.07251 0.28702 0.14221 -0.12010 -0.28061 -0.11516 -0.06318 -0.01290 -0.15798 -0.27285 0.09091 0.24283 -0.03177 -0.19993 0.06878 0.26968 0.03062 0.01569 -0.30849 0.14270 0.04594 0.34679 -0.07375 -0.04343
0.11237 -0.13181 -0.04104 -0.16925 -0.22946 0.18975 0.23982 -0.11017 0.15757 0.10465 0.04500 -0.13489 0.29562 -0.15765 -0.17119 -0.09296 0.38333 0.09345 0.17747 0.12786 0.01729 0.17931 0.16733 0.10164 -0.01208 -0.31384 0.11429 -0.16882 0.02880 -0.01848 0.12211 0.13018 -0.07619 -0.09115 -0.26393 0.32954 0.25108 -0.19853 0.42065 0.27479
-0.13184 -0.12009 0.13055 0.26448 0.12981 0.02050 -0.26452 -0.15750 -0.03716 0.01863 -0.04510 -0.10876 0.06533 0.19671 0.18061 -0.06884 0.34517 -0.08225 -0.22801 -0.16749 0.11266 0.15346 0.21895 -0.17015 0.04399 -0.22588 0.03760 -0.31427 0.18104 0.13440 0.29115 0.24598 0.06744 -0.14145 0.20958 -0.04591 0.09920 0.19227 0.33696 -0.23296
-0.27295 -0.26756 -0.17849 0.07458 -0.05452 0.20340 -0.11775 -0.30277 -0.14632 0.02220 0.23383 -0.15362 0.34266 0.20148 0.05727 0.08507 -0.20631 -0.05232 -0.06079 0.07794 -0.20865 -0.15732 -0.33487 0.13447 0.15280 0.02422 -0.18395 0.24363 0.03697 -0.19576 0.20772 -0.08196 0.23629 0.18561 0.17536 0.14438 -0.02791 0.04920 0.06553 0.30332
-0.12981 0.21458 -0.32931 -0.13104 -0.20549 -0.20126 0.10537 -0.36202 -0.36583 -0.04998 0.13254 0.00098 -0.24288 0.09848 0.31888 0.35936 -0.04326 -0.19156 0.00123 0.41530 0.36513 -0.22042 -0.02093 0.16443 -0.05393 -0.32905 0.31328 0.22913 -0.25723 -0.42334 0.06232 -0.31386 -0.10968 0.16475 -0.19248 0.38106 0.11702 -0.18576 0.19874 -0.11623
-0.32739 -0.36731 0.05105 -0.32529 -0.10495 0.27732 -0.16266 -0.26336 -0.13462 -0.03664 0.26142 -0.13888 0.32835 0.41943 0.29458 0.24002 0.25040 0.06769 -0.27110 -0.07360 0.11223 0.18490 -0.07661 -0.19291 0.07874 0.15530 0.22760 0.31462 0.28045 0.09806 -0.16882 -0.01358 0.22308 0.06307 -0.20236 -0.09106 -0.10818 -0.10460 0.23464 0.27651
-0.12332 0.27052 0.11116 0.16612 0.26682 0.21960 0.17356 -0.29210 -0.11811 0.20578 -0.25096 -0.20928 0.27388 0.28374 -0.06846 -0.11342 0.17597 0.22905 -0.01205 -0.25477 -0.23694 -0.12173 0.31034 0.31016 0.00953 -0.18655 0.10140 0.11861 -0.05241 -0.23601 0.00927 0.32049 -0.05798 -0.02219 0.11842 0.09956 -0.17025 -0.08866 0.07296 -0.14729
0.09862 0.29081 0.14543 -0.32813 0.03815 -0.20833 -0.34942 0.00053 -0.05827 -0.42198 0.25801 -0.41886 -0.25508 0.17741 0.05460 -0.35094 -0.20985 -0.23718 -0.16925 -0.20166 0.10339 -0.15791 0.22287 0.12625 0.36699 0.16080 0.34232 0.34561 -0.12335 0.20899 0.06825 0.39108 -0.12959 -0.18206 -0.03852 -0.29382 0.23240 -0.34040 -0.35601 0.29489
-0.22435 -0.06494 -0.04548 -0.30293 -0.22723 -0.34558 0.12073 -0.18947 0.04728 -0.20133 -0.10317 -0.22302 -0.10792 0.14080 0.09527 -0.22786 -0.09921 0.16896 -0.36531 0.21456 -0.33042 -0.14007 0.17984 -0.14096 -0.28352 -0.17177 0.25116 0.15522 -0.02983 -0.03121 0.25975 0.06104 0.17423 -0.15685 -0.04531 0.39589 0.16939 -0.34467 0.20498 -0.11791
0.21724 -0.17130 0.11036 0.30166 0.12747 -0.03109 -0.06111 -0.05706 -0.27780 0.21008 0.10004 -0.20791 0.09369 -0.15702 0.08944 0.13235 -0.40551 -0.00812 -0.22202 -0.21819 -0.18572 0.29254 0.19884 0.07497 -0.06773 0.14954 0.19735 0.41007 -0.38123 -0.32782 -0.24805 0.02165 0.21603 -0.14176 0.12783 -0.25581 0.10694 0.28572 0.01861 -0.04550
-0.02753 0.11668 -0.20791 0.15571 -0.08941 0.20631 0.16080 -0.12458 -0.19067 -0.26897 0.33417 -0.03841 0.18761 -0.05088 -0.00380 -0.10463 0.06800 -0.15283 0.01979 -0.37939 -0.21307 -0.26999 0.04378 0.18617 0.25855 0.17475 0.06580 -0.31834 0.20062 -0.18154 0.18812 -0.11527 -0.23114 -0.02811 0.39635 0.14667 0.23022 0.04503 0.12559 -0.16339
0.17190 0.10371 -0.19221 -0.18715 0.01158 0.07812 0.14130 -0.06742 -0.31866 -0.08840 0.06481 0.15273 -0.02424 0.05496 -0.27841 0.12148 0.14659 0.23410 0.07249 -0.03357 0.17115 -0.09386 -0.01511 0.33264 0.17531 0.22917 -0.24617 -0.04749 -0.20216 -0.35887 -0.07165 0.13763 -0.03495 -0.02390 -0.01060 -0.29679 0.12373 0.20786 0.29633 -0.12933
-0.21811 -0.04151 -0.32323 -0.20981 -0.26490 0.19596 0.49273 -0.34706 0.20551 -0.18958 -0.24260 -0.10784 0.11761 0.30914 0.07878 -0.30193 -0.00168 -0.30509 -0.32397 0.30954 0.02672 -0.27668 0.29373 0.05952 -0.06155 0.47183 -0.08770 -0.13406 -0.46314 -0.09016 -0.04041 0.10358 -0.03226 0.01319 -0.01193 -0.10629 -0.33919 -0.08525 -0.14647 -0.17211
0.32676 0.28933 -0.17319 -0.10752 0.09031 0.19138 0.19111 0.14898 -0.18473 0.27693 -0.07857 -0.36679 0.03614 -0.31301 -0.20067 0.10733 0.22553 0.35986 -0.15257 -0.32257 -0.39415 0.26691 0.22014 -0.41548 -0.08583 -0.04090 -0.16951 0.16466 -0.07741 -0.26103 -0.22956 0.36734 -0.13707 0.07017 0.11229 0.24103 0.27449 -0.14932 -0.25086 0.10780
0.37384 -0.21753 -0.11023 0.21719 -0.22054 0.23677 0.16300 -0.16921 0.10625 -0.21584 0.14274 -0.19650 -0.10675 -0.12765 -0.22694 0.37845 0.36303 -0.20715 -0.02698 -0.24202 -0.17953 0.09324 0.25005 0.00028 -0.02454 -0.03114 0.41342 0.24991 -0.05010 -0.34834 0.28671 -0.23832 -0.14538 -0.22557 0.26765 0.29287 -0.29679 -0.34923 0.41253 0.15278
0.29058 -0.06230 -0.18679 -0.30272 0.05862 0.13986 0.15213 -0.12250 -0.10252 0.03411 0.37024 -0.03579 -0.15652 -0.11271 -0.09958 -0.18400 -0.19358 0.19187 0.00619 0.08969 -0.30972 0.16753 -0.19886 0.36125 0.00652 0.10560 0.23312 -0.02581 -0.37563 -0.32974 0.20061 0.08413 -0.19637 0.04824 0.32250 -0.19635 0.01087 -0.22670 -0.06340 -0.28695
0.12867 -0.26360 -0.19271 0.35674 -0.35509 -0.37547 -0.08353 -0.32415 0.39566 -0.17269 -0.16731 0.29039 0.05819 0.31173 0.24165 0.27174 -0.25997 -0.22285 0.36147 0.08250 0.08415 0.02604 0.40081 -0.33817 0.14991 -0.01229 -0.16331 0.07307 -0.42940 0.15214 -0.20544 0.35613 0.23675 -0.23645 0.40876 0.07222 0.09639 0.28808 -0.32080 0.27481
-0.39363 -0.14113 -0.01536 0.38276 0.02194 0.18818 0.06071 0.05414 -0.35203 0.26944 0.32596 0.30588 -0.02820 -0.15602 -0.05015 0.30348 -0.38863 0.06829 -0.04222 0.07731 -0.10926 -0.38178 0.14363 0.34648 -0.10602 -0.00931 0.18686 0.25509 -0.11378 0.43462 0.04906 0.14352 -0.08655 -0.22390 -0.03884 -0.14207 0.14227 0.07420 0.05468 -0.19142
-0.29476 -0.00615 -0.31113 -0.23516 0.02728 0.42247 0.31215 0.09209 -0.08502 -0.18451 -0.02440 0.04586 0.10176 0.23476 -0.19306 -0.19273 0.21345 0.19712 -0.10705 0.22119 -0.37199 -0.44887 0.18516 -0.28938 -0.32566 -0.05217 0.24599 0.33774 0.18715 -0.42024 0.31322 -0.43598 0.41414 -0.07671 -0.13424 0.06048 0.07643 0.41567 -0.10254 -0.29310
-0.16908 -0.24416 -0.14853 0.27429 0.31736 0.11379 0.17652 -0.30180 -0.14496 0.10286 -0.32836 -0.15920 0.06941 0.00813 -0.23224 0.04335 0.14122 -0.35179 -0.07430 0.24653 0.23379 -0.10753 0.15026 -0.13749 -0.13603 0.07751 -0.26349 -0.20169 0.03951 -0.10305 -0.11973 0.03104 -0.28801 -0.12238 0.31273 -0.05813 -0.07502 -0.31404 -0.04065 0.08847
0.12343 -0.35808 0.25683 0.21752 0.34516 0.21330 -0.33576 -0.05741 0.27638 0.16757 0.25817 -0.39699 -0.13031 0.30219 0.08407 0.24847 -0.20536 0.33812 -0.26302 0.19888 0.10123 0.16772 -0.11131 -0.22095 -0.32418 0.05191 0.21290 -0.23942 -0.14666 0.20962 -0.24800 -0.38200 0.01143 -0.31184 -0.12323 -0.28772 0.28061 0.15257 0.06237 0.32681
-0.20362 0.18702 0.05309 -0.04458 -0.26051 -0.01005 0.28881 0.16061 -0.35377 -0.14044 -0.15215 -0.12174 -0.05955 -0.28474 -0.04229 -0.28902 0.16914 -0.40507 0.11835 0.26842 0.18037 -0.23954 -0.00823 0.28914 -0.02637 -0.09144 0.05560 -0.22443 0.24919 0.20375 -0.03165 0.24316 0.10797 0.18809 -0.22670 0.27782 0.17430 -0.24768 0.22046 -0.14493
0.12516 -0.31393 0.00207 -0.25438 -0.21996 -0.30159 -0.12937 0.28787 -0.20645 -0.00716 -0.24391 -0.37247 0.30785 0.14323 0.06369 -0.33543 -0.07940 -0.15551 0.17421 0.28666 0.16460 -0.12430 0.00637 -0.53955 0.04633 -0.35335 -0.12122 0.06196 -0.04458 0.10278 0.11409 -0.14983 -0.15042 0.28235 0.05605 -0.09933 -0.07339 0.12975 -0.08588 0.28043
-0.26919 -0.32844 0.26832 0.31181 -0.03865 -0.26213 -0.22778 -0.16401 0.21619 -0.13164 -0.26160 -0.25053 0.06209 -0.06263 0.39690 -0.23314 0.18699 -0.20338 -0.06030 0.20582 0.22501 0.10547 -0.32870 -0.31396 -0.07911 -0.23842 -0.09419 0.15013 -0.06169 0.39413 -0.23478 -0.20719 0.18296 0.28543 -0.24160 0.04053 -0.04182 -0.01484 -0.12402 0.19541
-0.26897 0.10857 0.16062 0.22759 -0.20760 -0.01162 -0.06172 0.12915 0.15485 0.11856 0.11732 0.07492 -0.09563 0.24409 0.17553 -0.27885 0.10963 -0.13956 -0.47261 0.16618 0.18081 -0.14026 -0.27907 -0.34316 0.18169 -0.07223 -0.36393 0.41835 0.12904 -0.18540 0.28741 -0.07097 -0.07821 -0.01565 -0.15643 -0.23162 0.22267 0.36817 -0.42456 0.09513
-0.09454 0.17681 0.13218 0.35987 -0.05124 0.32598 -0.17633 -0.00295 0.27664 -0.43319 0.16900 0.01672 -0.03936 -0.36940 -0.36221 0.35372 -0.27012 0.23550 -0.11600 -0.27455 0.18587 -0.07442 -0.09426 0.33022 0.18948 -0.26480 -0.02060 -0.13500 0.35729 -0.04118 0.20218 0.10273 0.26890 -0.32384 0.02703 -0.07637 -0.00665 0.11596 0.25200 -0.06486
-0.32468 0.37364 0.26190 0.30204 0.35517 0.20431 0.05364 0.13258 0.19517 -0.20416 0.11743 0.24129 -0.27181 -0.16597 -0.27411 -0.01616 -0.03016 0.02997 -0.24131 0.13925 -0.03353 -0.24483 0.05605 -0.00344 0.07129 0.02561 -0.16309 0.17159 0.27240 0.26383 -0.12473 -0.42720 -0.17725 -0.21692 0.21904 -0.24949 -0.39756 -0.13101 -0.14629 0.10562
-0.40368 0.38571 0.33165 0.47925 0.37240 -0.02824 -0.32008 -0.01429 0.17781 -0.37598 -0.26262 0.08542 -0.33336 -0.30362 -0.24785 0.27922 0.25790 0.32196 -0.23809 0.10918 -0.28070 -0.14328 -0.20406 -0.14667 -0.06289 -0.17008 0.04470 -0.26845 0.33572 0.20406 0.24621 -0.17541 0.30017 -0.04669 0.20165 -0.23968 0.02867 0.17285 0.18483 0.30535
-0.37029 0.39938 -0.04765 0.49224 0.10401 0.10399 0.08499 -0.00717 0.17348 -0.12441 -0.12279 0.20555 -0.16409 0.10104 -0.38649 0.24016 -0.05792 -0.05760 -0.27739 0.08977 0.20296 -0.37600 -0.24565 0.19767 -0.15084 -0.15167 -0.07554 0.16941 0.29889 -0.18574 0.08478 -0.42854 -0.11204 0.16456 0.03377 0.08844 -0.34534 0.13277 0.00108 0.22006
0.21624 -0.20280 -0.07886 -0.27089 0.29117 0.05392 0.28259 0.19047 -0.06277 -0.00879 -0.33784 -0.11271 -0.19066 -0.13956 0.17980 0.30195 0.38976 0.22269 -0.44534 0.20845 0.05055 0.07766 0.42342 0.08301 -0.11807 -0.29400 -0.19797 -0.05307 -0.22161 -0.05134 0.31428 -0.09849 0.06490 0.10721 0.00337 0.39242 0.11975 0.36518 0.12394 0.19773
0.06998 -0.14004 -0.02417 -0.32865 0.00997 0.20656 -0.26116 -0.07655 -0.03469 -0.00294 0.40765 -0.11561 0.30836 0.09696 0.00531 -0.02037 0.08267 -0.30791 -0.00494 0.00704 -0.37389 0.38919 -0.07363 -0.07893 -0.17155 -0.33186 0.28717 0.24126 -0.18711 -0.26603 -0.01479 0.15218 -0.29001 -0.24478 0.15358 0.16866 0.00578 -0.17115 0.29951 -0.03106
-0.03577 -0.35136 0.55638 -0.17813 0.24450 0.01359 0.21599 0.23682 0.13210 -0.20005 -0.33137 -0.04762 -0.46402 0.25411 0.21924 -0.40170 -0.27891 -0.05269 -0.20568 -0.40353 -0.09336 -0.14424 -0.36779 -0.14629 0.29612 0.08482 -0.05655 0.11293 0.08579 0.10093 0.15290 -0.23359 0.16346 0.21265 0.24696 -0.40475 -0.05420 0.23311 -0.07810 0.32017
-0.09531 0.15701 -0.20709 0.10295 -0.16964 0.20038 0.11434 0.15634 0.21362 0.13142 0.13536 0.27041 -0.19986 0.11359 0.36441 0.22407 -0.09046 -0.12237 -0.13058 0.30580 -0.18382 -0.16234 0.31820 0.26166 0.06548 -0.30777 0.23708 0.16889 0.17209 0.00023 0.20388 -0.18754 0.13578 0.14153 0.32388 0.25776 -0.41300 -0.08612 -0.39711 0.23688
-0.19182 -0.03071 -0.26984 -0.35967 -0.21800 0.06868 -0.15035 0.08247 -0.14585 0.09721 -0.11995 -0.26273 -0.19364 -0.01304 -0.19456 0.17818 0.04180 0.13306 -0.10107 -0.03587 0.16358 0.10304 -0.06320 0.23034 0.23027 -0.23956 -0.03034 0.33489 -0.06589 0.18388 -0.01845 -0.06779 -0.02702 0.37577 -0.03316 0.10832 0.09606 0.06224 -0.00285 -0.00400
-0.32318 0.12705 -0.27256 -0.46202 -0.23202 -0.12058 -0.06081 0.13802 0.18389 0.30262 0.20958 -0.33936 -0.04166 -0.21660 -0.32888 -0.11030 -0.09262 0.29655 0.22210 0.14654 0.25917 0.17632 0.00891 0.16902 0.32953 -0.08266 0.04954 0.28864 -0.15732 0.17655 0.01782 0.01821 0.18639 0.44252 -0.26793 0.21458 0.18904 -0.12206 0.01238 -0.12007
-0.03773 -0.10134 0.00087 -0.11320 -0.32052 0.34304 0.09220 0.46774 -0.10898 -0.20805 0.30654 0.06946 -0.20164 0.14309 -0.07979 -0.12137 -0.18536 0.13361 0.12061 0.22459 0.11708 -0.26532 0.08004 0.29696 0.18990 0.24973 -0.03283 -0.12723 0.02645 0.10383 0.00614 -0.11646 0.08965 0.04367 -0.39919 0.30534 0.09309 -0.03961 -0.15332 -0.03055
0.23921 -0.20106 0.10310 -0.03521 0.14804 -0.17419 0.33192 0.28767 0.20558 -0.02682 0.00647 -0.14713 0.13759 -0.14855 0.05728 0.05645 0.08288 0.17164 0.28468 -0.03783 0.21744 -0.19526 0.07147 0.26705 -0.13735 0.34463 0.06061 -0.07031 0.13924 -0.13489 -0.18385 -0.08514 0.12169 0.33471 -0.06694 0.17761 -0.11542 0.17592 -0.16246 0.26450
-0.22228 -0.34641 -0.12367 -0.15282 0.01693 0.24438 0.01985 0.17600 -0.11010 -0.25055 -0.00843 0.06781 0.07317 0.15967 0.34742 0.23905 0.17672 -0.05862 0.05836 -0.02602 -0.24743 -0.03378 -0.17958 -0.25109 0.06579 0.33299 0.10379 0.07677 -0.16912 0.18471 -0.26589 0.04140 -0.10268 0.20410 0.18512 0.12065 -0.12949 0.16377 0.20438 -0.15413
-0.04359 0.25470 0.13848 -0.08570 0.13605 -0.02828 0.11639 0.15725 0.09342 -0.02970 -0.26828 -0.02985 -0.02327 -0.31906 -0.07291 -0.18755 0.04000 0.29034 0.10774 -0.16394 0.18956 0.20597 0.16173 -0.00623 0.00275 -0.09722 0.04412 0.04083 -0.30388 0.11759 -0.17706 0.08970 -0.28952 -0.23744 0.00062 0.17845 0.26521 0.35533 -0.01607 0.20493
-0.11921 0.01875 -0.27943 0.39427 -0.26579 -0.29430 0.12665 0.06948 -0.20851 -0.20090 0.35821 0.01008 0.15579 0.11780 -0.12357 -0.13224 -0.28273 -0.10016 0.20642 0.35524 0.33781 -0.23750 0.33030 -0.33313 -0.36627 0.18154 0.25738 -0.32641 -0.21171 0.21120 0.22129 0.34508 0.34448 -0.33390 0.05744 -0.43135 0.21957 -0.10391 -0.18730 0.28486
0.20832 -0.14186 0.30581 -0.33909 -0.12461 -0.03796 0.22151 0.04649 0.14172 0.12262 0.30498 -0.02391 0.38402 0.21835 -0.16590 0.08976 0.24586 0.23885 0.22137 -0.09732 -0.28259 -0.25814 -0.04891 -0.08241 -0.08184 0.07146 -0.01570 -0.27155 0.40924 -0.14096 0.05298 0.21719 0.15200 0.00038 -0.22347 -0.24604 0.21879 -0.08059 0.33969 0.21774
0.21638 -0.21431 -0.27995 -0.16896 -0.24838 0.01277 -0.27122 -0.06119 -0.06182 0.21375 -0.14142 -0.26835 0.20348 0.25740 0.33918 -0.18361 -0.30290 0.04282 0.24776 0.10955 -0.01746 0.01269 -0.06776 -0.40412 0.22238 -0.15482 0.11502 -0.02847 -0.26227 -0.06291 -0.17918 -0.09674 0.12901 -0.00843 0.04779 -0.29709 -0.11988 0.16251 -0.14596 -0.24432
0.03057 -0.24355 -0.11822 -0.04876 -0.20311 0.25522 -0.23958 0.32853 -0.09395 -0.32771 0.11495 0.11473 -0.11400 0.00087 -0.13300 -0.06271 -0.18334 -0.23409 0.13171 -0.22109 -0.27110 -0.21173 0.19987 -0.01952 -0.09696 0.20534 -0.06210 0.02433 -0.17500 -0.01543 -0.00052 -0.33866 0.04637 0.21224 -0.08768 0.15016 0.15781 -0.00189 0.17250 -0.23430
0.20469 -0.34489 -0.40417 -0.22142 -0.31929 -0.22556 0.11453 -0.00876 0.26604 -0.21684 -0.23413 0.04670 0.19970 0.12876 0.16636 -0.07876 0.25691 -0.34704 0.36488 0.27051 -0.21645 -0.36238 0.21368 0.18217 0.38169 0.05916 0.32453 0.01070 0.18236 0.12230 -0.26372 0.21280 0.11345 0.29447 0.02362 -0.25671 0.20658 0.05432 0.25305 -0.11706
-0.21479 -0.06089 -0.13225 -0.28804 -0.03867 0.19078 -0.14829 0.29399 -0.15009 -0.08975 0.22179 0.18552 -0.42777 0.00862 0.05687 -0.26531 0.44082 0.28264 -0.19812 0.10592 -0.01022 -0.17502 0.23161 0.38152 0.24635 0.27985 -0.08642 0.07632 -0.28892 -0.26609 -0.28791 -0.21532 -0.36356 -0.26652 0.35942 -0.20959 -0.04572 0.21531 0.22439 0.27755
-0.26662 0.13952 0.22977 -0.30976 -0.09949 0.12432 -0.34627 0.01745 0.05130 -0.10859 0.27368 0.18743 0.26415 0.02903 0.11563 -0.22528 0.15440 0.31425 0.16648 -0.04058 -0.15827 -0.26977 0.03137 -0.04557 0.00193 0.00411 0.12204 -0.23754 -0.15731 -0.18706 -0.06243 0.20341 0.25752 -0.13505 0.26245 0.17040 0.13532 0.15996 0.28042 0.09696
-0.14423 -0.27760 0.23815 -0.14609 0.13936 0.35731 -0.08511 0.20847 -0.03656 0.07742 0.02955 0.20151 0.22750 -0.05930 0.19212 -0.33284 -0.27158 0.34105 -0.08310 -0.15441 0.23988 0.20654 -0.20497 0.15794 -0.28808 0.09581 -0.01484 0.00976 -0.34731 0.08342 -0.32749 0.21546 -0.12919 0.04790 -0.19706 -0.35403 -0.26570 0.11426 0.30845 0.01939
0.45127 -0.16516 -0.37395 -0.09286 -0.35006 0.44850 -0.02327 -0.42278 0.38991 0.45864 0.31264 0.25222 -0.14521 0.36532 -0.04887 0.25307 -0.37725 -0.20359 0.22921 0.15017 -0.20846 0.21378 0.27182 -0.29126 -0.22045 -0.27404 -0.01574 0.20281 -0.33659 0.13166 0.17478 -0.36484 -0.10580 0.29262 0.15200 0.06916 0.15351 0.37453 -0.35372 -0.28433
0.14879 0.28315 -0.17800 0.05129 -0.21107 -0.28716 -0.00427 0.22150 0.07975 0.00151 -0.13019 -0.09201 -0.18260 -0.26193 -0.17400 -0.05646 0.12116 -0.13163 0.16565 -0.09667 0.00724 -0.20858 -0.18038 -0.14471 -0.37910 -0.02080 -0.02373 -0.28442 -0.02548 0.00543 0.13642 0.04974 -0.04029 0.14822 0.01726 0.30633 0.13391 0.08732 0.21709 -0.09260
0.26657 0.28761 -0.14948 -0.23094 0.09054 -0.25162 0.24964 0.21317 -0.22841 0.11163 0.07940 0.08526 0.11330 -0.24542 -0.10251 -0.13613 0.19106 -0.19419 -0.03279 -0.00811 0.26811 -0.26930 0.22038 0.05695 0.03818 -0.04100 0.10025 0.26972 -0.26327 -0.15611 -0.42486 0.06272 0.30071 -0.13354 0.38761 -0.07040 -0.23914 0.38033 0.19393 -0.16328
0.41904 -0.36254 -0.16136 -0.42890 -0.15039 0.04034 0.31699 -0.22298 0.13861 -0.01703 -0.00872 -0.34493 -0.02498 0.13251 0.34034 -0.39242 0.06143 -0.37550 0.29750 0.33896 -0.37898 0.23695 -0.18851 0.22860 0.08506 -0.19282 0.07498 -0.10671 -0.20763 0.09989 0.08036 -0.17413 -0.01766 -0.21245 0.23205 -0.01181 0.35791 0.08416 0.10581 -0.38076
0.23194 0.20458 0.07760 -0.10436 -0.04083 -0.20147 0.26768 0.18195 -0.06976 -0.29426 -0.01085 -0.01993 0.03562 0.14148 -0.11433 0.04330 0.04552 0.15027 -0.19308 0.05573 -0.19396 0.14860 0.14620 0.13872 -0.29215 0.21066 0.13408 0.12553 -0.08654 -0.18321 0.11691 -0.32320 -0.16275 -0.07401 -0.02655 -0.13567 0.17323 -0.25008 0.12993 -0.30157
0.39196 0.15907 0.29497 0.06907 -0.29837 -0.40329 0.40430 -0.09086 0.03032 -0.20717 -0.08403 0.21159 0.23201 -0.18433 0.42566 -0.01063 0.22864 0.06131 0.04382 0.28137 0.39718 -0.25383 -0.14793 0.27490 0.31812 -0.13567 -0.08610 -0.43674 0.26604 0.32246 0.38428 -0.03428 -0.02936 0.12394 -0.28667 0.25402 -0.25302 0.20174 0.18845 0.20646
0.22197 0.23116 -0.43045 0.09291 -0.30532 -0.21423 0.09542 0.13636 0.21686 -0.33500 -0.37807 -0.25303 0.20975 0.09698 -0.38854 -0.34019 0.27490 -0.17112 -0.11364 0.40778 0.27067 0.20542 -0.28475 -0.14656 0.34841 0.02784 -0.16087 0.05338 -0.00270 -0.26876 -0.24148 -0.24393 0.20075 -0.21717 -0.20810 -0.01142 0.37951 0.06560 0.35917 0.06140
-0.03158 -0.33647 0.15223 -0.03032 0.26285 -0.16614 -0.14199 0.24526 -0.09716 0.39266 -0.00431 0.12435 0.09727 -0.42958 -0.30740 0.18120 -0.09041 0.12146 -0.17737 -0.00836 -0.12636 -0.20321 -0.19031 0.29074 -0.01909 -0.07702 -0.34813 -0.14624 -0.00108 0.18259 0.28287 -0.01678 -0.34087 0.01960 -0.25984 -0.03988 0.10522 -0.00900 -0.18736 -0.16057
0.32066 -0.32742 -0.04231 0.02240 -0.20647 -0.27411 -0.12192 -0.04712 0.34571 -0.04828 0.18871 0.00764 0.14564 -0.31791 0.09126 -0.01344 -0.18844 -0.28897 -0.06877 -0.47160 -0.32049 -0.01907 0.11573 0.16322 -0.03475 -0.28701 0.16215 -0.06952 -0.03913 0.27233 0.10079 -0.13029 -0.28130 -0.09105 0.01876 0.19402 -0.02450 -0.37366 -0.11953 0.21516
-0.24999 0.06267 -0.15841 -0.30669 -0.34027 -0.27099 -0.20689 -0.42299 0.04864 0.15993 0.07336 -0.31330 0.07331 -0.13186 -0.01176 0.13841 0.22897 -0.07083 0.13455 -0.38477 -0.37412 0.03770 -0.27493 0.13812 -0.03710 -0.33580 0.13679 -0.37474 0.25789 0.03446 0.38849 0.15587 -0.18736 0.02724 -0.34856 0.05154 -0.28711 0.05962 -0.02734 0.07746
-0.19653 0.04129 -0.42834 0.13907 -0.07558 0.29373 0.12902 0.16951 -0.06267 0.22494 0.15247 0.02059 -0.15022 0.00160 -0.46790 -0.13626 -0.27891 0.31350 -0.08678 -0.19652 0.20668 -0.05192 -0.01089 0.01283 -0.21216 0.26253 0.35246 -0.06768 0.02489 -0.18989 -0.27717 -0.20746 -0.24444 -0.13984 -0.10684 -0.06958 0.33022 -0.27128 -0.28509 -0.17068
-0.26004 -0.38770 -0.29085 -0.21038 -0.15079 0.33140 -0.26335 -0.06027 -0.05402 -0.19226 0.00712 -0.27720 0.34083 0.44389 0.24655 0.30396 -0.28647 0.15229 -0.05453 -0.03366 0.19000 0.10278 -0.43678 -0.22906 0.01367 0.16749 -0.07719 0.09527 0.28405 -0.28946 0.08357 -0.03636 0.16907 0.05929 0.35093 0.11877 -0.17483 0.17975 -0.32935 -0.11216
0.06575 -0.11109 0.25853 -0.38133 -0.31390 0.03210 0.33192 0.15198 -0.12321 -0.10154 -0.31665 0.25687 0.12565 -0.03812 -0.02711 -0.01604 0.04469 0.05987 -0.04528 0.23171 -0.26588 0.12084 0.09348 0.16114 -0.34242 -0.09824 -0.14537 0.29789 0.05931 0.18833 0.39863 -0.01313 -0.14944 -0.14349 0.04291 0.31611 -0.18560 0.25202 0.19268 -0.23661
0.07542 -0.19462 0.06985 -0.03885 0.15541 -0.28573 -0.09423 0.19483 -0.20452 0.06380 0.29874 -0.24946 0.04257 -0.42431 -0.27885 -0.14107 0.02595 0.23364 -0.30226 0.00565 -0.24280 0.13396 0.21395 0.22565 0.04640 -0.31417 -0.28272 -0.24340 -0.16513 0.14559 0.00411 0.08163 -0.21155 0.11965 -0.10768 -0.26336 0.13275 -0.31692 -0.28818 -0.13181
0.22675 0.45202 0.07282 -0.07520 0.09293 -0.01587 0.14723 0.24945 -0.16302 -0.02385 -0.14634 0.33858 0.12119 0.12409 0.20138 -0.23977 -0.14241 -0.12649 0.20753 0.15719 -0.04105 -0.19782 0.49023 0.19422 -0.16331 0.20654 0.14693 -0.35946 0.03174 -0.13176 0.01324 0.32147 0.07465 -0.14950 -0.14838 -0.07707 0.17891 -0.21932 0.09589 0.12191
-0.05045 0.34831 -0.25267 0.16391 -0.06149 0.06769 0.35085 0.17868 -0.21937 -0.31329 0.01576 0.34840 -0.01829 -0.05639 0.06690 -0.12465 -0.11989 0.07303 -0.17130 -0.04001 -0.19234 0.01634 0.33878 0.04703 -0.07733 -0.04398 -0.15065 -0.35492 0.06687 0.03068 0.25704 0.34063 -0.13648 0.07216 -0.15346 -0.25456 -0.14612 0.00794 -0.09609 0.38667
0.13934 0.00811 -0.30491 0.16559 0.00808 -0.17920 0.03643 0.29222 -0.12879 -0.20847 0.05980 -0.11826 0.20463 0.19976 -0.10915 -0.21539 -0.33653 0.07997 -0.10896 0.17825 -0.18027 -0.05413 0.23194 -0.11970 -0.26035 0.17506 0.16008 0.00113 -0.14648 0.04591 0.15985 0.25801 -0.13340 0.24347 -0.14098 -0.16075 0.13783 0.30505 0.08642 -0.02719
0.23228 -0.11398 -0.03178 -0.30472 -0.40297 -0.09008 -0.30118 -0.28245 0.15938 -0.27806 0.20483 -0.13509 -0.15965 -0.14257 0.23160 0.23317 0.28854 -0.01856 -0.27401 -0.23797 0.23226 -0.00986 0.20125 -0.23103 -0.04653 -0.21573 0.00995 -0.21250 -0.00641 -0.11130 0.00726 0.02115 -0.34940 0.04908 -0.25697 -0.04113 0.26489 0.05969 0.07691 -0.20735
-0.37060 0.22077 -0.01173 0.09621 -0.31851 0.25049 0.01458 0.20465 -0.02385 0.15325 0.34857 -0.11138 0.13898 0.07204 0.05508 0.16329 0.25708 0.18354 0.08825 -0.00090 0.03033 -0.11019 -0.19990 0.28565 -0.04614 -0.10621 -0.22679 0.16394 0.20575 0.02228 0.31981 0.10139 -0.05641 0.02669 -0.14862 0.31143 -0.24059 -0.27148 -0.32201 0.22753
-0.05934 -0.03642 0.06577 -0.08071 0.03292 -0.28499 0.11650 -0.24895 0.19133 0.07000 -0.25234 -0.22945 -0.28377 0.00025 0.06455 0.03169 0.06803 -0.04398 -0.27510 0.20021 0.27684 0.21081 0.28309 -0.29064 0.10222 0.21508 0.32202 -0.03548 -0.12624 0.01076 -0.06884 0.09908 0.44253 -0.22934 -0.16404 0.23904 0.38020 -0.18430 0.43363 0.09078
-0.01068 -0.23490 0.14976 0.26037 -0.22655 0.37265 -0.03861 -0.33061 -0.06969 0.22973 -0.32559 0.24199 -0.01247 -0.33348 0.24740 -0.26963 -0.11674 0.00293 -0.43863 -0.15895 0.35915 0.30591 0.31598 0.07511 -0.04395 0.10942 0.10169 -0.32020 0.05990 -0.01291 0.26175 -0.33196 -0.31996 0.09379 0.22479 0.27231 0.03653 0.15088 0.35491 -0.04525
0.38980 -0.12623 -0.05775 0.32781 0.12762 -0.15293 -0.24947 -0.18987 0.17437 -0.12616 -0.12621 -0.26028 0.22327 -0.11717 -0.04488 -0.20422 -0.22325 -0.33013 -0.10820 0.18185 0.18589 0.01420 -0.26735 0.08273 0.13992 0.05048 0.01191 -0.27402 -0.04555 -0.14674 -0.37830 0.07689 -0.11343 -0.02829 0.42928 0.22145 0.14512 -0.03619 0.05349 0.02698
0.12384 -0.08607 -0.01680 0.31357 0.20907 -0.16072 -0.34996 0.12728 -0.11525 0.02187 -0.30510 -0.39234 -0.18181 0.15041 -0.15728 -0.17738 -0.34411 -0.29955 -0.29298 -0.20648 0.08709 0.10484 -0.15192 0.27493 0.20531 0.25171 -0.20894 -0.19749 0.11993 -0.01937 -0.33065 -0.24054 0.15016 -0.04453 -0.01062 -0.06197 0.00106 -0.33104 -0.28636 0.31415
-0.31430 0.31789 0.28960 -0.30163 -0.17746 -0.42922 0.10050 0.24093 -0.02655 0.29917 -0.23507 0.02544 -0.27262 -0.03037 0.15730 0.15507 -0.16139 -0.05858 -0.35540 -0.10861 0.26673 0.05808 -0.42742 -0.02217 -0.02973 -0.25450 -0.42823 0.33566 0.24169 -0.31658 -0.19205 0.29852 0.32256 0.33733 0.01848 -0.37814 0.09224 -0.11372 0.07053 -0.22281
-0.00390 -0.06862 -0.24892 0.28583 -0.09731 0.01786 0.10560 0.03644 -0.12720 0.26021 -0.22337 -0.10911 0.18074 -0.05428 0.18610 0.21036 0.18991 -0.08040 0.14668 0.21636 -0.33710 -0.10868 0.22585 -0.06244 0.01313 -0.15222 0.24348 -0.07129 -0.25126 -0.10316 0.05280 0.18435 0.20877 -0.09435 -0.17095 -0.31975 0.19314 -0.19939 0.10513 -0.07391
-0.14389 -0.12373 0.30022 0.03377 -0.05380 0.29441 0.00417 0.35516 0.01057 0.38702 -0.13775 -0.07296 -0.01712 -0.01672 0.12011 -0.35719 0.17461 0.32395 -0.08783 0.12237 -0.09915 0.06993 -0.34938 -0.33380 0.21973 -0.00687 0.25793 -0.09953 -0.10580 -0.30651 0.11476 -0.02997 0.28582 0.16691 -0.11051 -0.28672 -0.18943 -0.02381 0.04372 0.04777
0.10922 0.17736 -0.14231 0.34227 0.31119 -0.31014 -0.23489 -0.18782 0.18264 -0.05342 -0.26427 0.15100 0.21253 0.33567 -0.07575 0.03971 -0.15215 -0.41924 0.27386 0.02519 0.24606 -0.17769 0.16838 0.29581 0.35647 0.03142 0.04283 0.18605 0.28587 -0.20353 0.46956 0.25744 0.07674 -0.11032 0.32310 -0.26960 -0.17854 0.21685 0.24731 0.01084
-0.03587 0.13164 0.25153 -0.16065 0.13078 0.21542 -0.01184 0.27340 -0.18468 -0.11928 -0.08179 -0.24519 -0.29363 -0.23108 0.25258 0.30783 -0.16505 -0.10088 0.25997 -0.14490 -0.27430 -0.27476 0.18206 -0.32551 0.15368 -0.22441 0.03447 0.19074 0.01209 0.25589 -0.14050 0.23244 0.40877 -0.23278 -0.02108 0.14646 -0.08053 0.16766 -0.15605 -0.18709
-0.09895 0.06458 0.24907 -0.14461 -0.34737 0.02466 0.27382 -0.33155 -0.11555 0.00241 -0.05532 -0.03289 -0.15419 -0.31684 -0.26591 0.05784 -0.21413 -0.00427 -0.17074 -0.31999 0.08858 0.22648 0.19478 0.22526 0.10135 0.04887 0.04484 -0.22031 -0.15114 -0.23492 0.38854 0.30721 -0.26328 -0.07660 -0.19310 0.09327 -0.22422 -0.17974 -0.26475 0.16164
0.04721 0.30196 0.27207 0.17082 -0.00140 -0.31657 0.24326 -0.06423 0.00349 -0.24807 -0.28056 0.29778 -0.06557 -0.18718 0.22231 -0.21274 -0.03112 -0.05862 0.10248 0.26129 -0.33871 0.07387 -0.35168 -0.17323 -0.26647 0.28289 0.04804 -0.03362 -0.23947 0.26329 -0.21590 -0.18000 -0.20055 -0.04125 0.34748 -0.09489 -0.12039 0.13480 0.00699 0.17170
-0.25047 0.11787 -0.31255 -0.11536 -0.25106 0.03175 -0.16081 0.09885 -0.06866 -0.01722 -0.33993 0.35004 0.06713 -0.07574 -0.32832 0.01976 -0.02878 -0.13765 0.06846 -0.11820 -0.26793 0.02309 -0.09882 -0.09706 0.20599 -0.09300 0.18665 0.27423 -0.07908 -0.14326 0.00630 0.13396 0.00275 0.08777 0.18678 0.15897 -0.17956 -0.12465 0.24224 -0.11716
0.13980 0.20690 0.00205 -0.13569 0.39104 -0.19283 0.22253 -0.34048 0.07444 -0.09517 -0.32137 0.28207 -0.03946 0.28600 -0.30515 0.11575 0.00711 0.10206 0.00286 -0.35102 0.26945 -0.05713 0.14913 0.10398 -0.08852 0.27527 0.30808 0.34197 -0.22371 -0.15014 -0.01642 -0.28424 -0.33994 -0.16178 -0.02256 0.16481 -0.05959 -0.10966 -0.30905 -0.07529
-0.04870 -0.25878 0.02122 -0.01916 0.03556 0.25416 0.10295 0.16411 0.50782 -0.11688 -0.33548 -0.11487 -0.24108 -0.29815 0.40209 -0.13658 -0.21462 -0.41654 0.02444 -0.21922 0.22718 0.00055 -0.10686 -0.32410 -0.32159 0.01013 0.18215 -0.13228 0.27750 -0.21451 0.25878 -0.33439 -0.18645 0.25546 -0.14691 -0.29426 -0.12184 -0.09448 -0.25831 0.12959
-0.26637 0.05550 0.23704 -0.30703 0.17030 -0.12114 -0.22192 -0.34920 0.01837 -0.33085 -0.22150 -0.43892 -0.28193 0.08446 0.14213 -0.01979 0.27917 -0.12582 0.13520 -0.12989 -0.37455 0.36960 0.31812 0.33637 -0.12590 0.18346 -0.04417 0.05428 0.36368 0.07820 -0.08648 -0.05655 -0.04108 -0.21392 0.15285 -0.35623 -0.25578 -0.02336 0.31925 -0.23164
0.15093 -0.21051 0.09033 -0.11307 0.31271 0.03012 -0.14759 -0.02369 0.51670 0.09325 -0.08216 0.16725 0.12866 -0.32074 0.48149 0.17805 -0.01880 -0.24010 0.10025 -0.19182 0.16350 0.23830 0.09628 -0.20713 -0.12352 -0.13212 0.04986 -0.24952 0.26003 0.09068 -0.11680 -0.18342 0.20450 0.32618 -0.25988 -0.30211 -0.29644 0.07977 -0.09937 -0.16007
-0.19661 -0.24157 0.00946 -0.21149 0.31934 0.00992 -0.19892 0.14867 0.29027 0.31523 -0.18180 -0.10208 0.17328 0.22228 -0.06890 0.37757 0.26155 0.06193 0.09566 -0.30657 -0.06203 -0.15573 -0.36305 -0.35337 0.40640 0.01329 0.24522 0.26540 -0.21898 0.45593 -0.14572 0.14993 0.35717 0.19870 0.01161 -0.36441 0.16735 0.24645 -0.41077 0.31238
