0.23746 0.21531 -0.07165 -0.10429 0.21988 -0.16758 0.24039 0.18143 -0.14567 -0.08549 0.00195 -0.07713 0.06480 0.02279 0.02761 0.10518 -0.14423 -0.16378 -0.05682 0.10637 -0.05672 -0.09750 -0.36826 0.08843 -0.03544 -0.07336 -0.00726 -0.27389 -0.08634 0.04867 -0.02065 -0.02797 0.02505 -0.00159 -0.08916 0.24224 0.09733 -0.09174 -0.20791 -0.06625
0.46874 0.19091 -0.01723 -0.21001 0.26143 -0.04943 0.05968 0.08347 -0.13615 -0.29730 -0.07856 -0.04296 -0.04347 -0.00203 -0.02254 0.20381 0.03811 -0.05987 0.11849 0.22525 0.09966 0.02762 -0.22997 0.02819 -0.13843 -0.15043 -0.07745 -0.21007 0.05573 0.04191 0.01466 0.04507 0.04327 0.00857 -0.19683 0.30167 0.22667 0.01820 -0.27812 -0.11040
-0.08090 -0.18243 0.06772 -0.26179 0.17934 -0.23446 -0.12350 0.08279 0.13255 0.05090 0.17517 0.04621 -0.02395 -0.01460 -0.17782 0.15817 -0.03190 0.20347 0.17152 -0.11271 0.37347 0.33381 -0.28468 0.00548 0.04379 -0.11212 -0.13150 0.24138 0.00322 -0.09659 -0.32333 -0.06991 0.20935 0.16165 0.10988 0.05803 -0.27081 0.08551 -0.05116 -0.15399
0.09223 0.08573 0.07427 -0.14738 -0.08234 -0.08946 -0.19520 0.14406 0.04213 -0.06647 -0.01405 -0.06546 -0.34052 -0.13850 -0.00411 -0.02776 -0.04634 0.05886 -0.07691 0.02053 -0.07130 -0.06705 0.19161 -0.14678 0.07605 0.09193 0.24726 -0.15814 0.05305 0.00650 -0.03710 -0.14522 -0.02312 -0.09377 0.01141 -0.26858 0.22885 0.18597 -0.12747 0.10363
-0.03923 -0.16135 -0.08789 0.14824 -0.15648 -0.20871 0.21437 0.08543 -0.05560 -0.04448 0.02640 -0.11102 -0.29507 -0.23796 0.16734 -0.18608 0.24244 0.23909 0.18406 0.05953 0.15895 0.06826 -0.04690 -0.07990 0.09487 -0.15898 0.25185 0.19619 0.15911 -0.07466 -0.26426 0.13878 0.07818 -0.25068 -0.05721 0.12729 -0.32258 0.01537 0.11291 -0.26769
0.37322 0.03488 0.07147 -0.14320 0.26461 -0.09226 0.14472 0.21385 -0.24876 -0.17369 -0.10013 -0.03684 -0.01622 0.07603 -0.06394 0.15632 -0.07139 -0.10748 0.13528 0.07836 0.24946 0.02329 -0.27370 0.13204 -0.09534 -0.08562 -0.04026 -0.10494 0.02380 0.12331 -0.03465 -0.01841 0.10066 -0.01636 -0.11466 0.30006 0.19323 -0.02643 -0.13426 -0.12849
0.16653 -0.06443 0.01928 0.08345 0.01742 0.10191 0.06977 0.06850 -0.06159 0.05221 0.16361 -0.21488 0.10682 -0.04625 0.18554 -0.00467 0.27704 -0.21335 -0.02690 0.04410 -0.05412 0.11893 -0.11083 -0.05805 -0.00862 0.14379 -0.21620 -0.00610 0.10174 0.13467 -0.16688 0.09979 0.14206 -0.17217 0.23842 -0.18022 0.18691 -0.25231 0.03230 0.11148
0.02978 0.01607 0.00016 -0.19485 -0.13495 0.08498 -0.27019 -0.01645 0.11717 -0.04978 -0.14379 0.01912 0.04296 -0.04547 -0.10079 0.07163 -0.21516 -0.07111 -0.07512 -0.02311 -0.16601 0.00647 0.21026 -0.23111 -0.17814 -0.06400 0.00985 -0.14434 0.24136 0.07719 -0.13080 -0.21028 -0.01292 -0.08288 0.02177 -0.17087 0.27806 0.19916 0.04431 0.17324
0.05090 -0.01805 0.15969 -0.07271 -0.11905 0.09615 -0.10209 0.30619 0.24779 0.23530 -0.29342 0.20697 -0.38670 0.24720 -0.11412 -0.19568 -0.07579 0.12729 0.14280 -0.06585 -0.12754 -0.19920 0.05137 0.28473 0.26263 0.24559 -0.09574 -0.02228 0.21561 0.21000 -0.08104 -0.03224 -0.23684 0.04953 0.16736 -0.34475 0.11426 -0.22550 0.04982 0.22871
-0.12062 0.03523 0.15644 -0.33210 0.06197 0.02304 -0.00260 0.17808 0.04276 0.13425 0.02083 -0.02828 -0.14109 -0.18308 -0.19904 0.13607 -0.16108 -0.06922 0.17454 -0.08488 0.07886 -0.12315 -0.08716 -0.15091 -0.10494 0.17421 0.07611 0.04282 -0.04284 -0.07404 -0.25719 -0.15706 -0.04429 0.01732 0.05497 -0.03609 0.04289 -0.03338 -0.10660 0.17691
0.06363 -0.32672 0.38799 -0.09181 -0.09910 0.11590 -0.04821 -0.15178 -0.05744 -0.15927 0.13225 -0.15858 -0.31839 0.21159 -0.01620 -0.07440 -0.05500 -0.13251 0.20508 0.16553 -0.00271 0.01896 0.02709 0.19987 -0.03085 0.00768 0.39217 0.18056 -0.12693 0.04113 0.00341 -0.26978 0.07538 0.25389 -0.21201 -0.24260 0.18520 0.01345 0.08337 0.15829
-0.16343 -0.01432 0.33490 -0.20758 -0.10223 0.12430 0.11473 0.05830 -0.00442 0.07364 -0.15412 -0.16179 -0.29533 0.13598 0.07409 0.01028 -0.28566 -0.02287 0.04308 0.14325 0.05253 -0.01185 0.18494 0.08064 0.02660 -0.07371 0.08396 -0.01602 -0.04634 0.26222 -0.02422 -0.10746 -0.30996 0.09891 -0.02942 -0.35707 -0.02009 0.23557 0.10080 0.17037
-0.27329 -0.25865 0.03808 -0.05361 0.10871 0.14591 -0.43657 0.01549 0.12581 -0.07727 -0.07542 0.16237 -0.21943 -0.09958 -0.20884 -0.22192 -0.09868 -0.09683 0.27525 -0.13116 -0.12892 -0.01217 0.18950 -0.05967 -0.32343 0.14279 0.02958 -0.00258 -0.01995 0.08643 -0.08366 -0.10648 -0.18400 0.00812 -0.06416 -0.02760 -0.02869 0.00878 0.07975 -0.03247
0.10773 -0.03106 -0.06799 -0.37104 -0.04474 -0.06964 -0.10896 -0.17843 0.26465 0.02039 -0.30303 0.10389 -0.17262 -0.05186 -0.16022 0.12943 -0.11126 -0.19167 -0.12929 0.16523 -0.27047 0.03479 0.27947 0.16483 -0.24320 -0.08473 0.21453 0.19706 0.07748 0.10018 -0.29347 -0.17298 0.19710 -0.18554 0.10040 -0.08375 0.21965 0.11835 -0.17951 0.01933
0.18216 0.14868 0.07523 0.21777 0.00886 -0.03557 0.30492 -0.21209 -0.07381 -0.31908 -0.04160 0.05387 -0.03882 -0.07365 0.06143 0.23095 -0.09599 0.09613 -0.29379 0.19466 -0.19210 0.02329 -0.21884 -0.20719 0.27754 0.19643 -0.03112 0.29811 0.08872 -0.06658 -0.13703 0.05010 0.18586 0.03018 -0.16741 0.29846 0.28849 0.19684 -0.26808 -0.23187
-0.13701 0.19513 -0.04361 0.13121 -0.28450 -0.06599 -0.09141 -0.03519 0.14852 -0.22428 -0.10886 -0.17148 0.11678 -0.00570 0.10314 -0.00705 -0.05035 -0.15488 -0.10989 -0.08851 -0.13697 0.25440 -0.23395 0.22652 0.03015 -0.25096 -0.18521 -0.05197 -0.05029 -0.25490 -0.16837 -0.04545 0.19080 0.18427 -0.01086 -0.16642 0.06299 -0.11522 -0.08499 0.09939
0.23626 -0.12084 -0.31526 -0.22626 0.17540 -0.18752 0.08362 -0.01150 0.06799 0.34338 -0.02272 0.18202 0.27485 0.18472 -0.18679 0.16203 0.12496 -0.14451 0.06590 0.11832 -0.29626 0.29662 -0.10241 0.25005 0.16567 -0.29348 -0.20156 -0.25989 0.00206 -0.13824 0.07522 0.30190 0.29874 -0.16307 0.01343 0.24462 0.04006 0.29380 0.11017 -0.07339
-0.00565 0.11427 -0.22863 -0.00891 -0.29186 0.11565 0.14365 0.03621 0.05967 -0.00603 0.05075 -0.10161 0.26066 0.11992 0.09428 0.29757 0.28087 0.01262 -0.13681 0.05816 0.00068 0.19204 -0.25550 0.13586 -0.01058 0.15132 -0.11014 0.35197 -0.22873 0.05722 -0.10589 0.34720 -0.18147 -0.10262 -0.11852 0.03645 -0.01402 0.00494 0.04979 0.06908
0.19251 0.28267 -0.08589 0.09467 -0.08618 -0.10312 0.01721 -0.11378 0.14440 -0.06609 -0.00561 -0.16787 0.22865 -0.21623 0.23876 0.01752 -0.04551 -0.21712 0.19544 -0.06914 0.05241 0.08635 -0.30689 0.15864 -0.02153 0.10404 -0.07279 0.10790 0.18293 -0.13053 -0.14687 0.17900 -0.09544 0.15827 0.03192 -0.12213 0.11688 -0.25262 -0.12559 0.19159
-0.21373 0.23696 -0.11180 -0.01194 0.03188 -0.15852 0.07594 -0.09954 0.16994 0.16667 0.11539 -0.11326 0.14896 -0.02082 0.12654 -0.01955 0.24995 0.17486 -0.08462 0.08764 0.14608 -0.06292 0.21768 0.06033 0.14029 -0.16661 0.03469 0.10718 -0.00465 -0.15605 -0.07254 -0.06305 -0.20065 -0.15143 -0.09792 -0.09711 0.11766 -0.25162 0.17627 -0.12803
0.19911 0.15262 -0.26524 0.31151 -0.29695 -0.06280 -0.10699 -0.10728 0.09492 -0.25126 -0.06225 -0.29707 -0.10762 0.02818 0.28655 0.01181 -0.01908 0.10271 -0.16309 0.20818 -0.12626 -0.04230 -0.17835 0.26705 -0.06006 0.10312 -0.15589 0.03010 0.01487 -0.21171 -0.11273 -0.22203 0.19454 0.08654 -0.19089 -0.07644 -0.13931 -0.20021 -0.31205 0.21152
0.31443 0.26950 -0.25875 0.05695 0.08170 0.07667 -0.21387 -0.31923 0.14742 -0.28825 0.08907 0.18873 0.39029 -0.33731 -0.12829 0.09802 0.41274 0.02035 -0.22727 -0.13303 -0.06536 -0.10215 -0.13166 -0.10466 0.30439 -0.29090 0.25969 -0.20335 -0.05849 -0.05793 0.07786 0.02880 -0.17734 -0.13763 -0.21546 -0.09081 0.17622 -0.38855 0.27942 0.27095
-0.01178 -0.06512 -0.36377 0.17124 0.20253 0.30000 0.05577 -0.05464 -0.12449 -0.06642 0.14717 -0.07976 0.30559 -0.24323 -0.09566 0.14999 -0.02270 0.13549 0.03940 -0.14085 -0.25901 0.21438 -0.12847 -0.08788 0.01756 0.02418 -0.25613 -0.07825 0.17221 0.04248 0.11564 0.00302 0.01377 -0.01356 -0.02396 0.03592 0.11263 -0.24658 0.01200 0.21619
0.13339 -0.14891 -0.27495 -0.19155 -0.22003 0.11171 -0.06051 -0.23030 -0.14602 0.00602 -0.12573 -0.01245 -0.02197 0.07633 0.05372 0.19063 0.14254 -0.30320 -0.31494 -0.20439 0.01232 0.17763 0.15787 0.27088 -0.15765 0.02559 -0.34568 -0.12448 -0.07188 0.09966 -0.22016 -0.24370 0.22728 -0.07814 0.01026 -0.20785 -0.18324 -0.36451 -0.00122 -0.18344
0.05796 0.11607 0.04740 0.12935 -0.02278 0.06108 0.24314 -0.12876 -0.11263 -0.00316 -0.20968 -0.18988 -0.05275 -0.01128 0.27111 -0.02203 0.19075 -0.03268 0.05482 -0.05538 -0.26430 0.05035 0.21483 -0.04907 0.13926 -0.12345 -0.00666 0.21313 0.02401 -0.30257 0.12721 -0.10839 0.03813 -0.11976 0.13841 -0.04346 0.03299 -0.18641 0.08746 0.20951
0.22648 0.00717 0.21114 0.20270 -0.23226 -0.05024 -0.19854 0.03533 0.10759 0.13830 -0.10938 0.15943 0.22789 0.12980 -0.13099 0.06393 0.07288 0.31710 0.15341 -0.14299 -0.17019 -0.39775 -0.26128 0.22122 -0.28099 -0.21628 -0.30933 -0.06265 0.01396 -0.05936 0.10505 0.09619 0.29937 0.13578 -0.10562 0.12482 -0.28492 0.08333 0.16253 -0.00316
0.15717 0.00412 0.19139 -0.01323 -0.22139 0.06856 -0.21190 -0.01595 0.14533 0.24996 -0.04760 0.01328 0.14797 0.18838 -0.21943 -0.16174 0.14281 0.37880 0.02192 0.00621 -0.12242 -0.42781 -0.21567 0.28696 -0.30952 -0.14746 -0.27182 0.04471 0.10153 0.00240 0.05271 0.06651 0.43011 0.03040 -0.25147 -0.02447 -0.19251 0.17749 -0.03864 0.07206
-0.20244 0.06039 0.03729 -0.11260 0.27006 0.01740 0.20075 0.06754 -0.05589 -0.24141 -0.08515 0.18647 0.02701 -0.14433 0.02437 -0.14298 -0.07255 -0.14953 -0.16792 0.07796 -0.13325 0.00231 -0.06637 -0.03497 0.11401 0.09710 -0.17240 -0.00020 -0.09915 -0.15007 -0.23402 -0.05443 -0.11156 -0.00905 -0.16634 -0.13687 0.15941 -0.11191 -0.07583 0.09848
-0.03989 0.00625 0.22620 0.08389 0.13961 -0.25852 0.09725 -0.00796 0.29430 0.07972 0.14335 0.23550 -0.02776 -0.25804 -0.07036 -0.05883 -0.06978 0.22346 0.29035 -0.11772 0.25541 -0.01352 0.17009 0.09716 0.00906 0.17437 0.13504 -0.18308 -0.28195 0.18002 -0.13446 0.11367 0.10255 0.20899 0.00756 0.01308 -0.09045 -0.02070 0.04338 -0.39992
0.10548 0.04857 0.11759 0.07399 0.03012 0.13219 -0.07862 0.01886 0.33538 0.21424 0.00562 0.09231 0.09349 -0.27650 0.08335 0.08300 -0.03801 0.25116 0.19612 -0.01111 0.30271 -0.12590 0.02870 0.08584 -0.08057 0.15270 0.15741 -0.24864 -0.12060 0.31040 -0.01820 -0.04787 0.09854 -0.00924 0.17967 -0.16883 -0.12971 0.20549 -0.00968 -0.16707
0.04955 -0.03589 0.04294 0.18973 -0.13333 -0.01747 -0.01421 -0.19631 -0.14861 0.01042 0.20751 -0.17701 0.08610 -0.08233 0.22917 0.11234 0.13890 -0.15488 0.10302 0.11881 -0.07450 0.07479 -0.08679 0.17375 -0.01459 -0.05598 -0.09700 0.08716 0.00285 0.12124 0.02280 -0.11469 -0.09053 0.25001 0.03954 -0.09500 -0.06931 -0.31708 0.06789 -0.01214
0.20669 0.12747 -0.28431 0.23464 0.03512 0.04652 -0.02132 -0.04832 0.10334 -0.03960 0.29126 -0.36528 -0.06295 -0.13240 -0.01239 -0.20330 -0.00406 -0.00963 0.11072 0.00224 -0.16716 0.20298 0.11205 0.15034 -0.11493 -0.16269 0.20173 0.08973 -0.13371 0.10694 0.08154 -0.13220 0.16513 -0.01629 0.05951 0.25372 0.04153 -0.19369 -0.16019 0.00967
-0.20499 0.22226 -0.09397 -0.00674 -0.28031 0.24327 0.04512 -0.32621 -0.25827 -0.11720 0.15635 -0.14852 0.00126 -0.05536 0.23978 -0.01604 0.21158 -0.30175 0.01782 0.21470 -0.18592 0.08439 -0.15849 -0.11030 -0.07166 0.09625 -0.18466 -0.03835 0.17057 0.08079 -0.10700 -0.10207 0.23340 0.08321 0.03397 0.05730 0.09733 0.06941 0.04458 -0.23334
-0.19753 0.09063 0.07274 -0.19232 0.00296 -0.09019 0.07063 -0.31537 0.23987 0.22809 0.03676 -0.08964 0.16905 0.16870 -0.03018 -0.01363 0.09373 -0.10289 -0.10175 0.14362 -0.16605 0.24057 0.34728 0.14864 0.16859 -0.07494 0.10916 0.05284 0.10046 -0.33769 -0.07574 -0.05879 -0.32776 -0.14904 0.00352 -0.18129 0.00245 -0.12792 0.03091 -0.04679
-0.16079 0.26320 -0.09073 0.20373 0.22266 0.03457 0.00965 -0.22732 0.10765 0.04982 0.06778 -0.32408 -0.01104 0.19586 -0.07395 0.08753 0.26881 0.09175 0.22346 0.11923 -0.03461 0.16540 0.31063 -0.17401 -0.18651 -0.27169 0.22436 0.21757 0.07767 -0.31735 0.18551 -0.08191 -0.17146 -0.15830 -0.15700 0.19861 0.02361 -0.03830 0.11997 -0.15638
-0.15647 -0.23272 0.01913 -0.04218 -0.03385 -0.10141 -0.05136 0.05516 -0.28096 0.12311 -0.03741 -0.20833 -0.06369 0.10098 0.01527 0.08642 -0.28787 0.12386 0.14058 0.24481 -0.15046 -0.21181 0.12773 0.18819 -0.06326 -0.09512 0.01736 -0.25229 0.08695 -0.02685 0.12163 0.14649 -0.19163 0.23040 -0.05555 -0.09922 0.08666 0.14646 -0.23179 0.03381
0.21513 0.14754 -0.01775 -0.33320 0.34446 -0.22197 0.18955 -0.17163 0.14458 -0.15384 -0.28535 -0.13772 0.13261 0.37136 -0.08771 0.01607 -0.01378 0.18816 0.08783 -0.32768 0.19441 -0.16119 -0.20645 -0.12901 -0.12603 -0.02389 0.25067 -0.27896 -0.05445 0.15598 0.06277 0.05732 -0.02451 0.05351 -0.15030 0.17473 0.05510 0.00848 0.06270 -0.09548
0.11509 0.05397 -0.07972 -0.21852 0.41956 -0.26697 0.21038 -0.16685 0.01398 -0.07019 -0.23227 -0.01161 0.14486 0.36458 -0.09667 0.05801 0.11369 0.20878 0.06740 -0.44243 0.13184 -0.05365 -0.21883 -0.08557 -0.21256 -0.02280 0.29541 -0.21011 0.01924 0.09108 -0.06178 0.04328 -0.04319 -0.06466 -0.20312 0.19304 -0.19886 0.00496 0.02260 -0.07392
-0.04894 -0.09418 0.10149 0.14465 -0.08615 -0.15337 0.24983 -0.18608 0.03884 -0.10693 0.03758 -0.09715 -0.27387 0.14633 -0.06990 -0.18395 0.07419 0.10569 -0.14565 -0.03086 -0.19207 0.00791 0.16876 0.10850 -0.01300 -0.02852 0.14933 0.01910 -0.10789 0.11138 0.08896 -0.13733 0.07739 -0.05712 -0.17285 -0.18697 -0.21350 -0.11278 0.10928 -0.28516
0.10789 -0.16069 -0.14310 -0.00203 0.14811 -0.15770 -0.09315 -0.08602 -0.02207 -0.20680 0.01981 -0.24455 -0.04079 -0.15416 0.24306 0.32533 0.17483 -0.12358 -0.13636 -0.02877 0.06316 -0.14534 -0.16146 -0.11773 -0.10915 0.28966 -0.09296 0.23149 -0.15024 -0.11124 -0.13419 0.10734 0.09209 -0.03527 0.07627 -0.15597 0.24904 -0.03374 0.01483 0.12714
-0.20681 -0.03846 -0.01284 0.06143 -0.00966 0.07292 -0.04253 -0.09225 0.10147 -0.04291 -0.12175 0.09600 -0.11827 0.13013 -0.06281 0.02572 -0.19308 -0.11016 -0.03890 0.13421 0.03809 0.06112 0.24216 0.05718 -0.08226 -0.11356 0.15997 0.14285 0.09293 0.04181 -0.07760 -0.15625 -0.14981 -0.07302 -0.03624 -0.30915 -0.05981 -0.02453 -0.14598 -0.16152
-0.10405 -0.20094 0.31071 -0.33079 0.11436 0.15363 -0.21635 0.13969 0.09050 0.27309 -0.25156 -0.05684 -0.12972 0.14134 -0.16744 0.07668 -0.06422 0.01361 0.10459 0.05873 0.01208 0.10356 0.19680 0.07039 0.12445 0.13887 0.21913 -0.23481 -0.10890 0.08176 0.21596 -0.05926 -0.12483 -0.15400 0.00261 0.01545 0.16251 -0.13330 -0.04842 0.10344
-0.13883 -0.20492 0.18282 -0.23321 0.02945 0.00696 -0.08294 0.01015 0.03301 0.02011 -0.17177 0.19203 -0.30402 0.10803 -0.11750 0.04447 -0.09604 0.06128 -0.04641 -0.04304 0.13321 0.07522 0.07210 0.00856 0.06753 -0.06695 0.22164 -0.05235 -0.00433 0.26375 -0.03984 -0.21660 0.01799 -0.16943 -0.15761 -0.21500 0.15977 0.10236 -0.01080 -0.00595
-0.08879 0.12335 0.24362 -0.07428 -0.11754 -0.11739 -0.11531 0.19187 0.02836 0.05303 -0.06831 -0.00063 -0.26367 0.14297 0.29433 0.17881 -0.31055 -0.12146 -0.07813 0.11495 -0.22321 -0.24076 0.09542 0.01716 -0.10811 -0.14809 0.17421 -0.11152 0.24724 0.16323 0.14131 -0.14564 0.05571 0.05167 -0.12405 -0.16868 0.06572 -0.19379 -0.02807 -0.00687
0.34759 0.17881 0.05720 -0.14340 -0.04212 0.03379 0.12307 -0.02007 0.00229 -0.14812 0.06651 0.00535 0.05268 0.20265 -0.02335 0.09765 -0.09651 -0.06903 -0.07723 0.21529 0.18721 0.17597 -0.30617 -0.03240 0.02516 -0.14557 -0.00553 -0.06401 0.05460 0.14906 -0.08102 0.03128 0.05221 0.16316 -0.14207 0.37564 0.14749 -0.06840 0.03415 -0.15843
0.23710 0.11887 0.31259 -0.09795 -0.29597 0.15344 0.21516 0.07917 -0.25566 0.18628 0.10634 0.34333 0.03695 0.14020 -0.18223 -0.34676 -0.16064 -0.14755 -0.22979 0.25198 0.22130 0.17070 -0.15603 -0.15931 0.26726 -0.27929 -0.02664 -0.16061 -0.15935 0.09680 -0.16472 0.00709 -0.04287 -0.13269 -0.11197 -0.20193 0.22715 -0.03243 -0.14021 0.13063
-0.18534 -0.10901 -0.03453 0.06928 0.01650 -0.27863 0.07552 -0.20384 0.25665 -0.06405 0.29852 0.35643 0.19931 0.26496 -0.13802 0.04728 -0.10122 0.12999 0.36538 0.20051 -0.11579 0.01070 0.00240 -0.21151 -0.06699 0.00734 -0.37730 -0.20819 0.14387 -0.31172 -0.21700 0.14503 -0.07076 0.15985 0.01695 -0.11147 0.01624 0.21958 0.12930 0.11052
0.06701 -0.26391 -0.17150 0.14165 -0.03106 -0.11491 0.09556 0.11410 0.06444 0.06654 -0.01471 -0.05835 -0.25896 -0.33310 0.16204 -0.21269 0.15542 0.06350 0.13999 0.00731 0.37422 -0.03512 -0.11595 -0.00618 0.13232 -0.11275 0.19806 0.22057 0.13611 -0.05539 -0.28125 0.08909 0.10272 -0.31051 0.13323 0.10091 -0.21028 -0.01372 0.18063 -0.26721
0.18498 -0.24603 0.09961 -0.10269 -0.22089 -0.03031 -0.17879 -0.18263 -0.13849 0.08368 -0.15690 0.41095 0.20344 -0.07844 -0.34006 -0.11184 0.05026 0.30644 0.10167 0.13094 0.27488 0.15874 0.08502 0.12196 0.08174 -0.21935 0.29834 -0.04735 -0.07419 -0.17656 -0.18713 0.17293 0.15884 0.34976 -0.07728 0.16035 0.06621 0.25326 0.09153 -0.02707
0.09238 0.11267 0.10985 0.19301 -0.09271 0.08960 -0.02360 -0.00078 0.21923 0.07965 -0.21006 -0.08433 0.15981 0.05538 -0.06187 -0.05734 0.11133 0.21207 0.00660 0.05881 -0.12643 0.18810 0.00274 -0.04003 -0.04121 -0.24895 -0.13578 0.01340 -0.22290 0.08163 -0.08101 -0.13942 -0.26820 0.30491 -0.16539 0.14157 -0.09956 0.08857 -0.11091 -0.00819
0.26830 0.15598 0.13425 0.08561 0.16241 -0.05240 0.24981 0.12316 -0.03047 -0.11867 -0.00553 -0.13121 -0.05879 0.19510 0.10706 0.10628 -0.19530 -0.24419 0.02714 -0.00068 0.12989 0.00802 -0.23012 0.04444 -0.00940 0.00075 -0.03765 -0.25686 0.12524 0.14799 0.13535 0.06532 0.25778 0.08804 -0.22659 0.34086 0.05182 -0.08242 -0.25727 -0.08910
-0.01700 0.11582 0.12810 0.05971 -0.18417 0.27434 0.02125 -0.29391 -0.04110 -0.04069 -0.00925 -0.19399 0.39958 -0.22583 -0.04796 -0.01548 0.29958 -0.10502 0.10447 0.12080 -0.22861 -0.24560 0.01314 -0.18629 0.08551 0.01921 -0.12527 0.14476 0.02706 -0.16949 -0.09669 -0.13442 0.02347 -0.01828 -0.08844 -0.08940 0.29770 -0.21858 0.08201 -0.11273
-0.00652 -0.10649 -0.07357 0.22298 -0.05390 -0.03137 0.12725 0.15766 -0.10853 0.16927 0.15468 -0.28332 -0.05782 -0.05162 0.32754 0.15921 0.11953 -0.24634 -0.00479 0.01393 -0.20123 0.01579 -0.07024 -0.18037 -0.05220 -0.11213 -0.13282 0.19564 -0.07372 0.08742 -0.04493 -0.04159 0.08529 0.05422 -0.00585 -0.12750 0.01501 -0.10422 -0.15679 0.13021
-0.02769 0.20721 -0.29798 0.13025 -0.41615 -0.23374 0.06152 0.06115 -0.25354 -0.08030 0.32487 -0.17298 0.25373 -0.07553 -0.01096 -0.15390 0.21165 0.27941 0.32418 -0.04701 0.28288 -0.21281 -0.29029 0.17225 -0.26843 -0.30386 0.15314 0.06897 0.26067 -0.06972 0.05791 -0.10850 0.21375 0.27326 0.06281 0.10573 0.16055 -0.27193 -0.09174 0.10221
-0.18526 0.01402 -0.21818 0.15356 0.13089 -0.06289 0.01672 -0.00980 -0.12338 0.21034 0.02912 0.07157 0.14472 -0.05753 0.19188 -0.14123 0.25879 -0.00475 0.04624 0.14311 -0.15641 0.02138 0.05405 -0.09808 0.06964 -0.13084 -0.25739 0.15342 -0.00966 0.06999 -0.10183 0.08515 -0.04486 -0.14012 0.07874 0.01192 0.24025 -0.18601 -0.15672 0.14876
0.06694 -0.03178 0.10322 0.04687 0.09567 -0.04671 0.00241 0.02709 0.21959 0.29228 0.08865 0.02051 -0.13571 -0.11095 0.06411 -0.13797 -0.00875 0.17171 0.07477 -0.15757 0.19581 -0.16076 0.25049 0.15128 -0.10442 0.17070 0.04746 -0.16258 -0.28061 0.26417 -0.00349 0.00729 -0.02511 0.05612 0.18456 -0.24674 -0.06526 0.20947 -0.07065 -0.23788
-0.16618 0.26042 -0.12766 -0.11356 -0.07499 -0.11984 0.15391 -0.19716 -0.17519 0.07272 0.05195 -0.10088 0.02938 0.01309 -0.04698 -0.09925 0.23133 -0.08248 -0.11159 -0.08744 -0.12897 -0.13587 -0.20069 0.17570 0.19626 -0.15667 -0.18960 0.08338 0.16519 -0.03947 -0.07565 -0.04029 0.16040 0.06310 -0.09016 0.20601 0.06154 -0.21534 -0.13221 -0.06248
0.13555 0.20495 -0.08873 0.17715 -0.05379 -0.22991 0.02489 -0.08670 -0.16586 -0.14188 0.17593 -0.19198 -0.02899 -0.18501 0.16906 0.14244 0.19419 0.03169 -0.14656 0.19945 -0.03043 0.07162 0.01351 0.04322 -0.05747 -0.14954 -0.22814 -0.04324 0.24461 -0.05225 -0.08027 -0.03748 0.08411 -0.03312 0.04738 0.16191 -0.04408 -0.05530 -0.07460 -0.15654
-0.21736 0.25290 0.19310 -0.14825 -0.10490 -0.14298 -0.19224 -0.09580 -0.05736 0.15935 -0.19524 0.19011 0.04183 0.02563 0.14785 0.19769 0.15405 0.18109 0.13357 -0.18950 -0.28804 0.13953 -0.30030 -0.16165 0.04255 -0.07929 -0.16328 -0.15768 0.03421 -0.16054 0.02440 0.10117 -0.18687 0.04543 0.04264 -0.17652 -0.28990 0.14803 -0.17104 0.14553
-0.33390 0.13223 -0.03272 0.13514 -0.16594 0.04454 0.26043 -0.09080 0.19193 0.16202 -0.04488 0.35447 0.07603 -0.17746 -0.14294 -0.05875 0.03388 0.05543 -0.04602 -0.16087 -0.00550 0.07052 0.39623 -0.05757 0.22265 0.00970 -0.05703 -0.01028 -0.23625 0.26436 -0.10869 -0.04591 0.08416 -0.08712 0.24337 -0.00767 -0.13286 0.14165 0.11451 -0.06979
-0.08528 -0.25214 0.30438 -0.39196 -0.14273 0.07489 -0.05722 0.13669 0.11570 -0.03769 -0.15490 -0.15586 -0.34717 0.13615 -0.16111 -0.02235 -0.22307 0.06846 -0.00791 -0.04550 -0.03035 -0.17888 0.07739 -0.01242 -0.11070 0.09127 0.08824 0.07367 -0.24357 0.16724 0.06692 -0.19526 -0.03579 -0.00463 -0.02714 -0.35408 0.18211 0.24347 -0.03488 -0.12092
0.02211 0.08836 0.04167 0.04612 -0.13211 -0.13038 -0.10486 -0.32402 -0.03186 0.03493 -0.12666 0.38878 -0.27242 -0.15927 0.23711 0.29189 -0.19293 -0.20851 0.16601 -0.14566 0.11203 -0.13527 0.01762 -0.16003 0.22863 -0.17355 -0.13961 0.03583 0.26520 -0.08551 -0.14112 -0.15597 -0.02319 0.25882 0.15134 -0.15924 0.24057 -0.27226 0.18910 -0.25066
0.17471 -0.04878 0.18804 0.10235 0.22244 -0.15820 -0.21821 0.25665 -0.24956 0.04097 -0.24593 -0.07244 -0.17729 -0.14886 0.12829 0.00019 0.03986 -0.02871 0.10991 -0.14369 0.07809 -0.25782 0.07850 -0.17888 -0.09268 0.17744 0.11546 0.27738 0.13881 0.09459 -0.02009 -0.19714 -0.27715 -0.31853 -0.07716 -0.23357 -0.19704 -0.02602 0.08828 0.15975
-0.16299 -0.25418 -0.21065 0.10706 0.05417 0.03124 -0.04548 -0.12497 0.02232 -0.01568 -0.24690 0.00217 0.24806 0.07344 -0.15823 -0.06015 0.20470 -0.03717 -0.29701 0.27465 -0.12294 -0.10084 0.13346 -0.27708 -0.21837 0.14916 0.04069 0.23820 0.06469 0.09205 0.08753 -0.07701 -0.19547 0.11882 0.10463 0.22640 0.01967 0.10487 -0.02102 -0.17405
0.14918 0.05595 0.07108 -0.10545 -0.30996 -0.09886 0.16660 -0.02799 0.14092 0.28334 0.25428 -0.23180 0.14179 -0.19572 0.27360 -0.08801 0.20222 0.09189 -0.32504 -0.13602 0.25025 0.14430 -0.13891 0.00155 -0.02516 0.04342 0.02689 -0.12018 0.18779 0.20338 -0.18321 -0.06985 0.32991 0.21893 0.14698 -0.07273 -0.31238 -0.27558 0.18296 -0.22551
0.15735 -0.35589 0.24420 -0.20913 -0.12636 -0.17025 0.13169 0.06854 0.26613 0.17632 -0.15591 0.28677 -0.09140 0.30199 0.28494 -0.10342 0.10682 0.02330 -0.07594 -0.25734 -0.20967 0.05569 0.04885 -0.28953 0.05246 0.01300 -0.13575 -0.02727 -0.29084 -0.18204 0.00646 0.08855 0.10683 0.02660 -0.30147 0.30744 -0.06703 0.08524 -0.09393 -0.12913
-0.28350 0.20905 0.02680 0.13071 -0.01781 0.05487 0.26927 -0.00545 0.15376 0.09842 -0.04893 0.32203 0.15476 -0.21106 -0.03549 0.02215 0.06153 0.07943 0.08226 -0.10802 -0.10543 0.09623 0.18961 0.03001 0.28477 0.02568 -0.02024 0.05648 -0.24092 0.27637 -0.15463 -0.05890 0.04873 -0.04366 0.27009 -0.08083 0.04357 0.07461 -0.07746 0.06069
0.00539 -0.17395 0.07994 -0.14542 0.17646 -0.06500 -0.10956 0.21702 -0.23883 0.18021 -0.12696 -0.15480 -0.16784 -0.17659 -0.06328 -0.21486 0.02539 -0.06095 -0.01516 -0.16459 0.15584 -0.01913 -0.02186 -0.15517 -0.16943 0.16442 0.04957 0.22776 0.19548 0.23106 0.00172 -0.16324 -0.25080 -0.22328 0.10701 -0.00156 -0.11654 -0.03371 0.03180 0.11870
-0.19902 -0.10213 -0.12896 -0.28881 -0.17028 0.22979 -0.26993 0.07952 -0.19973 0.06521 -0.23021 0.09639 0.12197 0.05092 -0.05037 -0.23099 -0.00296 0.04372 0.45904 0.07632 0.08438 0.17314 -0.04397 0.04456 0.20608 -0.28323 0.31146 0.25644 0.02424 -0.17410 0.00098 -0.17374 0.30376 0.31603 -0.40159 -0.02494 -0.08011 -0.19223 0.02380 -0.07298
-0.01619 -0.26208 0.22168 -0.04408 -0.13240 -0.18545 0.17824 -0.03968 0.15146 0.19148 -0.11439 0.23157 -0.01161 0.23020 0.29699 -0.29290 0.10900 0.09129 -0.06177 -0.20815 -0.13604 -0.08591 0.10073 -0.25322 -0.01279 -0.01414 -0.14774 -0.07439 -0.32655 -0.22991 0.12642 -0.11030 -0.04848 0.10465 -0.28903 0.23649 0.10113 -0.02834 -0.14730 -0.02173
-0.03659 -0.19159 0.23402 -0.07223 0.05610 -0.19997 0.07054 -0.10021 -0.06721 -0.24393 -0.00961 0.13752 0.19198 0.16465 -0.07198 0.25340 -0.10764 -0.04398 -0.15844 -0.30671 0.05588 0.12761 0.23531 -0.14934 -0.13649 0.23112 0.28651 -0.22401 -0.13159 -0.19434 0.29636 0.40514 -0.00880 -0.12164 -0.29334 0.23540 -0.08301 0.25919 0.01626 -0.02870
0.14835 0.03647 0.12435 -0.09241 -0.29441 -0.14965 0.29413 0.06498 0.15526 -0.17556 0.01310 -0.32999 -0.14088 -0.11959 0.12424 0.09838 0.17916 -0.07861 -0.10902 0.18846 -0.13399 -0.18605 -0.38546 -0.19859 -0.05667 -0.17312 -0.13127 0.13584 -0.15980 0.04655 0.09733 0.14339 -0.13877 0.25238 0.18297 -0.21508 0.00915 -0.05332 -0.07954 -0.13377
-0.28452 0.21611 0.07889 -0.17781 -0.15269 -0.07177 -0.10485 -0.09522 -0.12954 0.17321 -0.16967 0.17766 0.09685 0.19218 0.05130 0.07130 0.13392 0.08703 0.18070 -0.19416 -0.22091 0.22358 -0.20096 -0.28851 -0.06160 -0.15038 -0.12612 -0.04234 0.20653 -0.00016 0.11860 0.03152 -0.14796 0.03582 0.03442 -0.13931 -0.33125 0.17155 -0.07142 0.18590
