0.01062 -0.19019 -0.37673 -0.03369 -0.40632 -0.19307 0.03607 0.13974 0.07362 -0.00144 0.38343 0.04935 0.13993 -0.10138 0.19336 0.02784 -0.39423 -0.03119 0.18288 0.20910 -0.18982 0.01214 0.09677 0.37622 -0.06637 0.00544 0.18366 0.16735 -0.11679 -0.18236 -0.39644 0.24574 -0.26315 0.13387 0.24012 0.14100 0.27797 -0.08696 -0.15681 0.18594
0.04537 0.20341 -0.09029 -0.05996 -0.08533 -0.28118 -0.10560 -0.19511 0.05708 -0.21626 -0.26114 -0.20148 0.00692 0.19924 -0.08138 0.07875 0.30955 -0.17420 0.18605 0.17819 -0.18610 0.04197 0.19151 0.08118 -0.09595 0.01788 -0.04457 -0.17837 0.15797 -0.00240 0.12884 0.29528 -0.28645 -0.30590 0.20666 0.37568 -0.03492 -0.38627 0.21649 -0.05833
0.14477 0.31194 -0.13438 0.17719 -0.09902 -0.02836 -0.09337 -0.14553 0.28606 -0.07858 0.11334 0.15141 -0.12905 0.10124 0.25831 0.00425 -0.30591 0.07144 -0.03604 0.28286 0.10229 0.00579 0.22475 0.18061 0.22850 -0.24032 -0.08475 0.39042 -0.41537 -0.20332 -0.07734 -0.08767 0.16253 0.20641 0.22119 0.16509 0.03125 -0.23238 0.05510 0.07459
-0.24679 0.15120 0.16476 0.09676 0.25523 0.02688 -0.06281 -0.13465 0.17693 -0.21632 -0.15368 0.03668 -0.12175 0.03379 -0.02503 -0.10613 -0.09754 0.13872 0.34964 0.07994 0.02800 0.13490 0.08937 0.15866 -0.02253 0.29747 -0.08851 0.02680 0.10997 0.19507 0.14135 -0.00838 0.05991 -0.20005 -0.06469 0.12380 0.15875 0.00563 -0.00233 -0.09779
-0.22642 -0.19996 0.18511 0.16341 0.24674 -0.02595 -0.00443 0.01143 0.05270 -0.08312 -0.11947 0.00269 0.14353 -0.40585 -0.16725 -0.16307 -0.12098 0.03375 -0.11092 0.13886 -0.15772 0.30709 -0.10958 0.28576 0.15354 -0.07697 -0.00897 -0.06854 -0.12825 -0.17052 0.23814 -0.25699 0.08470 -0.17411 -0.07556 -0.17083 0.01117 0.15136 0.27963 -0.28191
-0.27352 0.32381 -0.22224 0.11974 0.12418 0.24005 0.14996 0.04707 0.26172 -0.02703 0.16618 -0.23069 -0.10245 0.14306 -0.00785 0.08558 0.21309 0.30703 0.11311 0.11802 0.30846 0.08055 -0.20449 0.23205 0.03521 0.05949 -0.21484 0.05529 -0.13891 -0.05731 -0.11365 0.25809 0.23764 0.13083 -0.00283 -0.14472 0.01413 0.11033 0.31912 0.17447
-0.12006 -0.10360 -0.22865 0.01566 -0.10838 -0.00148 0.23645 -0.20644 0.22546 0.16480 -0.29717 -0.21386 0.10859 -0.07272 0.10787 -0.12731 0.12375 0.27644 0.09414 0.17277 -0.19218 0.15950 -0.02736 0.29252 0.02493 -0.16271 -0.01385 0.23325 -0.11245 -0.32433 0.08871 0.32087 -0.11981 0.21487 0.21359 0.03997 0.41485 0.13044 -0.00388 0.02555
-0.16662 -0.09442 0.12777 0.05611 -0.06432 -0.14197 -0.11669 0.16392 -0.10877 0.09871 -0.13111 0.05621 -0.03806 -0.24859 0.16004 -0.14975 -0.02333 -0.05349 0.12518 0.07748 -0.15266 -0.06980 0.01663 -0.20005 -0.24378 0.10240 0.09428 0.00930 0.11594 0.03448 0.07533 -0.04513 0.14529 0.05970 0.05104 -0.05087 -0.32392 0.13840 -0.04484 -0.22838
0.12641 -0.15396 0.21022 -0.00141 0.22777 -0.04536 0.07006 0.17536 -0.03280 -0.20444 0.23035 -0.07608 0.00337 0.09175 -0.04343 0.13515 -0.27074 0.43968 0.20247 -0.10236 -0.01106 0.15072 -0.17128 0.00791 0.00722 -0.03190 0.07706 -0.06484 0.10745 0.06896 -0.02263 -0.13130 -0.01118 -0.19630 -0.14342 -0.19996 -0.05008 0.01718 0.11642 -0.01607
-0.08526 -0.15635 0.40162 -0.24395 0.27929 -0.15669 0.14864 -0.30783 -0.13263 0.14369 -0.11894 0.22106 0.23501 -0.29720 0.00727 -0.28839 0.07150 -0.12299 -0.15008 -0.11922 0.26840 0.23632 0.21196 -0.38037 0.19958 -0.25486 -0.13133 -0.24804 0.09674 0.07060 0.29640 -0.15888 0.09321 -0.05958 -0.09507 0.07900 0.01880 0.04906 0.11153 0.10083
0.03223 -0.39528 0.06365 0.11923 -0.31595 -0.17257 -0.16851 0.26642 -0.32675 0.13246 0.09646 0.27688 0.00366 -0.14971 0.02303 -0.09528 0.31890 -0.03807 0.04358 -0.13088 -0.08784 -0.06208 -0.05282 0.16337 -0.08982 0.08237 0.23601 -0.07069 0.24806 -0.20921 0.21329 -0.31752 0.22336 -0.14294 -0.17879 -0.03463 -0.19840 0.11755 -0.11651 -0.27690
-0.17744 -0.26355 0.14077 0.24860 -0.17826 -0.26428 -0.00078 0.19244 -0.23065 0.17816 0.17743 0.23167 0.16605 0.12464 -0.05493 0.08403 -0.15193 -0.09983 0.09454 0.25635 -0.17969 -0.10924 0.14037 -0.29416 -0.16513 0.24295 0.13389 0.01733 0.00090 0.02882 -0.05889 -0.06225 0.05492 -0.12831 0.04230 -0.01327 -0.28214 0.16801 0.04587 -0.27714
-0.02923 0.10212 0.16685 0.00604 0.10751 0.26634 0.09686 -0.21342 -0.07684 0.17979 0.19075 -0.05208 -0.12815 0.07002 0.01148 -0.09976 0.14308 0.17098 0.03716 0.02758 0.02782 0.26352 -0.00502 -0.09011 0.05571 0.12098 -0.04835 -0.38057 0.07182 -0.08228 0.29260 -0.10730 0.12265 -0.02789 0.17498 0.19756 0.31032 -0.00139 -0.20049 0.15913
-0.17520 -0.15577 0.08549 0.34083 -0.10818 -0.15806 0.12085 0.06731 -0.02437 -0.19492 -0.13934 -0.07029 0.24584 -0.10655 0.28521 -0.00600 0.33459 0.25362 -0.42459 -0.11880 0.22989 0.06143 0.32825 0.24784 0.11037 0.15094 0.05729 -0.03679 0.14090 -0.43600 -0.19248 0.31413 -0.10666 -0.00532 0.18484 0.23350 0.35830 -0.03598 0.06812 -0.19909
-0.19278 0.01595 -0.28046 0.09999 0.13222 0.11355 -0.07730 -0.07145 -0.22695 -0.16365 -0.14445 0.32952 -0.34260 0.08152 -0.16804 0.17653 -0.18860 0.28270 -0.09683 0.27063 -0.22980 0.15430 -0.13906 0.09392 -0.22408 0.12478 0.30246 -0.10475 0.09269 0.17183 0.07156 -0.12366 -0.39699 -0.23339 0.08106 0.22985 -0.03588 -0.12442 -0.30640 -0.03523
-0.27606 -0.05778 -0.07487 0.12694 -0.08497 -0.30354 -0.12842 0.14770 0.18981 0.14709 0.04346 0.31147 0.31563 0.26288 0.21989 -0.04036 -0.36599 0.15837 -0.08445 -0.13159 0.07924 0.09457 0.22283 -0.13287 -0.08153 -0.15545 0.14410 -0.04097 -0.21880 0.00523 -0.29895 -0.39070 0.25515 0.04255 0.13916 -0.18753 0.13661 0.06387 -0.01598 -0.11604
0.28694 0.32979 -0.28764 0.07967 0.23734 -0.08640 -0.23576 0.06110 -0.23244 -0.05617 0.21183 -0.08338 -0.27916 -0.12367 -0.38326 -0.09165 0.15468 0.01085 -0.09424 0.17835 0.27327 0.21966 -0.27180 0.10026 0.35888 -0.10051 0.20639 0.07475 0.17375 -0.14995 -0.14036 -0.13455 0.22303 -0.11157 0.13059 0.20850 -0.13210 -0.18357 -0.05596 -0.28406
-0.23810 0.07767 -0.04509 0.43697 -0.26249 0.22249 0.23190 0.26264 0.12468 -0.20881 -0.04063 0.15376 0.21024 -0.22327 -0.11370 0.00260 -0.25323 0.33844 -0.14530 -0.19270 -0.32608 0.25980 0.32946 0.09073 0.06267 0.15581 0.07379 0.23704 -0.11161 -0.04638 0.36417 0.01209 -0.31127 0.03371 0.11197 -0.06230 -0.15771 -0.12590 -0.04780 -0.10231
-0.10768 0.16309 -0.16549 0.07691 0.22558 -0.11500 -0.13061 -0.23157 0.27822 -0.05901 0.04599 0.25480 0.25548 0.23546 0.24339 0.12672 0.13554 -0.14899 0.13191 0.26160 0.11747 0.21514 0.20864 0.07951 -0.14574 0.46950 -0.00224 -0.32132 -0.01222 0.13981 -0.02902 -0.29104 0.22158 0.28218 -0.13477 0.36150 0.04204 -0.12141 -0.01279 0.31000
-0.13080 0.12022 0.09361 0.13523 0.17423 -0.18044 0.18878 -0.26804 -0.39928 0.24297 -0.24304 -0.24790 0.33996 0.01852 -0.12823 0.20902 -0.19783 0.25448 -0.01966 -0.37970 -0.05315 -0.24728 -0.16873 -0.11862 -0.23741 0.33775 0.17734 -0.17554 -0.01003 -0.08585 -0.01664 -0.22042 -0.16085 -0.26181 0.04817 -0.13468 -0.22410 -0.03996 0.30875 0.08998
-0.01728 0.20372 -0.04960 0.06266 0.17410 0.25938 -0.10920 -0.04466 -0.01058 -0.04418 0.15736 -0.27755 0.12385 0.23815 -0.02508 -0.34850 -0.19372 0.10531 0.29177 -0.16907 -0.19585 0.06114 -0.27663 0.19888 0.09927 0.25220 0.09140 -0.24006 0.04934 0.03710 -0.08941 -0.07713 0.19414 -0.09596 0.11013 -0.18064 0.31159 -0.08500 0.09426 0.13614
-0.27070 -0.12610 -0.08589 0.14621 0.10805 -0.13663 -0.10333 0.14746 -0.19269 0.00329 0.08300 0.29347 0.14873 0.10987 -0.09887 -0.18386 0.06626 0.08954 0.14670 -0.08145 -0.26798 -0.19016 0.04751 -0.24223 -0.30081 0.01068 0.11178 0.04293 -0.03175 -0.14689 0.06340 -0.07666 0.00990 0.13869 -0.22697 -0.07144 -0.23011 0.08477 0.18308 -0.37559
0.19424 -0.20411 0.35900 -0.27667 -0.03951 0.24414 0.19852 -0.00959 -0.06843 0.09426 -0.06310 0.13668 0.19547 -0.02625 0.13520 -0.09771 -0.08256 -0.00988 -0.23713 0.25735 0.24389 -0.04389 -0.07349 -0.03954 0.09725 -0.07368 0.10733 0.19416 0.08132 -0.09924 -0.08543 -0.20340 -0.02928 0.11543 0.01912 0.18311 -0.00919 0.02333 0.16340 0.21440
0.25270 -0.26678 0.25328 -0.11256 0.22244 0.28323 0.16492 0.20728 -0.21742 -0.08313 0.41855 0.12819 -0.03645 0.20560 -0.28514 0.10146 -0.01314 -0.34061 -0.06500 -0.02941 0.06171 -0.21372 -0.00174 -0.26693 -0.17139 0.28301 -0.31100 -0.37009 0.10762 0.16691 -0.02211 -0.08005 0.15025 -0.17933 -0.31659 0.08416 0.09880 -0.24867 0.09968 0.22322
0.06183 0.16623 -0.16868 0.07485 -0.05901 0.06518 0.15427 -0.02883 0.06840 0.02770 0.00323 -0.18762 0.18015 -0.02584 0.19340 -0.09599 0.18334 0.12982 -0.13654 0.10426 0.23917 0.06324 -0.05528 0.23696 -0.11078 0.15945 -0.09567 0.07180 0.08925 -0.33121 -0.09293 0.27726 0.00075 -0.00154 0.19717 0.15644 0.17413 0.06027 -0.15611 -0.18094
-0.00288 -0.05444 -0.09708 -0.15583 0.30382 -0.09398 -0.35097 -0.22077 0.28739 0.17351 0.03461 0.13537 -0.12093 -0.05463 -0.00748 -0.02199 -0.19087 -0.14191 -0.05101 0.23970 -0.22967 0.04303 -0.33952 0.12469 -0.01165 -0.23199 0.18422 0.08175 -0.02694 0.29117 0.21265 0.14849 0.38952 0.35683 0.13663 -0.09050 -0.26014 -0.00968 -0.04074 0.24778
-0.21449 0.31952 0.05439 0.22647 -0.26792 -0.05814 -0.20210 -0.16325 0.16228 -0.02054 0.05996 0.15435 -0.21032 0.01038 0.28051 -0.22382 -0.17801 0.14542 -0.26748 0.19610 -0.08338 0.14643 -0.01788 0.14011 0.13823 0.14936 -0.05380 0.09891 -0.02327 0.01217 -0.26889 0.18796 -0.00473 -0.05132 0.01762 0.03031 0.06739 -0.06535 0.20108 0.18506
0.19216 0.24104 -0.04783 -0.19126 -0.05037 0.09580 0.04715 -0.15647 -0.12039 -0.10751 -0.04934 0.03811 -0.20729 0.08922 0.23401 0.12208 -0.26887 0.21620 -0.20278 0.24579 0.21745 -0.32350 0.31315 0.01955 0.29415 0.36622 -0.05099 0.10228 -0.10912 -0.27365 -0.14929 -0.01062 -0.10300 0.07855 0.08119 0.32390 -0.25358 0.01125 0.19285 0.30936
-0.12217 0.04603 -0.00183 0.15361 -0.31558 -0.28006 0.01039 -0.15198 0.06149 -0.06325 -0.10675 0.25546 -0.11136 -0.10965 0.14990 0.00003 -0.00324 -0.16421 -0.18469 0.26671 -0.23957 0.13760 -0.09866 -0.15708 0.02656 -0.02864 0.08162 0.17547 0.12777 0.27213 0.03296 -0.16427 0.11742 -0.16506 0.09895 -0.10556 -0.12745 0.16101 0.12844 0.02482
-0.06920 0.05762 0.19772 0.10456 0.28715 -0.11507 0.40497 0.16754 0.14398 -0.02742 0.09664 -0.04977 -0.07100 0.19418 -0.23088 -0.01962 0.04773 -0.21672 -0.16241 0.09882 -0.09487 -0.08491 0.18439 -0.17879 -0.17185 0.09540 0.09582 -0.23113 0.04535 -0.06988 0.27537 0.16863 -0.29673 -0.24227 -0.22857 -0.07454 -0.22805 -0.27578 0.21353 0.09912
0.23129 0.00643 0.13309 -0.19280 -0.03685 -0.07865 0.28901 0.19965 0.24361 -0.12223 -0.02303 -0.14557 -0.18164 0.04462 -0.22887 0.27071 0.21101 -0.02820 -0.23032 -0.25048 -0.00521 0.18198 -0.13457 -0.12310 -0.11935 0.31158 -0.13470 -0.10850 0.02025 0.07218 -0.08767 -0.05352 -0.20175 -0.01624 -0.13362 0.07695 -0.12954 -0.21127 0.15291 0.13614
-0.11928 0.10985 0.07512 0.36065 -0.21594 -0.38174 0.05480 -0.10620 -0.24489 -0.20302 -0.04769 0.17019 -0.22342 0.15183 0.10689 -0.00069 -0.18902 0.19071 -0.03040 0.12150 0.03267 0.09072 0.16068 0.09325 0.04214 0.05166 0.17246 0.10684 0.08080 -0.08853 -0.00278 0.08711 0.04858 -0.19013 -0.05150 -0.09374 0.06941 0.13125 0.10533 -0.03734
-0.32294 0.04251 -0.01683 0.29658 -0.08721 0.19584 0.18763 -0.18268 0.17289 0.02493 0.22646 -0.12569 -0.20543 0.32751 0.09499 0.20373 0.03162 -0.12119 0.02955 -0.14109 -0.29870 -0.19731 0.25831 0.08461 -0.39926 0.05141 0.14052 -0.14630 0.31409 -0.29966 -0.26064 -0.05472 -0.26303 0.05564 0.22548 -0.11129 -0.16654 -0.29656 0.20015 0.29490
0.09281 -0.22984 -0.25020 -0.21982 0.22296 0.07876 -0.15210 0.06656 -0.38551 0.24548 0.33852 -0.36646 -0.01069 -0.28594 0.16676 -0.14567 0.25144 0.02525 -0.12626 -0.05280 0.00662 0.10451 -0.24066 -0.30314 0.33556 0.16501 -0.00324 0.21262 0.04648 -0.03579 -0.10859 -0.07037 0.02889 -0.29260 0.18007 0.02583 -0.01561 0.21375 0.08527 0.12671
0.18497 0.13607 0.25291 0.30741 -0.01976 -0.04314 0.14106 0.09190 0.25244 -0.38249 0.25290 -0.12558 -0.08470 -0.08529 -0.30668 -0.01768 0.31824 -0.13996 0.20053 0.29273 -0.28377 0.36995 0.22665 -0.28711 -0.24110 -0.16818 0.04510 -0.35374 -0.22800 -0.08099 0.35066 0.24625 -0.05405 -0.14511 -0.22947 0.31907 0.21544 -0.04087 0.00915 0.24516
-0.07945 0.02151 -0.06174 0.14336 -0.14398 -0.17701 0.15775 0.02421 -0.10296 -0.15274 -0.06454 -0.07313 0.25802 0.25722 -0.03184 -0.01217 0.11460 0.09411 0.09051 -0.16225 -0.17265 0.09098 0.16270 0.25467 -0.00200 0.05066 -0.28930 -0.14547 0.33823 0.09068 0.08937 0.09847 -0.20911 -0.13829 -0.10096 -0.13191 0.04680 -0.33248 0.16703 0.21388
-0.08603 0.28984 -0.16614 0.18425 0.18013 0.11485 0.44534 0.27388 -0.02798 -0.28161 0.26594 -0.12609 0.02695 -0.05798 -0.25145 0.00959 0.03445 0.19434 0.32801 0.15048 0.33214 -0.22284 0.21094 0.13073 0.00691 0.16641 -0.01013 0.29972 -0.22026 0.38728 0.07941 0.20896 -0.39846 -0.14011 0.07209 0.27592 0.03281 -0.23635 -0.05479 0.00414
0.21961 0.21354 -0.10393 -0.11720 -0.05928 0.35190 -0.08301 0.07590 -0.01031 0.12758 0.27709 -0.25171 -0.13113 0.04021 -0.25039 -0.07275 0.11825 -0.09958 -0.15057 -0.09155 0.09213 0.09046 0.09664 -0.20663 0.12895 -0.03015 -0.38275 -0.12216 -0.29327 0.12112 -0.05054 -0.04558 -0.03721 -0.21266 0.15286 0.14592 0.30126 -0.21241 0.20426 0.00296
0.12768 -0.22354 0.08451 -0.16619 -0.05740 0.02972 -0.26912 -0.19050 -0.17636 0.10404 0.08473 0.23522 -0.11383 0.04599 -0.09124 0.08940 0.10029 0.08926 -0.05199 -0.05077 -0.09512 -0.19071 -0.12902 -0.00719 -0.18355 0.14424 -0.03966 0.15334 0.29913 -0.01155 0.01169 -0.16107 0.15844 -0.04111 0.08262 -0.12589 0.09878 0.15864 0.23486 -0.10921
0.33020 0.27910 -0.14763 0.01298 -0.03586 -0.10943 -0.05464 0.18164 -0.07183 0.19796 -0.09304 -0.11475 -0.22058 -0.08542 -0.10031 -0.05697 0.09712 -0.28571 -0.14177 -0.03634 -0.07318 0.01232 -0.10114 0.17461 -0.12396 0.26408 -0.11557 -0.34681 0.19505 -0.04836 0.13069 -0.09518 -0.30208 0.06491 0.11845 0.00190 -0.19400 -0.20563 0.07618 -0.10247
0.09989 0.04269 0.02228 0.20190 -0.33553 -0.14690 0.12747 -0.28101 -0.04360 -0.02639 -0.02541 -0.17615 0.03243 -0.09355 0.03105 0.23863 0.20454 0.12274 -0.10309 0.11700 0.19055 0.01726 0.33715 -0.16037 0.01961 -0.28380 -0.02183 0.02927 0.13833 0.14733 -0.15853 0.09503 -0.20667 -0.05905 0.00261 0.27027 -0.22720 0.15455 0.14760 0.32039
0.01762 -0.15210 -0.05583 -0.00126 0.27631 0.06530 0.29969 -0.22029 0.28407 0.11977 0.23184 -0.26905 0.19463 0.29280 -0.20545 -0.27017 -0.08725 -0.19524 0.00748 -0.19562 0.25708 0.33994 -0.00883 -0.12862 -0.06044 -0.08059 -0.24462 0.20624 0.29107 -0.22637 -0.12847 -0.20239 -0.23820 -0.23465 -0.06398 -0.44961 0.04306 0.21750 0.34278 -0.24803
-0.01264 -0.20505 0.03893 -0.04764 0.37601 -0.14132 0.10380 -0.18578 -0.20955 -0.06332 -0.21408 0.12874 -0.19357 0.10594 0.22420 -0.03278 -0.26206 -0.01681 0.36530 0.01078 0.01332 -0.26272 0.11991 -0.08188 0.01354 -0.24059 0.11375 -0.08952 0.04529 0.05150 0.08598 -0.29997 0.20337 0.22989 0.18444 0.29234 0.36188 -0.01884 0.18277 -0.21564
0.35332 0.14052 -0.00626 0.00471 -0.41639 0.24075 -0.00927 -0.02439 -0.27542 -0.03531 0.05740 0.13061 -0.30569 0.27970 -0.16348 0.01324 -0.12422 -0.11956 0.12350 -0.26706 0.33304 0.24134 -0.00210 -0.25621 0.20897 0.00541 0.24258 -0.09462 0.22302 0.36814 -0.06391 -0.01359 -0.36809 -0.08490 0.19080 0.13162 0.14458 -0.26171 -0.03226 -0.03484
0.38401 0.23798 0.18704 0.11349 0.27071 0.22429 0.06004 0.20795 0.05808 -0.16094 -0.17249 -0.04450 -0.19686 0.17474 -0.20519 -0.13806 -0.03376 -0.15413 0.08857 0.12272 0.12026 0.23274 -0.18869 -0.02075 -0.08500 -0.30208 -0.11631 0.12412 0.23846 -0.10767 0.12786 0.08461 -0.00348 0.07350 0.06462 -0.11344 0.12767 0.12763 0.02966 -0.10211
0.26028 0.06554 0.16352 0.08464 -0.12379 0.18773 0.13890 0.05860 -0.09999 0.24230 0.03627 -0.03571 0.04311 0.45991 -0.07020 0.11215 0.01327 -0.04894 0.11632 -0.13021 0.00785 -0.03297 -0.16020 0.02438 -0.26982 -0.04789 0.01242 -0.19601 0.22567 0.28625 -0.05155 0.22112 -0.01877 0.25310 0.02076 -0.22605 0.25289 0.10489 -0.29959 0.07778
-0.26856 0.30565 0.22044 0.29284 -0.14930 -0.23315 -0.28635 -0.15138 0.07388 -0.05917 -0.02728 0.02456 -0.22091 0.25023 0.26423 -0.19112 -0.15402 0.08360 -0.11879 0.09760 0.00555 0.20465 -0.01132 -0.21319 -0.21155 0.19524 0.06916 0.25667 -0.18576 0.23840 0.01761 0.27972 -0.23141 -0.10356 -0.24273 -0.21540 -0.16686 0.16550 0.25698 0.02551
0.07475 0.19844 0.40437 0.30831 -0.23921 0.18954 0.06467 -0.19481 -0.20899 -0.23937 0.14650 0.15895 -0.00720 -0.04923 0.11307 -0.11640 -0.21913 0.27759 0.24256 0.21129 -0.02284 -0.16072 0.08630 -0.20186 -0.17175 -0.11020 0.09296 -0.05453 -0.13210 -0.27609 -0.09992 0.19876 -0.18207 0.31269 -0.05955 -0.32108 0.19083 -0.00805 0.16324 0.13406
-0.16203 0.21059 0.27347 0.21471 0.34610 0.06953 0.25667 -0.21319 0.24099 0.32917 0.20332 -0.38187 -0.14210 0.21823 0.13945 -0.01286 -0.20134 0.01983 -0.07542 0.06531 -0.05337 0.06775 -0.04446 0.01469 -0.22435 -0.38154 -0.14331 0.11001 -0.02829 0.13465 0.13575 0.03554 -0.14197 -0.17536 -0.11490 -0.26496 0.12925 -0.13896 0.14707 0.27880
0.04299 -0.11904 0.19404 -0.01821 -0.02023 0.16482 0.05695 -0.21749 -0.11919 0.17516 0.02874 -0.19482 -0.26515 -0.09265 -0.16405 -0.15006 -0.01529 0.26253 -0.07876 0.19703 0.08604 -0.31080 0.01126 -0.11218 0.40711 -0.15600 0.16424 0.29822 -0.01554 -0.12027 -0.12848 -0.19192 0.15076 0.00672 0.21433 0.25701 -0.13650 -0.26159 0.11835 -0.20366
0.19253 0.00131 -0.02666 0.24062 -0.38520 0.21075 0.09154 0.17623 0.13411 -0.34301 0.00493 -0.06915 -0.08845 0.28132 -0.33867 -0.00093 0.27068 0.03259 0.37606 -0.27591 -0.13928 0.09610 0.02700 0.21513 0.06277 0.29768 -0.17005 -0.28560 0.31217 0.11617 -0.05380 -0.14606 -0.13046 0.16923 0.20414 -0.22287 -0.18390 -0.13928 0.08385 -0.01488
-0.04851 -0.12846 0.21601 -0.11822 -0.16334 -0.07545 -0.17575 0.30362 0.04916 0.24016 0.03992 -0.18220 -0.33548 -0.00643 0.14599 -0.21878 0.30782 -0.03919 -0.15551 -0.05694 0.05256 0.14217 -0.20738 -0.33014 -0.17365 0.20192 0.09196 -0.09204 0.24142 -0.16058 -0.13136 -0.01112 0.02061 -0.08282 0.15644 -0.14524 0.12902 -0.14212 -0.04842 -0.09883
-0.11057 0.10261 -0.16652 0.22126 0.08495 -0.40681 0.31018 0.26874 -0.37371 0.19919 -0.01470 0.21731 -0.05421 0.11072 -0.19030 -0.14452 0.01326 0.09988 -0.08893 -0.05498 -0.10140 -0.28230 -0.18790 -0.23199 -0.15262 0.07315 0.37793 -0.26889 0.29668 0.37361 -0.02343 0.03233 0.17035 0.22814 0.28825 0.23343 0.23183 0.03228 -0.06758 0.00363
0.27756 -0.07023 0.24326 -0.26128 -0.10508 0.30643 0.15263 -0.29576 -0.22364 0.13921 0.05770 -0.03659 -0.24281 -0.14313 -0.00853 0.03302 -0.02549 -0.09041 -0.29428 0.03069 0.06636 -0.33423 -0.03123 0.11128 0.33327 -0.13200 0.12740 0.23449 0.09734 -0.11225 -0.00013 -0.27632 -0.03937 -0.20371 0.06996 0.15727 -0.08792 0.13569 -0.07650 -0.02245
-0.02966 0.06920 -0.13243 0.14412 -0.12455 -0.19896 -0.10684 -0.07051 -0.09161 0.18084 0.12509 -0.16934 -0.12778 -0.10677 -0.08909 -0.12316 0.11809 -0.18684 0.04671 -0.17649 0.04908 -0.14541 0.15252 -0.02521 0.07236 -0.21402 -0.13277 -0.19282 0.00092 -0.02632 -0.15778 0.13457 -0.04169 0.03616 -0.07495 -0.15364 -0.11277 0.12543 -0.22047 0.01264
0.11513 0.28059 0.25403 -0.04491 0.27753 0.17404 0.17266 0.09886 -0.14414 0.25115 0.14985 0.25344 -0.27320 -0.14054 -0.02286 -0.00386 0.04086 -0.09831 0.11273 -0.26281 -0.08002 0.20476 -0.25170 0.10059 -0.23850 -0.01011 0.22332 -0.10886 0.20679 0.09280 0.17859 0.17382 0.25751 0.17049 0.07918 -0.32403 -0.16800 -0.30141 0.29738 0.20322
0.02889 -0.04700 0.11716 -0.00693 0.00716 0.12701 0.31835 -0.20067 0.11098 -0.14897 0.25097 0.07000 -0.25655 0.06039 -0.25315 0.21259 0.19349 0.05260 -0.15489 -0.07387 -0.06421 0.19256 -0.19598 -0.18530 0.01894 0.15391 -0.14210 -0.09383 0.09707 0.03315 0.06396 0.01465 -0.02303 0.06008 -0.14159 -0.08487 0.10952 -0.34082 0.04012 0.19678
0.15977 -0.11391 -0.05072 -0.29801 0.23946 0.27146 -0.24094 0.10341 0.03256 -0.15869 -0.17546 0.09207 0.06995 -0.08811 -0.18080 -0.08995 -0.07789 0.13581 0.15275 -0.15341 -0.28125 0.05168 -0.01143 -0.08268 0.30257 0.09104 -0.24674 -0.14998 -0.21897 0.40147 0.06591 0.26795 0.03176 -0.00188 -0.08196 -0.15027 0.03314 0.13432 -0.03296 -0.05588
0.16888 0.07126 -0.14895 -0.17651 -0.24011 0.25679 0.10303 -0.17908 -0.17630 -0.19321 -0.12022 0.30782 0.16517 0.26750 0.12905 0.14588 -0.29649 0.34605 0.08561 0.17869 0.05559 -0.11442 0.18607 -0.26306 -0.30423 0.37433 -0.24443 0.27471 -0.00015 -0.28427 0.26507 -0.05972 0.25526 -0.11583 0.24060 0.33366 0.15383 0.13124 0.04278 0.31490
-0.09801 0.21005 0.03875 -0.06732 -0.09903 0.26055 -0.09427 -0.19911 -0.07716 0.06702 0.21893 0.18435 -0.18942 0.08036 -0.29485 -0.27996 -0.03744 0.21486 0.29613 0.12133 -0.06941 0.21614 0.06742 -0.23253 -0.20808 0.27994 0.08708 -0.20913 0.15855 0.17368 -0.09685 0.16291 -0.16460 -0.17273 -0.04284 0.06145 0.17917 -0.14913 -0.22780 0.12474
-0.26504 -0.02628 -0.25097 0.09095 -0.29866 0.04635 -0.25577 0.26088 -0.11856 0.18208 0.09235 0.16039 0.20305 -0.17795 0.23159 0.04486 0.10829 -0.06105 0.23573 0.28597 -0.08941 -0.13750 0.02531 -0.14332 -0.41376 -0.05352 0.20300 0.28956 0.17191 -0.02339 -0.13064 -0.11811 -0.18071 0.36452 0.05512 0.12475 0.03349 -0.19713 0.15215 -0.21094
-0.22562 -0.17388 -0.10995 -0.00430 0.03572 -0.23256 -0.18893 0.04261 0.26453 -0.02079 0.07748 0.11697 0.12942 -0.32700 0.23279 -0.05221 0.04706 0.13984 0.01401 0.25843 -0.11265 -0.25110 0.01886 -0.21939 -0.27932 0.01882 0.23630 0.15998 0.19244 0.07068 0.05923 -0.03016 0.04001 0.19854 -0.04203 -0.17720 -0.03980 -0.06699 -0.09309 0.08236
-0.29848 0.07721 -0.01774 0.36468 0.28512 0.33892 -0.01084 0.19468 -0.06865 -0.12234 0.43382 -0.32497 -0.10681 -0.14448 0.08813 -0.07722 -0.12535 -0.26675 -0.09536 -0.26012 0.36091 0.11142 -0.11336 -0.18393 0.05050 -0.14815 0.39056 0.06377 -0.08669 -0.26439 -0.11578 -0.09966 -0.02247 -0.00008 -0.26320 0.05549 0.17333 0.24320 0.34746 0.11887
0.00300 0.03560 -0.01565 0.27356 0.34223 0.18754 0.10584 0.14126 -0.23925 -0.24733 0.38525 -0.24641 -0.04935 -0.15728 0.21005 0.14342 0.02940 0.09402 0.06459 -0.26958 0.24341 0.22444 -0.23520 -0.29388 -0.14815 0.00830 0.30043 0.11328 0.15654 -0.04719 0.05322 0.14714 0.13272 0.10877 -0.07464 -0.06774 0.03080 0.03787 0.27162 -0.09913
-0.04594 -0.23944 -0.06287 0.38127 -0.20526 -0.17386 -0.17749 -0.31063 -0.11283 0.01784 -0.11671 -0.27448 0.15133 -0.35273 -0.33432 -0.17478 0.16366 -0.04360 0.25011 0.04185 -0.13760 -0.02837 -0.24163 0.16423 0.18697 -0.11527 0.11940 0.34514 0.06182 -0.33489 -0.12965 -0.33680 0.06758 -0.03528 -0.24252 -0.17879 0.00307 -0.08540 -0.10796 -0.01799
-0.06703 0.01028 -0.29102 0.21813 -0.00192 0.04196 -0.11114 0.13865 -0.27437 0.13756 0.27597 -0.08682 -0.23592 0.04601 -0.19163 -0.22030 0.28917 0.23874 -0.18372 0.17198 -0.20937 0.10535 0.16650 0.24836 -0.44456 0.30422 0.25597 -0.25909 0.28848 -0.00529 0.23137 0.00317 0.21096 0.33747 0.20353 0.02321 0.20842 0.08091 -0.07237 -0.10241
-0.13503 0.08207 -0.14462 -0.15065 0.20554 -0.34026 -0.33895 -0.03753 -0.04729 -0.21795 -0.43129 0.32104 0.36218 -0.51452 -0.36458 -0.02779 -0.19966 0.15903 -0.02549 0.39168 0.32765 -0.19404 -0.16505 -0.12859 0.09347 -0.14433 -0.36276 -0.24534 -0.40757 -0.24574 0.26268 0.18611 0.09238 -0.20313 -0.08431 -0.15518 -0.36047 0.18224 0.20551 -0.07615
0.25929 -0.06531 0.28667 -0.12256 0.05666 0.08716 -0.30944 0.07676 0.29899 0.00174 -0.22256 0.32694 -0.29938 0.16543 -0.33798 0.33827 0.09744 0.34647 0.02496 -0.12603 -0.32142 0.19572 0.12466 -0.10523 -0.35892 -0.21261 -0.12325 0.02729 -0.12364 -0.36634 -0.43393 -0.17222 -0.30432 0.42547 -0.19100 -0.12259 -0.33032 -0.12305 0.24140 0.18860
-0.04377 0.21456 0.04923 -0.00885 -0.22260 -0.16344 0.05813 -0.23521 0.01897 0.07382 0.13536 -0.09860 -0.18104 -0.05084 0.09593 0.14592 -0.36493 -0.26459 -0.02188 0.15252 0.20731 -0.20560 0.33565 -0.12613 0.24956 -0.12012 0.08909 0.40541 -0.24251 -0.18055 -0.23120 -0.04299 0.16617 0.21618 0.21890 0.23916 0.12158 0.01765 0.04750 0.18841
0.33101 0.13557 0.05044 -0.15545 -0.15183 -0.00772 0.13653 -0.07558 0.05920 0.16620 -0.17797 0.15774 0.06646 0.27110 -0.04067 -0.05960 0.22313 -0.03858 -0.19024 -0.06293 0.08746 -0.18298 -0.05724 0.19634 0.16853 0.13024 -0.21996 0.00642 -0.04295 -0.14519 -0.14724 0.16210 0.08803 -0.09277 -0.24903 -0.07422 0.18418 -0.07942 0.08993 0.07183
0.35215 -0.31205 0.08466 0.22732 0.31136 -0.00809 0.32827 -0.22137 -0.33477 -0.08278 0.31191 0.12990 -0.07579 0.19185 0.19159 -0.07866 -0.13981 -0.14720 0.21382 0.10460 0.39755 -0.05282 0.01182 -0.22922 -0.20858 0.28005 0.33674 0.19220 -0.01270 0.05376 -0.05752 0.24484 -0.07468 -0.19869 0.00604 0.27578 -0.27138 -0.23386 0.17670 -0.27850
-0.06652 0.01336 -0.12223 0.16840 0.13603 0.10635 0.23680 -0.04162 -0.00601 0.19817 -0.03893 -0.20746 0.09774 -0.02037 0.26713 0.14321 0.12959 0.18825 -0.14125 -0.01332 -0.08777 0.13483 -0.16801 0.23762 0.11236 0.05885 0.17213 0.25250 -0.02346 -0.40980 -0.12384 0.17975 -0.03385 -0.07628 0.19046 0.16622 0.24215 -0.10190 -0.27784 -0.10625
-0.13543 -0.12692 -0.03192 -0.16643 0.25101 -0.09469 0.35664 -0.16738 -0.42468 0.14066 -0.19650 -0.26165 0.32193 -0.03885 0.03802 0.30977 0.00121 0.11528 -0.15597 -0.36394 -0.00821 -0.15354 -0.11650 -0.09289 -0.16737 0.17753 0.11964 -0.23866 0.18177 0.06040 -0.08459 -0.24537 -0.17490 -0.00052 -0.10187 0.01301 -0.25954 -0.21192 0.30533 -0.05361
0.00135 0.03994 -0.02773 0.26934 -0.38056 -0.06138 0.03540 -0.16352 0.06183 0.07919 0.00201 -0.22973 -0.03777 -0.25823 0.15510 0.16346 0.22702 -0.03042 0.02780 0.19455 0.22188 -0.09136 0.35103 -0.14214 0.21022 -0.38294 0.08718 -0.12027 0.15657 0.14435 -0.14214 -0.11662 -0.21964 -0.16808 -0.08542 0.23045 -0.24848 0.32011 -0.06969 0.37547
0.33470 0.08608 0.31055 -0.00577 -0.26763 -0.26522 0.22344 0.21046 0.28212 -0.11397 0.11747 0.20505 -0.15414 -0.16046 -0.20747 0.15127 -0.12118 -0.06062 -0.13946 -0.19984 0.17366 0.30443 -0.02312 -0.32465 0.20898 0.03736 -0.05380 0.04639 0.07802 -0.00256 0.06141 -0.22112 -0.34880 0.20416 0.10401 -0.30851 -0.29606 -0.24228 -0.01281 0.21563
-0.00544 0.23577 -0.18698 -0.21026 -0.24127 -0.23990 -0.04653 -0.17018 -0.17054 0.22359 0.06612 0.20021 -0.34727 -0.13937 0.29928 0.08297 0.07349 0.07488 -0.35841 0.12998 -0.13564 -0.07477 0.11771 -0.18301 0.05741 -0.01321 -0.14615 -0.00320 0.12521 0.24604 -0.12855 -0.07601 0.06932 -0.19223 0.10265 0.18422 0.01108 0.14270 0.28943 -0.01697
-0.12754 -0.19098 0.07445 -0.23237 0.00414 0.06385 0.40383 0.02470 0.11246 0.10291 -0.19529 0.00106 -0.09836 0.07661 -0.03970 0.06611 0.06187 0.13311 -0.17278 -0.05955 0.10559 -0.11416 -0.05872 -0.24530 0.07438 0.12918 -0.07440 -0.02074 0.25904 0.12721 0.21502 -0.16856 -0.29303 -0.07965 -0.09559 -0.31982 -0.08837 -0.40994 0.19829 0.14323
0.18055 -0.10226 0.14000 -0.07218 -0.04557 -0.20213 0.00149 0.20760 -0.27600 -0.02103 -0.11287 0.14923 0.14527 0.12851 -0.15467 0.00678 0.30683 -0.13005 0.15480 0.03234 -0.03853 0.05655 -0.15969 0.03998 -0.09288 -0.10290 -0.15317 -0.12802 -0.06843 -0.10895 0.14344 0.06293 0.03904 -0.07245 0.11943 0.03042 -0.06843 0.24657 0.15552 0.05669
0.16889 0.33561 0.29532 0.12562 -0.38072 0.37118 0.24573 0.38896 -0.28241 -0.01579 -0.45613 0.39344 -0.41870 0.23351 -0.38677 0.36984 -0.18631 0.29685 0.34800 0.40092 0.20945 -0.15552 0.32808 -0.09035 0.49660 0.09305 0.30223 -0.27083 0.41147 0.19987 0.09897 -0.31140 0.18450 0.08159 0.37033 -0.07652 -0.35031 0.42029 -0.48664 0.13715
-0.13855 -0.14291 0.01091 0.22144 0.26193 -0.19185 0.39322 0.07571 0.18984 -0.08607 0.09150 0.18655 -0.19081 0.22392 -0.26267 0.30369 -0.14867 -0.12880 0.12132 -0.17749 -0.04441 0.08100 -0.26766 0.08022 -0.38467 -0.00131 -0.04502 0.05179 0.02258 0.08295 0.15427 0.21421 0.13050 0.10709 -0.27955 -0.20013 0.03755 -0.35123 -0.09503 -0.07735
-0.01263 -0.26218 0.19885 -0.05785 0.05735 0.28169 0.06665 0.08859 -0.05271 0.09710 0.18589 -0.07183 -0.18254 -0.10055 -0.07917 -0.29660 0.02041 0.18373 0.03551 0.05155 -0.11293 0.07797 0.06309 -0.20453 0.27965 -0.05732 0.10178 -0.00480 -0.10664 0.12376 -0.02419 -0.00150 0.31530 -0.04050 -0.03506 -0.05836 0.21861 -0.06269 0.05814 -0.10838
0.04775 -0.17145 0.23906 0.11974 0.07723 0.16506 -0.05629 0.13212 0.00684 -0.13086 -0.11365 0.28057 -0.00468 -0.09199 0.26382 0.25228 0.07928 -0.02799 -0.13060 -0.03670 -0.20955 -0.31739 -0.19189 -0.23295 0.26975 0.18417 -0.11467 0.08424 0.01028 0.13729 0.08948 0.13221 -0.20705 -0.05921 0.05240 -0.29682 -0.11651 -0.12809 -0.35081 -0.22629
0.39054 0.19782 0.09365 -0.16164 0.17094 0.01175 0.18267 -0.38739 -0.17759 0.16493 -0.17235 0.21912 0.01021 0.03696 -0.12507 -0.15712 0.04137 0.04106 -0.35005 -0.03604 0.01186 -0.18033 0.09636 -0.20739 0.36373 0.34631 0.26998 0.19239 -0.09446 0.07417 -0.14248 0.12645 0.06848 -0.13546 0.15750 0.07805 -0.18074 0.19549 -0.10114 0.26742
0.04903 -0.20576 -0.19388 0.14699 0.06354 0.11674 0.08196 0.13619 -0.13528 -0.18177 0.09047 -0.16299 0.16397 0.16098 0.26852 0.16050 0.17181 -0.24333 -0.12161 -0.02162 -0.00378 -0.30839 0.15079 -0.00405 0.06713 0.14807 0.15185 -0.05165 0.12637 -0.24462 -0.00207 -0.19587 0.05853 0.20292 -0.11140 0.01441 0.02673 -0.22881 0.16655 -0.14178
-0.28484 0.02434 0.17331 0.13798 -0.21299 -0.27933 -0.17167 -0.13615 -0.02948 -0.00050 -0.13270 0.13510 -0.19791 -0.01379 0.10533 -0.07005 -0.18274 0.18073 -0.21646 0.03460 -0.11383 -0.04678 -0.13801 -0.04874 -0.20465 -0.17297 0.20505 0.19751 0.06736 -0.00828 -0.10113 0.05419 0.03585 -0.09400 -0.17471 0.04643 -0.10485 0.09789 0.36131 -0.04959
0.31700 0.06632 -0.17729 0.17636 0.35956 0.24963 -0.05089 0.12461 -0.13658 -0.18733 -0.12004 -0.03352 -0.10145 0.15474 0.12636 0.30223 0.06374 -0.01623 0.38522 -0.07340 0.01002 -0.21373 -0.20083 -0.15035 -0.14645 0.01127 0.14711 -0.14320 -0.27431 0.11050 -0.07659 -0.12667 -0.35535 -0.10168 0.09556 0.14333 0.04508 -0.14863 -0.17608 0.07208
-0.26924 0.06902 0.01632 0.13728 0.27989 -0.08329 -0.09793 0.15860 -0.10067 -0.09149 -0.04292 0.09360 -0.12244 -0.42259 -0.28195 -0.08113 0.02480 0.09052 -0.01103 0.18873 -0.08547 0.21400 -0.17705 0.15664 0.22972 0.08045 0.01589 -0.15728 -0.18780 -0.15836 0.32391 -0.17899 -0.07849 -0.19600 -0.16618 -0.10628 -0.05663 0.01857 0.07728 -0.13649
-0.09158 0.04073 0.02478 -0.00209 0.03589 0.25452 -0.19104 -0.16189 0.04785 -0.18582 -0.17192 -0.01648 -0.00319 -0.21061 -0.10652 -0.07184 0.08681 0.17850 0.28551 0.06722 -0.20131 0.15972 0.01025 -0.04061 0.13571 -0.14123 -0.21046 -0.07243 -0.16860 0.11948 0.15439 0.03149 0.15219 -0.12816 -0.12202 0.20126 -0.03274 -0.12151 -0.21301 -0.03500
0.22676 0.01797 0.02064 -0.11083 0.05317 0.29158 -0.05293 -0.04177 -0.04374 -0.03390 -0.11842 -0.08240 0.08366 -0.11407 -0.13893 -0.21035 0.08313 0.20744 0.09672 -0.06461 -0.02512 0.12707 0.01911 -0.11337 0.24402 0.03675 -0.33088 -0.20902 -0.15179 -0.04962 0.00304 0.11722 0.09775 -0.08680 0.02564 -0.07402 0.21569 -0.12605 -0.08430 0.10381
0.05850 0.11952 0.23981 -0.04188 0.06858 0.00737 -0.01390 0.07208 0.05376 0.01625 -0.09170 -0.02422 0.00551 0.26548 0.10999 -0.26212 -0.04814 -0.03616 -0.05369 0.31207 -0.26372 0.15450 0.00800 0.13346 0.07055 -0.16622 0.14813 -0.21482 -0.00737 0.06280 0.18557 0.25626 -0.03850 -0.16708 0.03308 -0.34759 -0.14285 -0.05693 -0.06011 -0.35601
-0.12626 -0.13698 0.16780 0.33912 -0.21232 0.00635 -0.09614 0.01281 -0.15260 -0.02391 -0.10078 0.29025 0.13068 0.10912 -0.04310 -0.02071 0.28906 -0.17619 0.24062 -0.00311 0.03592 0.03089 -0.17202 -0.14235 -0.31148 -0.03271 0.00453 0.05400 0.23671 0.10343 0.24033 -0.28996 0.07875 0.12481 0.06080 0.13404 0.09578 -0.05502 0.05886 0.03522
0.24881 -0.20153 -0.05553 -0.27292 0.11111 0.26359 -0.09368 0.12938 0.13998 0.15392 -0.07701 -0.05558 -0.27228 0.22045 0.11955 -0.10409 0.24916 -0.16105 0.17323 -0.01253 -0.08676 -0.14691 -0.12436 -0.16286 -0.22523 -0.10645 0.15759 -0.16235 0.12538 0.06629 0.07230 -0.16065 -0.16531 0.16486 -0.02227 -0.14739 -0.16274 -0.30502 0.02826 -0.14122
-0.10130 -0.24349 0.29157 0.09186 0.36209 -0.04007 -0.01927 0.19482 0.16042 -0.17501 -0.12104 0.21657 -0.35766 0.09472 -0.28220 -0.22696 0.06161 0.03629 -0.29182 -0.02036 -0.05176 -0.19861 -0.27405 0.21414 -0.15167 -0.30175 0.10400 -0.27606 -0.12612 -0.03924 -0.10307 -0.07779 0.27237 0.23195 0.00115 -0.12929 0.04960 0.11506 -0.02273 0.30633
0.13866 -0.03873 -0.05743 0.03816 0.14127 0.10285 0.20875 0.00474 -0.06463 0.15175 -0.00004 -0.08599 0.07076 0.27758 0.04880 -0.07510 0.14449 0.19748 -0.08054 0.17874 -0.28850 0.07730 -0.25708 -0.02471 -0.00074 -0.26964 -0.01988 -0.18520 0.27240 -0.11429 -0.29723 0.06613 0.15911 -0.18987 0.15529 -0.18212 0.16968 -0.28288 -0.22130 -0.18757
-0.07441 0.07211 -0.10683 -0.17513 -0.11894 0.13377 -0.16084 0.00868 -0.00187 0.18623 -0.08986 0.09542 0.04792 0.02779 -0.03547 -0.19283 -0.10589 0.16396 -0.01198 -0.10979 -0.29320 0.15572 -0.17190 0.07178 -0.05402 0.03570 -0.08024 -0.29624 0.09656 -0.06251 0.21902 0.02042 0.09866 -0.02379 0.11409 -0.00019 0.14546 0.00854 0.06549 0.10863
0.21542 0.04702 0.13868 -0.06601 0.23000 0.11089 -0.14765 -0.15708 0.16070 0.02057 0.02854 -0.07767 -0.03060 -0.13456 -0.03784 0.09715 0.06208 0.04108 0.22574 -0.13874 0.03343 0.22405 -0.09932 0.02637 0.26586 -0.25008 -0.16642 -0.34277 -0.19335 -0.12089 0.21190 -0.00800 -0.04429 -0.22904 0.21643 -0.05765 0.14851 -0.22226 -0.14004 0.35663
-0.16662 -0.21216 -0.07053 0.25652 -0.17929 -0.30317 -0.05656 -0.19648 -0.07694 -0.02550 -0.09566 -0.14633 0.25384 -0.08602 -0.41691 -0.07676 -0.10294 -0.14678 0.10939 0.10829 -0.23881 -0.10118 -0.29610 -0.03395 0.26116 -0.24942 0.32122 0.27257 -0.23915 0.00759 0.05374 -0.28941 -0.12148 0.01818 -0.26821 -0.05929 -0.13868 -0.23613 0.14819 0.16676
-0.25427 0.37661 -0.33909 0.48171 -0.35865 0.12710 0.04118 0.05908 0.18431 -0.23841 -0.25865 -0.06874 0.04458 0.09245 -0.24539 -0.01220 -0.09577 0.00225 0.40532 -0.14393 -0.40224 -0.33502 -0.28425 0.33337 0.31523 -0.30422 -0.30591 0.26563 0.16397 0.18628 -0.04971 -0.11758 -0.44790 -0.15630 -0.06592 -0.29190 0.33646 0.13668 -0.40120 0.05379
0.12178 0.02764 0.22440 -0.14054 -0.19155 0.27537 -0.11270 -0.05043 0.12020 0.09295 -0.12135 -0.02147 -0.14324 0.10320 -0.01006 0.15365 0.16235 -0.01920 0.28769 0.11985 0.04532 -0.03647 -0.05237 0.09587 -0.18716 0.04966 0.13952 -0.29274 0.25112 0.09755 -0.06719 -0.06975 0.30785 0.04228 -0.13721 0.17818 0.08424 -0.06769 -0.08267 0.30617
0.27302 0.24778 -0.00481 -0.17824 -0.30063 -0.18084 0.12186 -0.22694 0.01794 0.12292 -0.18580 0.07403 0.17607 -0.04800 0.07892 -0.06582 0.09289 0.09188 -0.05310 -0.18921 0.01472 -0.13016 -0.10052 0.28833 0.34818 0.06705 0.04853 0.12777 -0.02574 0.13058 0.05221 0.23327 -0.13406 -0.08499 -0.34510 0.10678 0.07722 0.12156 0.09515 0.02400
0.02680 0.08815 -0.04033 -0.24420 0.40751 -0.17553 -0.01700 -0.22551 -0.12348 -0.22072 0.07944 0.02297 0.27630 0.16705 -0.14713 -0.10657 -0.40501 -0.25675 -0.08493 -0.33579 -0.20435 -0.41027 0.16079 0.20991 0.11419 0.25752 0.03870 0.11658 -0.04390 0.05396 -0.16110 0.30434 -0.30805 -0.30161 -0.11586 -0.00079 0.34617 0.20669 0.07711 0.06689
