0.16475 -0.07630 -0.16043 0.13656 -0.13225 0.05924 -0.14401 -0.16158 0.09099 0.06888 -0.21535 0.03006 0.07188 0.25766 0.23816 0.24771 -0.01677 -0.03946 -0.20669 -0.02093 -0.02398 0.04333 0.15030 0.13996 0.24495 -0.21840 -0.10051 -0.08433 0.24408 -0.11554 0.12770 -0.13038 -0.20282 0.17296 -0.14043 0.04596 0.18853 -0.07878 -0.07636 0.11355
0.07904 0.12209 0.01693 -0.08441 0.16033 -0.11310 -0.05989 0.05754 0.07823 -0.07267 -0.01053 -0.04099 0.17221 0.14406 0.29310 -0.07468 0.09182 0.04401 0.13365 0.16015 0.11765 0.03958 -0.00851 0.05475 -0.25840 0.22443 -0.20783 -0.14611 0.11496 0.13498 0.14133 -0.20622 -0.04819 -0.05973 -0.04896 -0.00972 0.21730 -0.04735 0.09283 -0.16104
-0.11789 0.13104 -0.00978 -0.28101 -0.01118 -0.04338 0.04085 -0.14963 0.02964 -0.14762 0.05288 0.27217 -0.26123 -0.07192 -0.21953 -0.21313 -0.04397 -0.22705 0.09182 -0.05214 0.05336 -0.01677 -0.06258 -0.11279 0.13885 -0.11787 0.18970 0.03794 -0.04579 0.12561 -0.07383 0.18578 0.18169 0.08371 0.18983 -0.20290 0.07794 0.06989 -0.15049 -0.04875
-0.04947 -0.01602 0.20809 -0.01719 -0.03441 0.30286 0.15756 -0.13437 -0.01894 -0.19390 -0.05037 0.16705 -0.27196 -0.19705 -0.12608 0.06617 0.09478 -0.08967 -0.11204 -0.06009 0.02099 0.32790 -0.13923 0.01528 0.13563 -0.18550 -0.01852 -0.06472 -0.13610 -0.20648 -0.04607 0.06293 0.17832 0.17651 -0.07324 -0.15496 -0.13699 -0.15300 0.20622 0.00934
-0.16944 0.10517 0.00354 0.05341 -0.20473 -0.06828 -0.01506 -0.15388 -0.04383 0.08916 -0.13377 0.20408 -0.05962 0.02132 0.01570 0.01210 -0.02978 -0.08924 -0.22241 -0.04918 -0.02873 0.16045 0.00274 0.04547 -0.19264 -0.05838 0.02435 -0.04698 -0.22411 -0.30518 0.13267 0.13332 0.25024 -0.10373 -0.06628 -0.09182 -0.00333 -0.01471 -0.14979 0.03876
-0.08574 -0.12584 0.15255 -0.20699 0.00893 0.20653 0.15646 -0.29045 -0.04051 -0.17564 -0.04150 0.20696 -0.08428 -0.06727 -0.11047 -0.06012 -0.06798 0.06627 -0.27204 -0.01020 -0.00058 0.11573 0.06248 -0.25681 0.08092 0.05685 0.17405 0.00540 -0.03761 0.01516 0.04028 0.27807 0.08601 -0.03210 -0.05017 -0.09391 -0.11538 0.08705 0.22642 -0.21061
0.02553 -0.00802 0.04836 -0.03064 -0.00068 0.20700 0.20790 0.06135 0.16741 -0.11680 -0.01165 0.11578 -0.27580 0.01742 -0.16374 0.06676 0.17282 -0.35088 -0.08257 0.01998 0.12118 0.05397 0.14844 0.00412 -0.00503 -0.12179 0.21887 -0.02494 -0.20302 -0.02420 -0.01695 -0.03868 0.20132 -0.25132 0.04122 0.16367 -0.12393 -0.06019 0.07185 -0.01112
-0.18417 -0.14000 0.25731 -0.00500 -0.19914 0.11594 0.23043 -0.10934 0.08081 -0.03107 -0.14385 0.30524 -0.18569 -0.02158 -0.18282 -0.01042 -0.15369 -0.14159 -0.07361 0.14285 0.04276 -0.10968 -0.20449 0.10344 -0.13556 -0.15914 -0.03746 -0.10311 -0.13111 -0.09708 -0.24057 -0.06353 0.09135 0.14556 -0.02489 -0.15156 -0.11513 0.08071 0.00675 0.06872
0.06110 -0.20864 0.17368 -0.12350 -0.17053 0.26049 0.28383 -0.10990 0.00276 0.07149 -0.10440 0.07473 -0.30008 -0.00920 -0.30679 -0.09695 -0.07929 -0.05141 0.12750 -0.02349 -0.04744 0.23750 -0.01549 0.08195 -0.00097 -0.08331 0.21422 0.06711 0.06760 -0.05172 -0.03265 -0.08795 0.22649 -0.10917 -0.14416 -0.05937 0.04962 -0.01244 -0.06356 0.08241
-0.17708 -0.09492 -0.03129 -0.04936 -0.03094 0.30350 0.00222 -0.30812 0.02934 -0.02541 0.11754 0.05437 -0.18323 0.12587 -0.34371 -0.08299 0.20682 -0.12977 0.01450 0.18337 -0.09117 0.01941 0.01490 0.03050 0.08550 -0.19077 0.08330 -0.16791 0.05928 -0.24095 0.08867 0.09106 0.09584 -0.00442 0.10043 -0.07019 0.01818 0.10411 0.04758 -0.01203
-0.11054 -0.05945 0.21533 -0.19800 -0.13380 0.06138 0.17422 -0.11792 -0.06063 0.03815 -0.19509 0.30273 -0.27226 0.01176 -0.29097 -0.04631 0.22558 0.08060 0.18404 0.32937 0.01902 -0.00006 -0.07502 -0.10061 -0.01805 -0.20436 -0.05057 -0.00542 -0.14218 0.06940 0.01500 0.04961 -0.01540 0.07124 -0.16410 0.08693 -0.17827 0.06062 0.01909 0.06447
-0.36763 -0.04063 -0.03359 -0.25271 -0.08074 -0.17813 0.09667 0.04231 0.28152 0.01759 -0.08766 0.01846 0.08616 -0.00741 -0.09700 -0.26128 -0.03709 0.10903 -0.23615 0.14740 -0.13410 -0.19589 0.23566 -0.13527 -0.01043 -0.05179 0.23305 0.05898 0.15910 0.03175 -0.10257 0.04018 -0.20596 -0.06020 -0.04222 0.04975 0.16250 -0.21967 0.04842 -0.02005
0.18770 -0.14109 0.11877 0.00950 -0.12515 0.26492 0.33160 0.04017 -0.08574 -0.12231 -0.10876 0.08498 -0.41296 -0.02288 -0.14342 0.06588 -0.15802 -0.03551 0.03114 0.10567 -0.00616 0.23201 -0.10745 -0.04986 0.18883 -0.06984 0.15362 0.06116 0.08625 -0.13479 -0.00874 0.16846 -0.01827 0.13330 -0.04877 -0.11094 -0.12070 -0.18524 0.15071 0.00123
-0.09526 -0.16358 0.01649 -0.15366 0.21083 0.05256 -0.04881 0.08356 0.16849 0.32722 0.12751 -0.01216 -0.10909 0.12655 0.29907 -0.32089 -0.07593 -0.00121 -0.18329 0.02881 -0.11984 0.01873 -0.11528 0.12714 -0.03267 0.09683 0.02409 -0.01579 0.14423 0.22284 0.20566 0.21037 -0.07600 0.13803 0.08861 -0.02951 0.11198 -0.03737 -0.21684 0.07117
0.17375 0.01768 0.05731 -0.04399 -0.17985 0.20228 -0.01867 -0.29493 0.01854 -0.07982 -0.29022 0.22885 -0.34582 -0.00355 -0.00505 0.01880 -0.18672 0.04711 -0.19117 0.17347 0.10927 0.25425 -0.10876 -0.05288 0.13132 -0.07246 0.07440 -0.06928 -0.01604 -0.09301 0.02832 0.11644 0.01512 0.15004 -0.03882 0.05476 -0.05749 -0.03819 0.24906 -0.09583
-0.13058 0.18336 -0.24677 0.18153 -0.04270 -0.00221 0.11213 0.01516 0.05246 0.07841 -0.22060 -0.03010 -0.02884 -0.02520 -0.05816 0.13692 -0.21325 -0.17378 -0.02574 -0.28275 0.02933 -0.08582 -0.13341 -0.00694 0.02899 -0.03956 0.05637 0.05556 0.16414 -0.06012 -0.18842 0.16820 -0.09321 -0.08053 0.03334 -0.01064 -0.03214 -0.37121 0.07860 -0.01254
0.09589 0.04781 -0.06567 0.04014 -0.22431 -0.09213 -0.28441 0.18967 -0.18789 0.11545 0.34475 -0.28991 0.42492 -0.14158 0.18308 -0.11164 0.04260 0.26690 -0.09918 0.01153 -0.04508 -0.08718 0.20448 0.19540 -0.13024 0.19041 -0.01775 0.00408 0.04201 -0.02115 -0.07088 -0.12196 0.29251 -0.00521 -0.04284 -0.03666 0.10112 0.17340 -0.12413 0.05986
-0.02804 0.01917 -0.00248 -0.11959 -0.22651 -0.17217 -0.21948 0.10179 -0.08670 0.06669 0.20066 -0.20459 0.30093 -0.00656 0.29094 -0.12673 0.10235 0.18246 -0.16575 -0.00314 0.03090 -0.09047 0.18073 0.10003 -0.07939 0.19221 -0.08793 0.01663 -0.02973 -0.12611 -0.02102 -0.13479 0.22818 0.04848 -0.10639 -0.07507 0.08115 0.13639 -0.03822 0.00734
0.11426 0.04056 -0.01356 0.14520 -0.27390 -0.19222 -0.32084 0.07169 -0.04513 0.04216 0.25932 -0.22572 0.21259 -0.02849 0.28500 0.09213 0.04548 0.20687 -0.09178 -0.15575 -0.07031 -0.11885 0.08679 0.19228 -0.15705 0.10754 -0.20113 0.10316 0.16480 0.00545 -0.09774 -0.02920 0.21200 0.05156 -0.00917 0.11046 -0.05966 0.22451 -0.15828 0.05899
0.04182 -0.18950 -0.11867 -0.05514 -0.03605 0.03309 -0.18491 -0.05568 -0.06782 -0.01314 -0.00496 0.19413 -0.31014 0.04049 -0.15002 -0.07107 0.03984 0.10602 -0.21939 -0.00413 0.06010 -0.00799 -0.12240 -0.18633 -0.06666 -0.13404 0.11979 -0.01159 0.05194 0.14667 0.22866 0.18044 -0.18150 0.18029 -0.25376 -0.11455 -0.25070 0.09597 0.32544 -0.03444
-0.01139 -0.21946 0.04724 -0.20577 0.04943 0.16541 0.10680 -0.04925 0.13420 0.13024 -0.01447 0.02222 -0.27870 0.02243 -0.15307 -0.03714 -0.03883 -0.04827 0.12494 -0.02451 -0.00514 0.02318 -0.00892 -0.15507 -0.07830 0.02332 0.13892 -0.00412 -0.16270 0.04912 -0.08308 0.11700 0.00675 0.07166 -0.00386 0.01862 0.15098 -0.14987 -0.02144 0.16782
-0.28974 -0.12581 0.12147 0.01430 -0.26320 0.29002 0.06710 -0.17079 -0.02322 0.08798 0.08790 0.24323 -0.26216 0.06071 -0.26123 -0.17314 0.01872 -0.17341 -0.07886 0.25794 0.01911 0.19189 -0.03174 -0.03570 -0.10161 -0.09265 0.08285 -0.06344 -0.16193 -0.12708 -0.18566 0.14207 0.12801 0.09713 0.16782 0.05575 0.14369 0.07896 0.14149 0.05043
-0.00985 -0.04444 0.05464 -0.25151 0.01506 0.27286 0.16247 -0.12384 0.03474 -0.10184 -0.12678 0.03426 -0.12939 -0.07124 0.13164 0.00088 0.00015 -0.16351 -0.22881 0.05330 0.00697 0.23126 -0.18198 0.05032 0.01965 -0.08269 0.09246 -0.01955 -0.05168 -0.17042 -0.02242 0.07529 -0.07247 0.19621 0.01725 0.01692 0.12431 -0.15389 0.04601 -0.04084
-0.23454 -0.15333 -0.05210 -0.17776 -0.10706 -0.05236 0.05927 -0.14596 0.21372 -0.06871 -0.10507 -0.13653 0.18594 -0.17675 0.09037 -0.11448 0.33228 -0.11340 0.21795 -0.15989 0.20994 -0.05636 -0.04412 -0.12904 0.12635 0.08775 -0.16583 -0.14180 0.01206 0.14799 0.09138 -0.15888 -0.09412 0.07003 0.14736 0.16516 -0.07731 -0.16034 0.09855 0.23245
0.00312 -0.10339 0.10529 -0.21953 -0.17322 0.07623 0.03755 -0.06290 0.06547 -0.13342 0.04426 0.14170 -0.34732 0.13146 -0.31239 -0.18691 0.13679 -0.34938 -0.10181 0.16579 0.07652 0.02828 0.16207 -0.10987 0.10889 -0.11541 0.02230 0.03950 -0.04298 -0.11058 0.07460 0.02684 0.09386 -0.14134 0.22929 -0.01452 -0.09680 -0.05669 -0.00642 -0.05938
0.06137 0.03072 0.08294 0.00531 -0.05591 0.19465 0.24370 -0.06014 0.10370 -0.16536 -0.09338 0.14231 -0.39980 -0.22335 -0.17700 0.02497 0.11765 -0.14333 -0.01883 0.07157 -0.13603 0.20310 -0.09028 0.11351 0.01351 -0.15327 -0.04154 0.15098 -0.12032 -0.18808 -0.04237 -0.06279 0.12066 0.11113 -0.23569 -0.14145 -0.12254 -0.09144 0.24460 0.04858
0.13553 0.03514 0.06481 0.07586 -0.01666 0.20361 0.12614 -0.01146 0.10226 -0.19778 -0.27207 0.11934 -0.24279 -0.16780 -0.14128 0.03543 -0.12664 -0.03994 0.03870 -0.11635 -0.02505 0.19647 -0.09890 -0.05300 0.20099 -0.24783 0.17391 0.00884 -0.11997 0.15816 0.02285 0.06168 0.06675 0.19654 0.05456 -0.01725 0.03477 -0.15255 0.39260 -0.03142
0.27873 0.19130 0.03411 0.16100 0.08174 -0.06747 -0.13785 -0.25980 -0.04413 -0.12051 -0.11004 0.37673 -0.38210 -0.03693 -0.13738 -0.10122 -0.00699 -0.03036 -0.16851 0.08478 0.05710 -0.00315 -0.07187 -0.17080 0.14943 -0.13986 -0.06194 -0.09432 -0.15575 0.02980 0.12024 -0.03056 -0.00411 0.03076 0.10321 -0.00454 -0.10683 0.05560 0.39394 -0.16662
-0.09103 0.38025 -0.01310 0.22623 0.00062 -0.23966 0.02209 0.28825 0.06514 0.22330 0.12104 -0.26250 0.31935 0.05960 -0.00581 0.13473 -0.30276 -0.22313 0.10836 0.06654 0.25535 0.10203 -0.01848 0.09963 -0.12024 -0.11792 -0.18895 0.08357 -0.08365 0.22309 0.10787 0.02388 0.01420 0.13579 0.08276 0.09483 -0.23109 -0.05674 0.06176 0.28453
-0.00656 0.06774 0.11729 -0.15584 0.00557 0.07859 0.27020 -0.07196 -0.05977 -0.07657 -0.05957 0.21525 -0.41435 0.04186 -0.37711 -0.21259 0.05967 -0.32062 0.03548 -0.08154 -0.03615 0.19594 -0.01631 -0.13240 0.04038 -0.04351 0.11616 0.14832 -0.10970 0.09668 -0.02700 0.08712 0.18587 0.08208 0.17159 -0.11506 -0.07667 -0.05130 -0.04585 0.11633
-0.05474 0.19609 0.07746 0.02207 0.32127 -0.10055 -0.09035 -0.07783 -0.06423 -0.17479 -0.08861 -0.01172 0.25373 0.24029 0.18517 0.06506 0.15985 -0.07872 0.09677 -0.17018 -0.07482 -0.08207 -0.05296 -0.11379 -0.09029 0.29693 -0.03690 -0.18973 0.06406 0.14831 0.07234 0.02124 -0.02336 0.16493 -0.13355 0.16420 0.06771 0.15327 -0.08927 0.07976
-0.10423 0.30330 0.10957 0.02968 0.37626 -0.17149 -0.02290 -0.10954 -0.04237 -0.18762 -0.08278 -0.01716 0.22307 0.18651 0.11514 0.11003 0.19469 -0.06678 0.11722 -0.21136 -0.13334 0.04562 -0.10501 -0.07645 -0.18336 0.24328 -0.03162 -0.22641 0.11144 0.14859 0.14945 -0.01240 -0.08223 0.13631 -0.10901 0.20566 0.00995 0.14502 -0.06052 0.14449
-0.02858 0.19611 -0.13109 0.22176 -0.29822 -0.15310 -0.26432 0.02564 -0.09239 0.07527 0.25489 -0.25849 0.37505 -0.19090 0.20491 -0.05507 -0.01051 0.28078 0.04697 -0.09386 0.02609 -0.09424 0.10791 0.08365 -0.17170 0.04157 -0.10129 -0.04173 0.09738 -0.11766 -0.05479 -0.05507 0.26056 0.00699 -0.02282 -0.01578 0.04060 0.03071 -0.22019 -0.02975
-0.01756 -0.11036 0.15066 0.12766 0.03881 0.27079 -0.04261 -0.13611 0.08192 -0.02372 -0.02959 -0.06205 -0.07269 0.06888 -0.12908 -0.15192 0.18952 0.07590 0.34695 0.29219 -0.02324 -0.08995 -0.21091 0.00506 -0.00530 -0.24470 -0.06488 -0.19473 0.22329 0.02314 -0.23767 -0.02059 -0.27115 0.27495 0.00033 -0.30688 -0.18665 0.08800 0.26755 0.10504
-0.09763 -0.10995 0.03205 -0.12474 0.01205 0.22218 0.00212 -0.06141 0.12583 -0.22340 -0.10452 0.23343 -0.29679 0.02430 -0.14697 -0.07266 0.07971 0.03278 0.04552 0.17704 0.12831 0.17550 0.00707 -0.03271 -0.06506 -0.20591 -0.03719 0.11868 -0.14434 -0.13561 -0.04358 -0.01085 -0.05214 -0.12200 -0.01434 -0.13004 0.00686 -0.10681 0.16949 0.00289
-0.03007 0.03019 -0.16723 0.15327 -0.20282 -0.10873 -0.31196 0.05864 0.03947 0.15260 0.36660 -0.17418 0.29134 -0.17440 0.11880 -0.12307 0.14983 0.21041 -0.06510 -0.04116 -0.03784 0.00208 0.10719 0.27809 -0.14619 0.11755 0.00572 -0.00632 0.07481 -0.00664 -0.15674 -0.08936 0.27512 0.05987 0.04120 -0.01550 0.06149 0.16185 -0.01566 0.09669
0.01078 0.20463 -0.13716 -0.01941 -0.12912 -0.29058 -0.23207 0.03279 -0.15335 0.09875 0.22754 -0.05115 0.35806 -0.08239 0.26252 -0.07626 0.15375 0.14231 0.07571 -0.03587 0.01757 -0.21844 0.17714 0.03513 -0.04569 0.19798 -0.06946 0.03713 -0.09288 -0.07856 -0.03360 -0.09793 0.11035 0.06324 -0.04408 -0.11585 -0.02340 0.15124 -0.12046 -0.00252
-0.02405 -0.12162 -0.04825 0.44065 0.36638 0.00157 0.06274 -0.04303 0.13557 0.06824 -0.17091 -0.34091 0.10013 0.06994 0.09147 0.21219 -0.09412 0.06247 -0.08462 0.05730 -0.10794 0.02193 0.01359 0.18132 -0.21317 0.12925 0.06332 -0.02023 0.13173 -0.06780 -0.29814 0.13989 -0.10941 -0.04947 0.32296 0.11457 0.04488 -0.29191 -0.33165 -0.13357
0.22209 -0.05238 -0.03334 0.13007 0.03488 0.05269 0.10301 -0.22550 -0.20527 0.19098 -0.17148 -0.00073 -0.25515 0.08950 -0.14147 0.17257 -0.24634 0.03846 -0.11346 -0.13900 -0.22607 0.23762 0.00087 -0.05157 -0.17390 -0.17396 0.13125 -0.15319 -0.08101 0.18618 -0.08104 -0.04701 -0.12971 0.19625 -0.15463 -0.08523 -0.16430 -0.08982 0.08222 -0.04433
0.00465 -0.14127 -0.09943 0.41191 0.30190 0.03494 0.09485 -0.04917 0.10748 0.04355 -0.11854 -0.30537 0.11251 0.12176 -0.03849 0.18524 -0.05324 0.05095 -0.01821 0.04453 -0.15420 0.04544 -0.05443 0.15041 -0.14028 0.11098 0.25704 -0.14292 0.02287 0.08325 -0.27906 0.11877 -0.16546 -0.01340 0.17128 0.04161 -0.00492 -0.16808 -0.19566 -0.09519
0.08890 -0.21969 0.00835 -0.02206 -0.17625 0.07655 0.13184 -0.16334 0.11254 -0.11099 -0.00482 0.19062 -0.33837 -0.14733 -0.19058 0.01089 0.06377 -0.11147 -0.19287 -0.00254 0.04795 0.21152 -0.14302 -0.01118 -0.07581 -0.04335 -0.08683 -0.03802 -0.11701 -0.11787 0.05987 0.16370 0.09598 -0.05469 -0.07331 -0.09772 0.00094 0.01175 0.22852 0.12660
-0.08484 0.22830 -0.19298 0.07075 -0.09237 -0.12412 0.13514 0.05631 0.01734 0.11669 -0.30934 -0.03278 0.01236 0.06223 0.01795 0.18668 -0.12379 -0.18963 0.03433 -0.29130 0.04235 -0.17922 -0.18417 -0.12473 0.09546 0.01135 0.00350 0.16044 0.20637 -0.00057 -0.20557 0.14281 -0.15171 -0.02115 -0.01508 0.04086 0.01786 -0.42987 -0.03065 -0.01026
-0.00911 -0.01736 -0.16931 0.02413 0.11829 -0.21523 0.14964 -0.26086 -0.04403 -0.03993 0.07406 -0.25742 0.19979 -0.24167 0.14914 0.01947 0.13643 0.17385 0.05075 -0.15034 -0.12406 -0.12560 -0.12462 -0.09337 0.17655 0.09630 0.04892 -0.14438 -0.32268 0.16256 -0.17599 0.12624 -0.16217 0.07832 0.09583 -0.11872 -0.20340 -0.00678 0.15556 0.19306
-0.24405 -0.09343 -0.09063 -0.04180 -0.19131 -0.24001 -0.38171 0.10399 -0.01753 -0.20370 0.19976 -0.17140 0.22541 0.32469 0.04981 0.03112 -0.06358 0.27305 -0.02745 -0.23282 -0.26027 0.12181 -0.04026 0.02674 -0.16061 0.21380 -0.19228 0.12039 0.08794 0.29239 0.28148 0.15622 -0.23819 0.09766 -0.23699 0.29227 -0.03930 0.30952 0.01998 -0.09285
0.06837 0.08303 -0.12724 -0.08064 -0.21492 -0.14301 -0.26652 0.09031 -0.06328 0.07306 0.25928 -0.22056 0.32917 -0.05057 0.28506 -0.01760 0.09309 0.24014 -0.01828 -0.02580 0.00936 -0.12036 0.13877 0.20993 -0.06930 0.08920 -0.15033 -0.00318 0.11991 0.14587 0.09102 -0.13773 0.07723 0.09389 -0.00817 0.04454 -0.01383 0.13044 -0.03976 0.03705
0.05498 -0.09719 0.17003 0.01299 -0.04693 0.25639 0.23719 -0.14494 0.05311 -0.16021 0.01343 0.03965 -0.27345 -0.22481 -0.20880 0.13003 0.04556 -0.01899 -0.04886 0.13400 0.00652 0.14484 -0.09422 0.15478 0.16517 -0.15677 -0.07110 0.18490 0.05426 -0.00535 -0.07138 0.03570 0.09606 0.07695 -0.16218 -0.27467 -0.12355 -0.16275 0.19736 -0.06822
-0.13496 0.21538 -0.23424 0.12137 -0.03869 -0.10578 0.08616 0.04636 0.09155 0.04149 -0.16148 -0.03399 -0.02186 -0.07099 -0.00895 0.17191 -0.13227 -0.05133 0.00065 -0.25291 0.07869 -0.14880 -0.12470 0.04170 0.00219 0.01995 -0.08687 0.23069 0.19828 -0.10764 -0.10415 0.14417 -0.12282 -0.13937 -0.00441 -0.00570 -0.02903 -0.23525 0.00780 -0.07535
