-0.06058 0.31521 -0.35704 -0.32618 -0.04477 -0.38108 -0.29440 -0.32106 -0.23910 0.24803 0.18593 -0.22077 -0.27820 -0.25510 0.02545 0.15070 -0.01078 -0.33622 0.24636 0.24662 -0.27858 -0.03757 -0.41528 0.00941 0.03483 -0.18218 -0.10650 0.09686 0.10102 0.20328 -0.15323 -0.11290 0.30034 -0.22244 -0.11982 0.15605 0.19835 0.38980 0.08420 -0.07273
0.25901 0.18713 0.31948 0.14140 -0.21230 -0.18450 0.01905 -0.11367 -0.17970 -0.29598 -0.24979 0.10336 -0.22226 0.35679 -0.08865 0.01181 -0.31451 0.05147 0.07952 -0.05706 0.32955 -0.02373 -0.10331 -0.39485 0.04265 0.00626 0.03138 -0.01022 -0.14509 -0.14499 0.20049 0.25034 -0.06125 -0.01544 -0.10974 0.30117 0.22762 0.06397 -0.15849 -0.23921
-0.24534 0.08543 -0.05194 -0.09316 0.31316 0.41670 0.17638 -0.28136 0.15103 0.21880 0.24063 -0.10717 0.11084 -0.16144 -0.24740 0.07946 0.23422 -0.20069 0.19284 -0.27309 0.17221 0.07608 -0.28919 -0.17695 0.24796 -0.12894 0.38948 -0.20403 0.19648 0.36402 -0.25595 -0.06921 -0.17636 0.07685 0.20097 -0.18242 -0.15595 0.24293 -0.22031 -0.41472
-0.00425 -0.16801 0.16535 -0.31406 -0.00416 -0.03659 -0.20363 -0.22405 -0.12052 -0.25654 -0.13235 0.39800 0.20322 -0.41071 0.08139 0.08987 -0.12704 -0.05142 -0.18889 -0.22923 0.07711 -0.36516 -0.31839 0.29267 -0.32352 -0.22439 0.18915 0.04509 0.02322 -0.07742 0.25909 0.25438 0.47566 -0.04558 0.35654 0.33581 0.01448 0.25170 -0.03098 -0.07512
-0.31186 0.13258 0.28295 -0.34526 0.38648 0.17458 -0.34895 -0.03009 0.45275 0.06666 0.44002 -0.03548 0.22113 -0.21574 -0.38573 0.06150 -0.13095 0.39994 -0.16542 0.06893 -0.05126 0.16098 0.21841 0.19827 -0.22292 0.23440 -0.10515 0.32071 -0.33208 -0.25625 -0.09481 -0.10587 -0.13040 0.28896 0.15652 -0.10688 -0.11460 -0.18685 0.06346 0.16546
0.03408 -0.04132 0.12751 -0.14032 -0.00089 0.06384 -0.15334 0.11006 0.36715 0.16997 0.11953 -0.06052 0.15672 -0.19827 0.00683 -0.14573 0.10176 -0.28034 0.10349 -0.22619 -0.19255 -0.10426 0.16598 0.28513 -0.05005 -0.26056 0.17789 -0.19932 0.04626 -0.03638 -0.31028 0.19177 0.13523 -0.13137 -0.28999 0.26276 -0.05268 -0.35106 -0.10145 -0.25662
-0.21689 -0.37896 0.04954 -0.06530 0.29501 -0.38459 0.05856 0.02983 -0.01588 0.35683 0.32168 0.14254 0.36071 0.17329 -0.24945 0.38136 -0.12548 0.26579 0.20549 0.19989 0.06951 -0.18130 -0.30670 -0.16581 -0.35632 0.42277 -0.32372 -0.33455 0.19726 -0.06854 -0.12395 0.17696 -0.07960 -0.21187 -0.21812 0.28052 0.10553 0.34092 -0.33623 0.28141
0.30878 -0.27009 -0.28180 -0.05384 0.27730 0.35610 -0.02211 0.17845 0.30883 -0.25799 -0.43996 0.26901 0.07050 0.07815 -0.33686 -0.31207 0.01007 -0.05915 0.21841 -0.20060 0.19158 0.06716 0.37961 -0.23053 -0.16885 0.17012 0.24828 -0.30894 0.25389 -0.30304 -0.11263 -0.15547 -0.41866 -0.15875 -0.09013 0.10511 -0.08965 0.09919 -0.22051 -0.32620
0.48741 -0.21495 -0.03684 0.37925 0.13397 -0.39752 0.30984 0.19296 0.21946 -0.09668 0.05332 0.22528 -0.09143 0.31461 0.17555 0.20857 0.36473 0.39459 -0.23689 -0.16666 -0.06895 0.21386 0.21372 0.16743 0.04743 -0.00126 0.25132 0.26493 0.16184 -0.04063 0.42581 0.04679 -0.26205 0.10890 0.32488 0.15521 0.08335 0.40919 0.01049 0.14105
0.08853 -0.11722 -0.38011 -0.05602 0.24197 -0.14569 -0.32690 0.22481 -0.05415 -0.27181 -0.15826 0.33521 0.03308 0.23045 -0.18118 -0.23522 0.18520 -0.14481 0.02342 0.07048 0.04158 -0.25958 0.30236 0.03280 -0.06806 -0.29664 0.01818 0.04597 0.32079 0.09416 -0.19217 0.19766 0.09559 -0.10300 0.30887 0.15406 0.18977 -0.20152 -0.03630 0.17627
-0.18845 0.23781 0.23890 0.11621 0.02279 -0.12844 -0.03891 0.26833 0.18782 -0.37083 0.24161 0.20795 0.29478 -0.09286 -0.27149 -0.03324 -0.18534 -0.40871 0.38942 0.24720 -0.00402 -0.11107 0.09966 -0.26769 0.07713 0.21657 0.19843 0.11431 0.13545 -0.32815 -0.07672 -0.14320 -0.36784 0.13326 0.30014 -0.35949 -0.02132 -0.26916 0.20806 0.24105
0.03940 -0.06514 0.05338 -0.09177 -0.27813 -0.04289 0.24285 0.14486 -0.11707 -0.11086 0.30836 -0.27301 0.07590 -0.00013 -0.05906 0.20242 -0.32041 0.18773 -0.07206 0.30704 0.01207 0.02611 0.15937 0.17782 0.23448 -0.24170 0.24907 0.16819 0.05012 0.04387 0.20803 0.08240 -0.25979 -0.17996 -0.13821 0.25704 -0.25844 0.35351 0.02102 -0.02665
0.25571 -0.14183 0.32260 -0.08335 0.28559 -0.14543 -0.16679 0.18613 -0.22071 0.07939 -0.03264 0.24109 0.13037 0.09170 -0.20462 0.12993 0.15516 -0.23290 -0.30686 -0.26481 -0.05030 -0.17156 -0.18581 -0.05827 0.22990 -0.19435 0.12648 0.05021 -0.39561 -0.41801 0.19712 -0.05904 -0.16661 -0.17536 -0.03176 -0.13985 0.30515 -0.17453 -0.27543 0.31210
-0.42707 0.23162 -0.06406 0.07360 0.42334 0.28529 -0.31740 -0.16295 0.39709 -0.06048 -0.33807 -0.04751 -0.43909 -0.38415 0.12523 -0.00556 0.24247 0.12967 -0.22784 -0.07658 -0.18448 0.11433 -0.09780 -0.40161 0.14517 -0.22813 -0.26420 -0.16395 -0.07667 -0.06539 -0.12385 0.18788 -0.05363 0.32598 0.12873 -0.18211 -0.15760 0.06931 0.27819 0.22932
-0.10355 0.06171 0.27135 -0.21361 0.24495 -0.15876 -0.23366 0.42058 0.25222 0.39168 0.13829 -0.07269 -0.12363 0.18758 0.33217 -0.32597 0.26935 -0.06451 -0.01033 0.26883 0.18737 0.30762 0.14209 -0.09570 0.14764 -0.16794 0.37593 -0.25928 0.00403 -0.33122 -0.25439 -0.18332 -0.34400 -0.25936 0.31006 0.20434 -0.14227 0.12431 -0.36301 0.31316
-0.02030 -0.19839 0.24382 -0.26756 0.09467 -0.07018 -0.21141 -0.09735 -0.08847 0.27143 0.24118 -0.01163 0.02339 0.26979 0.18322 -0.15283 0.07176 -0.04615 -0.25336 0.35393 0.12947 -0.17381 0.05915 -0.22284 -0.34336 -0.09409 -0.14711 -0.26874 0.18319 -0.07575 0.12659 -0.31883 0.27109 0.21065 0.32634 -0.26992 0.34405 0.02092 -0.38901 0.25461
-0.20302 0.32006 0.22476 -0.16579 0.01061 0.03927 0.22745 0.42570 0.16893 0.27009 -0.04813 0.24359 0.02125 0.31000 -0.06248 0.11676 -0.08312 -0.08357 -0.17416 -0.17776 -0.29721 -0.24955 -0.34410 0.09092 0.16552 0.11500 -0.19150 -0.37113 0.25042 -0.34033 -0.06038 0.10172 0.11261 -0.08997 -0.28785 0.18688 -0.08205 -0.08257 -0.03134 -0.33230
-0.01584 0.18255 0.24025 0.02126 0.09745 -0.06314 0.31494 0.41861 0.21566 -0.17187 -0.24444 -0.13279 -0.22756 0.22076 -0.10120 0.21268 0.09741 0.13414 0.13601 0.06739 0.40490 0.16243 -0.29462 0.26263 -0.00459 -0.09428 0.13940 0.23044 0.14820 0.02507 0.13617 0.50729 0.14315 -0.06374 -0.26741 -0.28322 -0.14556 -0.26594 -0.34021 -0.20615
0.23628 0.18539 -0.14134 -0.04558 0.33702 0.20008 0.10553 0.04539 -0.31058 -0.37397 -0.23745 -0.24352 0.09263 0.19450 0.22518 0.01599 -0.38155 0.45419 0.19372 -0.37289 -0.19800 0.39612 0.41643 -0.19436 -0.27709 0.10823 0.07838 -0.10700 0.19800 -0.37422 -0.30165 0.00239 -0.21820 0.17106 0.02899 -0.28195 0.21512 -0.28762 0.38262 0.16777
-0.28344 0.24530 -0.27317 -0.09972 -0.13221 -0.17804 0.35742 0.35391 0.22076 -0.15497 0.23791 -0.09251 0.34151 -0.09450 0.21810 0.18110 0.07047 0.08867 0.16321 0.12208 -0.17426 0.06477 -0.06612 0.21451 -0.23109 -0.11705 -0.28541 0.18369 -0.15839 0.08866 -0.05109 -0.17040 -0.17118 0.25637 -0.29476 0.20563 0.26840 0.19877 0.17311 -0.04066
0.03646 -0.22391 0.04882 0.35791 0.31138 0.02522 -0.01540 -0.10022 -0.32586 -0.24822 0.15349 -0.21100 0.20186 -0.27441 -0.20948 -0.10367 -0.26684 0.30609 -0.13421 0.10456 -0.14047 -0.20233 -0.31413 0.00551 0.39045 -0.17615 -0.29986 0.16168 -0.13711 -0.29593 -0.33247 -0.15595 -0.12095 -0.16776 -0.22604 0.06055 0.10182 -0.12312 0.26803 -0.15312
0.20576 0.03535 -0.07777 0.23646 -0.03014 0.28661 -0.14721 -0.00136 0.21919 -0.17751 -0.02127 -0.00786 0.21943 -0.21540 0.25197 0.07331 0.08504 0.16626 -0.23600 0.05706 0.18762 0.19495 -0.03968 -0.15147 -0.09347 -0.03404 0.17121 -0.25039 0.00443 0.11123 -0.13328 -0.04845 -0.06352 -0.01481 -0.16415 0.29674 0.06607 0.11549 -0.32111 0.09567
0.21667 0.01899 -0.18249 -0.03808 -0.13114 0.33843 0.17712 0.25784 -0.13657 0.36623 -0.00824 -0.30602 0.09656 -0.07883 0.02610 0.35414 -0.24778 -0.05723 0.22694 0.24184 -0.40855 -0.21307 -0.07984 0.12975 -0.33323 0.25741 -0.38793 -0.29195 -0.37144 -0.25804 -0.32778 -0.32794 -0.16438 -0.28895 -0.38360 0.31917 0.04467 -0.30048 -0.27284 -0.33148
-0.17294 0.36729 0.26289 0.12764 0.07265 0.24468 0.35450 0.28066 -0.22396 -0.07061 0.05979 0.05136 -0.08212 -0.08676 -0.22855 0.18530 -0.39719 0.40313 -0.31686 -0.23488 0.01955 0.26909 0.31888 0.07909 -0.25827 0.07656 -0.04106 0.08284 -0.11992 -0.34186 0.22585 0.03626 -0.30401 -0.16305 -0.13496 0.15768 -0.25389 0.30995 0.40244 -0.04198
-0.26972 0.02052 0.14050 -0.34986 -0.19423 -0.02870 -0.23759 -0.39059 -0.12149 -0.04632 -0.11145 0.02263 0.07891 -0.31246 0.01068 0.21224 -0.28390 -0.19943 0.14398 -0.07324 -0.38869 0.24099 -0.28929 0.27240 0.08974 0.22080 0.40906 -0.01347 -0.23650 -0.17748 -0.26474 -0.35556 -0.27635 -0.01652 -0.12306 0.03474 0.02189 -0.21058 0.39152 -0.13033
-0.00037 -0.23382 0.14496 -0.04021 -0.07083 -0.21593 0.16515 -0.10043 -0.29947 0.18967 0.31272 0.22262 -0.05751 -0.07608 -0.06895 0.08972 -0.05180 -0.38697 -0.10812 0.22297 -0.36380 -0.06789 -0.11402 -0.04855 0.04062 0.33274 -0.00885 -0.18520 -0.11786 -0.18489 -0.03728 -0.20516 -0.15803 0.11351 0.02658 -0.38435 -0.12817 -0.35351 0.23490 0.00905
0.09226 -0.17542 -0.04970 0.11979 0.00620 -0.01348 -0.11811 -0.30012 0.07582 0.07009 0.08994 -0.06070 0.02609 -0.34677 0.25916 0.05960 0.24638 -0.27812 -0.27552 0.19997 -0.36168 0.14748 -0.09754 0.13983 0.24666 0.07284 0.05703 -0.35953 0.28782 -0.20912 -0.06595 -0.18648 0.09428 0.16599 0.31040 -0.13733 0.14703 -0.37245 -0.13374 0.14384
0.32641 0.35641 -0.20868 0.17071 0.30837 0.09264 0.31149 -0.14533 0.44174 0.27650 0.35545 -0.32452 -0.13659 -0.02620 0.20365 -0.09633 0.09797 -0.25431 -0.26513 0.31622 0.12142 -0.12649 -0.16255 -0.26439 0.00960 -0.03153 -0.09294 -0.08740 -0.16836 -0.12397 -0.00262 0.01516 0.09137 0.20021 -0.25119 -0.16733 -0.21823 -0.29106 -0.16253 0.04560
-0.09473 0.37141 -0.28450 0.24827 -0.03563 0.23786 -0.11505 -0.23405 0.22150 -0.17155 -0.12838 -0.25209 -0.06634 0.19399 0.15032 -0.29314 0.22273 -0.24846 -0.08164 -0.07791 -0.34243 0.25143 0.05765 0.05016 0.24359 -0.04871 -0.17060 0.26673 -0.08560 -0.10095 0.04225 -0.10028 0.28403 0.26415 -0.03503 -0.35820 -0.06691 0.14772 -0.36793 -0.04315
-0.39788 -0.16380 -0.32012 -0.00183 0.19069 -0.26326 -0.11975 -0.30789 -0.24447 -0.26463 -0.11358 -0.11418 -0.24284 0.04239 -0.21977 0.13988 -0.30508 0.05800 0.23219 -0.39966 -0.05500 -0.23595 0.23088 0.11468 0.28549 0.12364 -0.15548 -0.39479 -0.05662 -0.15967 -0.18983 -0.33211 0.18570 0.22312 -0.03419 -0.38067 0.11311 0.12833 0.28055 0.40931
-0.10365 0.21476 0.27622 -0.24592 -0.28459 0.06708 -0.33381 -0.15305 -0.35358 0.03505 -0.09469 -0.34396 -0.23605 -0.13291 0.15274 0.06089 -0.15475 -0.08377 -0.36675 0.22615 -0.31471 -0.43550 -0.17913 -0.16943 0.04662 -0.23130 -0.11462 -0.32388 -0.33681 0.14938 0.19782 0.05402 0.15635 0.05844 0.28641 -0.09486 0.16776 0.29304 0.07325 0.17958
-0.25891 0.36955 -0.06618 0.01164 0.41075 -0.29215 -0.03864 0.17448 0.06624 -0.39972 -0.03970 0.06806 0.25556 0.19498 0.40892 0.11241 0.02118 -0.00906 -0.32652 0.06194 -0.13323 -0.21467 0.10852 -0.04537 -0.01626 0.00291 -0.06111 -0.18958 -0.00042 0.07016 0.04130 0.05845 -0.11327 -0.41571 0.19977 0.18703 -0.18989 -0.17113 -0.08266 -0.31684
-0.24738 0.15488 -0.10250 -0.22628 0.31767 -0.14076 -0.20979 -0.17247 0.08681 -0.23401 0.10362 -0.24640 -0.04366 0.24521 0.47615 0.00671 -0.20368 0.05883 -0.35061 0.33892 0.17068 -0.17727 0.19460 -0.10661 0.29748 -0.15856 -0.29406 -0.13843 -0.18597 -0.13658 -0.22817 -0.24636 0.22886 -0.38885 0.17614 0.17723 -0.12238 -0.32536 -0.02817 -0.42787
0.38073 -0.13017 0.23325 -0.31086 -0.08515 -0.15564 -0.29295 -0.16624 0.01339 -0.40001 0.27405 0.02268 0.39260 0.23723 0.43090 -0.08126 -0.40524 0.21880 0.02028 0.05448 -0.15524 -0.11399 0.32046 0.27775 -0.04724 0.10674 0.02954 -0.27054 0.08815 -0.19371 -0.19053 -0.14331 0.10178 0.23859 0.04237 0.00474 0.05152 -0.01859 -0.29500 -0.11984
-0.11497 -0.13263 -0.20054 0.14984 0.20987 0.32911 0.02681 -0.05682 0.03065 -0.08365 -0.03497 0.10222 -0.20829 0.17923 -0.19378 0.03869 0.21384 -0.13650 -0.01145 -0.10892 0.26519 0.09179 -0.19895 -0.10736 0.30680 -0.18188 0.18647 -0.28514 0.26708 0.25481 -0.41782 -0.04785 -0.39341 0.20269 0.29302 0.01938 0.04004 0.09396 -0.13655 -0.35546
-0.07721 -0.10277 0.02976 0.26371 0.33087 0.42610 -0.31603 -0.09008 0.15838 -0.39555 -0.39402 0.16821 -0.26512 0.02193 0.21408 0.27655 0.11992 0.06490 -0.43146 0.04572 0.20256 0.36431 -0.27015 0.01827 0.21095 -0.06940 0.39527 0.09002 -0.32854 -0.02027 -0.14690 -0.30845 0.16925 -0.00346 -0.07103 0.17636 0.25211 0.05578 0.32384 -0.03636
-0.02548 0.23741 -0.18084 0.28639 0.30862 0.24033 -0.09168 0.22267 -0.30992 0.22494 -0.10618 0.00758 -0.28836 -0.05882 -0.27413 0.15856 -0.13432 0.13991 0.36564 -0.08037 0.13592 -0.03221 0.17301 -0.06572 0.07156 0.14613 0.11166 0.20743 -0.04344 -0.15695 0.21877 -0.04333 0.02271 -0.04292 0.28867 0.09531 -0.00845 0.23706 0.08529 0.17658
0.09526 0.07850 0.37469 0.20371 0.02027 -0.05938 0.12321 0.19766 -0.34280 0.13665 0.31597 0.25276 -0.06555 -0.20878 -0.01871 -0.37305 -0.30188 -0.16816 0.30926 0.40022 0.30376 0.01817 0.03533 -0.32296 -0.11148 -0.00486 0.09192 0.11012 0.05645 0.21099 -0.01827 0.32288 -0.38219 -0.08345 0.19279 -0.12173 -0.14865 0.22428 0.27936 -0.05327
-0.00462 -0.03254 -0.01915 -0.32751 0.23677 0.35941 0.01308 0.28570 0.15588 0.06641 -0.11175 0.12073 -0.08515 0.28378 -0.19962 -0.09764 -0.28909 0.32344 0.06323 0.17275 -0.26462 0.03965 -0.18429 0.27066 -0.36377 -0.00984 0.00364 0.10670 0.06620 0.08011 -0.01049 0.05619 -0.26248 0.15744 0.07740 -0.12922 0.21034 0.22163 0.23469 0.11054
-0.25123 -0.37580 -0.13379 -0.42114 -0.29410 -0.04417 0.21491 0.24666 -0.05149 -0.17172 0.25000 -0.02005 0.31885 -0.05883 -0.36895 0.22950 -0.08945 0.09824 0.04049 -0.24347 -0.29730 0.00523 0.09821 -0.12141 -0.26349 0.15225 -0.10998 -0.23960 -0.15574 -0.10586 -0.07968 -0.23547 0.20515 -0.24281 0.15332 -0.30735 0.01909 0.06239 -0.13999 -0.06254
-0.39601 -0.01394 -0.20236 0.00767 0.02430 -0.08936 -0.02076 -0.16984 -0.22437 0.04100 0.11550 -0.15781 0.06643 0.18882 -0.06212 -0.23525 0.24240 0.29232 -0.15566 -0.07877 0.00431 0.18668 0.09617 -0.11453 -0.20780 -0.04275 -0.28706 0.25960 -0.05172 0.23011 0.15488 0.43713 -0.18931 0.33101 0.21366 -0.15428 0.02686 -0.37504 0.09987 -0.07110
-0.05611 0.30575 0.13613 0.06994 -0.43203 -0.11317 -0.31606 -0.15069 -0.36850 -0.35046 0.21199 0.24367 0.26777 -0.14593 -0.24526 -0.12584 0.23036 -0.11242 0.42459 -0.02266 0.27898 -0.36314 -0.34104 -0.07668 0.11402 0.05661 -0.20098 -0.32752 0.19216 0.01898 0.50079 0.08356 -0.32342 0.00152 -0.20918 0.12761 -0.43469 0.14902 0.24867 -0.09405
0.07497 -0.05153 0.24448 0.07709 0.37548 0.30759 0.26477 -0.28155 0.03117 0.13277 -0.06168 -0.08293 0.03119 -0.42930 0.27519 -0.07919 0.32468 0.11979 -0.05159 -0.41378 -0.32771 0.34982 0.16115 -0.11223 0.18789 0.33382 0.27633 -0.20023 0.04711 0.39479 -0.03013 0.10376 0.30589 0.23290 -0.30620 0.33635 0.19205 0.00863 0.15359 -0.11030
0.02200 0.16708 0.20675 0.04799 0.04009 -0.03392 0.27006 -0.00142 -0.15166 -0.07819 0.15150 0.24447 -0.41774 0.13575 0.08861 -0.14469 0.15480 0.06641 -0.06478 -0.06476 0.34537 -0.12494 -0.34253 0.18835 -0.26776 0.05913 -0.16169 -0.31095 0.28362 0.30259 0.02046 -0.07206 0.47019 -0.36841 -0.32153 0.15620 0.07865 0.07860 -0.36173 0.01858
0.06761 0.42413 -0.14901 -0.05885 0.07976 0.41846 -0.29730 -0.17577 0.18342 0.30012 0.14476 -0.05884 0.00105 -0.16810 0.10931 -0.46582 0.40095 -0.25339 -0.34116 0.12669 -0.37761 0.00928 -0.21675 -0.25389 -0.22127 -0.02549 -0.12983 0.12433 -0.29434 0.10679 -0.03786 -0.08946 0.33885 -0.15640 0.18108 -0.19375 -0.21321 0.07092 -0.10214 -0.13647
0.19360 0.23176 -0.11570 0.31176 -0.04424 -0.05940 -0.06154 0.29852 0.05602 -0.23705 -0.20533 -0.13840 0.01027 0.31689 -0.27466 -0.14367 0.24013 -0.10523 0.21860 -0.41121 -0.09394 0.00794 -0.36348 -0.20649 0.21110 -0.27183 -0.05766 0.26187 -0.10011 0.31559 -0.16612 0.09963 -0.05746 -0.13775 -0.08131 -0.17390 0.28894 -0.27424 -0.33308 -0.24121
0.26546 0.09648 0.30539 -0.26753 -0.30178 -0.25268 0.16930 -0.37787 -0.06586 0.27697 -0.04185 -0.27023 -0.37382 -0.02658 0.28319 0.03021 0.24839 0.09625 -0.06566 0.30530 0.21233 -0.29893 0.14141 -0.25589 0.07664 0.14049 0.18178 -0.12458 0.27067 -0.14868 0.03520 -0.00877 -0.22183 -0.21947 -0.00122 0.13257 -0.15549 0.07191 -0.12562 -0.15589
-0.03824 0.33515 -0.36348 0.10802 -0.27723 0.03507 0.14944 0.09987 -0.37547 -0.03743 -0.24992 -0.27129 -0.17232 -0.36497 0.42823 -0.38261 -0.45980 0.25212 -0.32249 0.36722 -0.25497 0.23017 -0.17066 -0.19451 0.31233 -0.11208 -0.34205 -0.20365 -0.31964 -0.00153 -0.20236 -0.03010 -0.31640 -0.03986 0.27745 0.22402 0.22691 -0.30964 0.04552 -0.15283
-0.16042 0.23352 -0.17794 -0.07333 0.36026 -0.17452 0.02655 0.28772 0.28949 -0.41990 -0.14453 -0.20391 0.18788 0.35996 0.16391 -0.01751 -0.09249 0.04303 -0.12898 0.01401 -0.30781 -0.20759 0.01736 -0.32345 -0.24860 0.04636 -0.08956 0.25391 -0.14091 -0.17776 -0.05696 0.08272 0.46341 -0.05757 -0.29777 0.27342 -0.32092 0.01649 -0.27395 -0.04286
-0.00856 0.00878 0.11728 0.10187 0.09820 0.09167 0.24005 -0.04427 -0.25768 -0.12962 -0.05669 -0.22004 -0.32764 0.41756 -0.09186 0.18912 -0.23761 -0.03548 0.23070 0.08961 -0.33593 -0.33522 -0.15204 0.28495 0.17304 -0.11676 -0.24677 -0.12199 -0.03291 -0.14698 0.21284 0.20547 0.42411 0.26009 0.14759 0.23502 0.34611 0.23937 -0.22681 0.14865
0.06375 -0.06861 0.11557 -0.33032 -0.22347 0.12707 -0.04453 0.28827 0.09312 0.11024 0.11149 -0.20778 -0.27462 -0.17737 -0.12684 -0.37921 -0.05280 -0.12015 -0.33068 0.21810 0.11348 -0.29497 0.43406 -0.17174 -0.13575 0.17292 -0.07245 0.07436 0.07070 -0.05666 0.13237 -0.11011 -0.24284 -0.30380 0.10369 -0.07525 0.09428 -0.36322 0.02589 0.12760
-0.17308 -0.18150 -0.17176 0.41592 -0.08433 0.22087 0.24412 0.13770 0.21688 -0.21230 0.09082 -0.32546 -0.18768 0.19781 -0.40083 0.02879 0.38076 -0.16149 0.31670 -0.39102 -0.11928 -0.24748 -0.26298 -0.10305 0.27474 -0.08416 -0.07403 0.32223 0.08840 0.40432 -0.11442 0.16968 0.00153 -0.07941 -0.09532 0.13009 0.35248 -0.02064 -0.28917 0.01777
-0.42175 -0.20917 0.34310 0.22220 0.07620 0.38630 0.44141 -0.52036 -0.25522 0.17963 -0.15396 -0.23066 -0.21102 0.29024 0.15725 0.11263 -0.27159 0.36381 0.07204 0.25160 -0.10469 -0.28896 0.07767 -0.02170 0.08736 0.18316 -0.31853 0.06016 0.14273 -0.25980 0.34225 -0.05226 0.38388 -0.25480 0.15457 -0.21720 -0.05028 -0.25552 0.30746 -0.43129
-0.20870 0.06927 0.33726 0.23822 -0.27986 0.14946 -0.32014 -0.14054 -0.23883 -0.40125 0.21006 0.15582 -0.37659 0.04918 0.03341 0.19572 -0.27331 -0.02830 -0.18921 0.21468 0.33969 -0.02281 0.34219 -0.25445 -0.04269 -0.03537 0.21219 0.02993 -0.18341 0.24229 -0.04347 0.41746 -0.45076 -0.18484 -0.06536 0.17349 -0.41173 0.26584 0.41495 -0.03977
-0.07194 -0.22992 -0.42695 0.19815 -0.17537 -0.01247 -0.06771 0.08535 0.06632 0.33982 0.40788 0.28295 -0.01392 -0.36159 -0.12286 0.01693 -0.03646 0.35629 0.14794 0.34770 0.17386 -0.36699 0.37493 0.20035 -0.32115 -0.16452 -0.06615 -0.08672 -0.03103 0.14328 -0.12772 0.17422 -0.06284 0.25935 -0.17641 -0.13793 -0.37784 -0.11824 0.13855 -0.14420
0.21539 0.07693 0.03224 0.18863 -0.01330 0.08442 0.27154 0.24357 0.26936 0.08003 0.34678 0.40531 0.19048 -0.07318 0.32877 0.24410 -0.04535 0.03804 -0.28318 0.15826 -0.23013 -0.20310 0.28134 0.21947 -0.27123 -0.15588 -0.24514 0.26680 0.19506 -0.13521 -0.32671 -0.24666 0.22801 0.04365 0.05750 0.41031 -0.05925 0.17003 -0.18734 -0.10828
0.00430 -0.22737 0.21273 -0.23725 0.19937 -0.22737 0.03042 -0.37485 0.31509 0.18502 -0.14666 -0.40048 -0.27565 0.20149 0.11766 0.23430 -0.26074 -0.09832 0.15220 0.25621 -0.16620 -0.30200 0.01683 -0.02541 -0.17557 0.19974 0.09997 -0.06456 0.22653 -0.26630 -0.27181 0.10751 -0.41801 -0.01124 0.24465 -0.24884 -0.40544 -0.44504 0.13194 -0.00907
0.19880 0.13549 0.22076 -0.20436 -0.22396 0.17490 0.14060 0.04491 0.14646 0.34310 0.19528 -0.18215 -0.35368 -0.16827 -0.08147 0.04123 -0.00037 -0.14839 0.05861 0.19400 -0.29702 0.34906 -0.15815 0.04902 -0.05362 0.21266 0.14049 0.02993 -0.03265 0.21278 0.15646 -0.13073 0.28605 0.35836 0.11591 0.21481 0.07818 -0.08952 0.13788 0.03720
0.00213 -0.16851 0.35437 -0.00625 0.27343 0.36228 0.22784 0.12439 0.05781 0.11271 0.10251 -0.38332 -0.12227 -0.10008 0.04289 0.05991 0.41152 0.11735 -0.20657 0.39557 0.11281 0.16066 0.13809 0.15219 0.02037 -0.18632 0.12542 -0.02227 -0.33072 -0.21481 0.15547 -0.12713 -0.14042 0.10773 -0.16178 -0.18339 -0.03724 -0.04580 -0.10628 0.01390
0.19895 -0.11593 0.39392 0.43074 -0.02152 0.24896 -0.06772 0.15917 0.41523 0.14753 -0.19747 -0.40806 -0.21717 0.19143 0.17384 -0.18918 0.13392 0.00979 -0.26721 0.09898 -0.13166 0.16975 -0.22083 -0.28520 0.24504 -0.07746 0.23544 -0.12000 -0.21702 -0.04170 -0.22873 0.33317 -0.26581 0.33826 0.01828 -0.13328 -0.20361 0.05704 -0.05980 0.08041
-0.14690 -0.04914 0.25486 -0.31371 0.20126 0.21676 0.27246 0.12559 -0.04727 0.03841 -0.32714 0.06898 -0.23029 -0.11962 -0.34181 0.08713 -0.02104 -0.12562 -0.13131 -0.18476 0.01535 0.12255 -0.30328 0.23017 0.23491 -0.15288 0.04863 -0.05579 -0.34001 -0.02655 -0.17150 0.23359 0.09566 0.12015 -0.11337 0.07459 0.33090 0.32476 0.02901 0.00305
-0.27349 0.10117 -0.06122 -0.10180 -0.21579 -0.13140 0.04836 0.06390 0.38971 -0.09760 0.24337 -0.23107 0.29869 0.17501 -0.27287 -0.00095 -0.25815 0.05726 -0.20634 0.26853 0.37824 -0.24056 0.33450 0.11340 0.30792 0.10899 0.22003 -0.05450 -0.22123 0.23983 -0.18220 -0.23510 0.00889 -0.31117 -0.24045 -0.14310 0.08496 0.05333 0.02591 -0.18491
0.11327 -0.15989 0.28084 -0.08764 0.26939 -0.08353 0.45316 0.38457 0.02574 -0.00713 -0.16767 -0.08949 -0.02813 -0.12281 0.36279 -0.26992 -0.05210 0.14972 0.17075 0.12429 0.17094 0.35768 0.05077 0.29919 0.28119 -0.08138 -0.17999 0.11395 -0.01320 -0.08388 0.31624 0.31121 0.21718 -0.15436 0.02066 0.16411 0.22987 -0.18267 0.06719 -0.02100
0.20686 -0.39545 0.01368 -0.08756 0.26802 0.06925 -0.30245 0.40304 -0.17080 -0.40012 -0.38742 -0.15280 0.11659 0.17635 0.13838 -0.42132 0.06813 0.09486 -0.01824 -0.12608 -0.20071 0.43987 -0.17153 0.17654 -0.31142 0.15949 -0.23776 -0.46882 -0.21819 -0.42113 0.10642 -0.42997 0.42282 0.07431 0.38712 -0.19094 0.00982 -0.05641 0.13213 0.46594
0.09711 -0.37635 -0.18827 -0.17100 0.43659 -0.08771 0.02632 0.17979 0.16499 0.41315 0.18930 -0.17703 -0.07953 0.36315 -0.46048 -0.20042 0.02085 0.39330 0.07019 0.25119 -0.25809 -0.23871 0.17632 0.29428 0.22370 0.04117 0.10963 0.40333 0.03213 0.02087 -0.27617 0.07611 0.07914 -0.19714 0.03313 0.38297 -0.26766 0.38994 0.18291 0.03126
-0.44792 -0.20887 0.38169 0.26919 0.36646 0.22202 0.34754 0.43270 0.41747 -0.28334 0.11362 0.34296 -0.01946 -0.37949 -0.38722 0.39852 -0.15620 0.09442 0.38212 -0.18524 -0.33078 0.25428 -0.25385 -0.04980 0.13158 0.15193 -0.44956 -0.15588 -0.20634 0.29758 0.43480 0.41879 0.34112 0.34393 -0.07383 -0.16692 -0.01236 -0.22215 -0.21856 0.37318
-0.30694 -0.07019 0.21846 -0.16238 -0.00228 -0.24958 0.10109 -0.43585 0.03936 0.18092 -0.19973 0.11046 -0.13697 0.02312 0.07316 -0.00902 -0.16750 0.17681 0.08216 -0.11883 0.18746 -0.09148 -0.09314 0.02081 -0.05630 0.16331 0.08773 0.03570 -0.19791 0.11018 -0.02617 0.29394 0.02047 -0.06708 0.12415 -0.11586 -0.01495 0.10937 -0.07549 0.15318
-0.03307 -0.04787 0.18528 -0.39972 -0.37591 -0.24660 0.33691 0.37541 -0.03557 0.16936 -0.30639 -0.32972 0.32089 0.13954 0.25409 -0.04513 -0.26838 0.34823 -0.33502 0.01961 0.06350 -0.23855 -0.22723 -0.22437 0.48188 -0.12435 0.37804 0.19303 -0.38788 0.24442 0.11296 -0.24163 -0.18170 0.25653 -0.18705 0.28249 -0.43177 -0.42696 -0.27737 0.23480
-0.32823 0.26070 -0.19001 0.01979 0.04270 0.20277 0.10281 -0.07425 -0.26116 -0.11642 -0.29564 -0.32871 -0.14884 0.23286 -0.17038 0.42496 0.36016 -0.16056 -0.23081 0.02030 -0.26618 -0.24477 0.21076 0.04272 0.23750 -0.22142 0.32071 -0.09677 -0.00399 0.19120 -0.04825 -0.22830 -0.15736 -0.23267 0.20885 -0.19237 0.26236 -0.05091 -0.42872 -0.29859
0.21344 -0.18191 -0.10102 0.32612 -0.21096 -0.10585 -0.07078 -0.22730 0.04711 -0.09846 0.03955 -0.04127 0.12762 -0.29257 -0.22730 0.15893 0.26834 -0.33120 -0.07630 0.23673 0.27694 -0.19957 0.05256 -0.24664 0.06633 -0.37596 0.35611 0.02028 -0.06640 -0.32026 -0.02660 0.20927 0.26688 0.09107 0.00160 0.31101 -0.05050 0.15576 -0.12853 -0.19478
-0.13809 0.10357 -0.36887 -0.13529 0.29479 0.23054 0.04162 -0.31978 -0.20492 -0.31760 -0.39929 0.26640 -0.33402 -0.00700 0.01517 0.09516 -0.42399 -0.18351 -0.32717 0.36035 -0.08990 -0.03794 -0.23527 0.08088 -0.19495 0.27189 -0.30405 0.41273 -0.23581 -0.21747 0.24690 -0.03148 -0.08429 -0.03332 -0.08750 0.09146 -0.20074 -0.15553 0.36544 -0.05175
0.16582 0.01386 0.18503 -0.21507 0.27206 0.21505 -0.03807 0.21240 -0.05760 -0.22310 -0.21566 0.07665 0.25732 -0.20974 -0.07473 -0.10606 -0.37007 0.11248 0.11060 0.16555 -0.06470 -0.30432 -0.01555 -0.25983 -0.30923 0.26353 -0.13165 -0.23714 0.11505 0.09810 0.24591 -0.04718 -0.37405 0.02172 0.10067 0.21868 0.02243 0.23604 0.10866 0.00855
-0.01766 -0.22951 -0.24483 -0.26780 0.06360 -0.32857 -0.07026 0.04370 -0.32735 0.16410 -0.13236 0.09778 0.07629 -0.14963 0.01842 0.11611 0.03160 -0.06205 -0.02087 0.20293 -0.05556 0.14362 0.17351 0.08690 -0.23777 0.04911 0.06247 0.02383 -0.27272 -0.27957 -0.00640 -0.26171 -0.32492 -0.30008 0.31439 0.24491 0.09133 -0.10985 0.01295 -0.32112
0.17225 0.07941 0.09009 0.19094 0.05036 0.09637 -0.23264 0.32459 0.26553 -0.35963 0.12207 0.34953 0.02518 -0.06337 -0.25927 0.24077 -0.32704 0.21224 -0.03403 -0.02763 0.11990 -0.02938 0.27591 0.26104 -0.12557 0.31126 -0.13724 -0.28999 0.06927 -0.11417 0.19254 -0.04407 -0.29146 -0.02208 -0.08853 0.37705 -0.04754 -0.15308 0.07390 -0.31131
-0.31082 0.21735 -0.36546 -0.25110 0.25511 0.14007 -0.25340 0.37847 -0.30692 0.13919 -0.18056 0.17003 0.02538 0.32220 -0.26048 -0.06425 0.19812 -0.23450 -0.04773 0.25217 -0.30629 -0.07914 0.07534 -0.06334 0.17405 -0.14824 0.11844 -0.00504 -0.37077 -0.21273 0.23479 0.43231 0.30349 0.22036 -0.21591 -0.16713 -0.36888 -0.17871 -0.23410 0.14781
-0.24558 -0.27494 0.03841 0.13450 -0.24231 -0.00912 0.01947 -0.07118 0.19789 0.01824 0.23543 -0.02474 -0.13935 0.18502 0.12025 -0.22015 -0.05976 -0.21970 -0.01444 0.20586 -0.15871 -0.24092 0.08704 0.13556 -0.08213 -0.17458 0.30732 0.27050 -0.09167 -0.35222 -0.26347 0.32359 0.21512 0.19497 0.14957 0.07144 0.34238 -0.15955 0.16934 0.23982
-0.42512 0.20717 0.29260 0.15367 -0.12994 0.17774 -0.40377 -0.19890 0.22831 0.10124 0.13707 0.21231 -0.00510 -0.23081 -0.32208 -0.00536 -0.34507 0.26241 0.16084 0.14940 0.34079 -0.27652 0.05961 0.22503 0.27140 -0.30767 -0.02877 -0.29890 -0.27404 -0.10837 0.15614 0.07519 -0.21469 -0.30136 -0.40054 0.24777 -0.00051 0.18309 -0.36593 -0.18973
0.00417 -0.09022 -0.04509 -0.36428 0.03194 -0.04189 -0.12053 0.25135 0.27761 0.20180 0.21398 0.04636 -0.10139 0.06811 -0.15351 0.09352 -0.02828 0.13591 0.09846 -0.27440 -0.04281 0.10328 0.21995 -0.21427 0.18333 -0.22922 0.03259 0.21917 -0.25571 -0.10617 -0.16996 0.17212 -0.13779 -0.12757 0.13171 -0.10677 0.19310 -0.14237 0.23427 0.24169
0.02405 -0.10351 -0.09156 -0.26499 -0.15431 -0.16276 0.13647 0.00116 -0.23575 -0.12860 0.09605 -0.28062 -0.18799 0.32143 -0.31826 0.28826 0.08633 0.18939 -0.25221 -0.05194 -0.23864 0.26406 -0.16581 0.21916 0.26134 0.08056 0.32612 0.17402 0.24183 0.18811 -0.19473 -0.00487 -0.24903 0.21054 0.14881 0.29942 0.13509 -0.32676 -0.02711 0.11594
-0.15074 0.16768 0.00436 -0.01982 -0.28513 0.02713 -0.35168 0.32813 -0.43021 -0.30363 0.36042 0.42506 -0.30439 -0.31553 -0.05669 -0.01124 -0.18657 -0.32007 0.15245 0.01297 -0.30079 0.06678 -0.10923 -0.11440 -0.17341 -0.11332 0.09103 0.07001 -0.00321 -0.35827 -0.08310 0.15977 0.23524 -0.13926 0.42816 0.15039 -0.23299 -0.14460 0.01483 0.28211
0.08465 -0.27660 0.31527 0.28610 -0.15807 0.22564 -0.08890 -0.05493 -0.02702 0.37037 0.04216 -0.30116 0.02484 -0.18321 -0.21148 0.30478 -0.05056 0.21894 0.09092 -0.17736 -0.16141 0.20257 -0.17923 -0.15022 0.02621 0.21892 0.19066 -0.10078 0.12707 -0.43367 -0.12042 0.21635 -0.45942 0.00393 0.40001 -0.21524 0.18692 0.20485 -0.34386 -0.19563
-0.21277 -0.04528 0.17431 -0.16913 -0.38003 -0.25524 0.19259 -0.32757 -0.25955 0.10879 -0.21275 -0.31171 -0.14157 0.18877 0.03297 -0.15901 -0.17312 -0.18033 0.08901 0.02971 0.16951 -0.13141 -0.21801 0.09338 -0.11436 0.19013 -0.22811 -0.10046 -0.18642 0.07151 -0.12131 0.07023 -0.11314 -0.01833 -0.23777 0.05833 0.04996 0.12823 -0.11093 0.05213
-0.04441 -0.27437 0.12487 -0.12470 -0.25652 -0.04917 -0.24553 0.17411 0.21473 0.15221 0.06838 -0.22434 0.15990 0.32271 0.20150 0.14166 -0.06810 0.16833 -0.20748 -0.04900 -0.20958 0.13929 -0.19331 -0.35510 0.07092 0.11748 -0.00321 -0.15051 -0.07144 0.14455 -0.26669 0.02563 0.08522 0.29796 -0.02462 0.18426 0.30365 0.20261 0.25232 -0.01602
-0.17329 0.12167 0.07920 -0.15704 0.08951 -0.09106 0.28175 -0.18259 -0.15661 -0.30117 -0.02919 0.36676 -0.16026 0.12597 0.20881 -0.09693 -0.10288 0.26551 0.02857 0.18878 -0.19775 0.11003 -0.08789 -0.02417 -0.23337 0.45510 0.17814 -0.30139 -0.29204 -0.10521 -0.10908 0.22916 -0.21871 -0.14239 0.03718 0.04840 -0.24582 -0.12274 -0.18669 -0.17367
-0.10640 0.04259 0.46727 -0.12663 0.31123 0.11021 -0.39154 0.39825 0.07638 0.01557 0.28287 0.26627 -0.23776 0.37031 -0.35964 -0.09890 0.28106 0.02752 0.04335 -0.35117 0.12730 0.18370 0.15159 0.18058 -0.14276 -0.18290 -0.23523 -0.13613 0.25139 0.23963 0.16911 -0.08646 0.10813 0.19972 -0.06024 -0.29736 0.23329 0.31815 0.41219 0.20377
0.12756 0.06270 0.02332 0.21420 -0.05191 0.20765 0.30974 0.28938 -0.09583 -0.19141 0.24680 -0.32688 -0.17145 0.06140 -0.36987 -0.25742 0.18932 0.13369 0.10429 0.08359 -0.00492 -0.28378 0.19858 0.09451 -0.11762 -0.25903 0.40385 -0.18289 0.03127 0.27570 0.23127 0.27228 0.32116 0.25909 -0.30207 -0.06848 -0.23503 0.05330 -0.22295 -0.05319
0.23043 0.09708 -0.23805 -0.35858 0.24942 0.10753 -0.05783 -0.08934 -0.11421 0.35608 0.15958 -0.44726 0.30694 0.21896 -0.08214 0.05972 -0.16899 0.13507 -0.37628 -0.19725 -0.16830 0.09653 0.26636 0.24144 0.14015 0.12422 -0.14011 0.16621 0.11935 -0.43069 0.21543 -0.37245 -0.12258 -0.21070 -0.13625 -0.22984 -0.40194 0.37862 0.37287 0.06690
0.01820 0.33270 0.32697 -0.05336 -0.04582 0.08636 -0.16683 0.11940 -0.03830 -0.07734 -0.00371 -0.32768 0.20103 0.08380 0.33492 0.28302 -0.20719 0.44409 0.20508 -0.17000 -0.23670 -0.14678 -0.21001 -0.14440 0.22369 -0.21268 0.27745 -0.49127 0.23722 0.11978 -0.04336 0.10771 -0.23232 0.17908 -0.21323 -0.48401 0.34384 -0.43242 -0.23956 -0.09837
-0.31578 0.02760 0.37001 -0.31390 -0.30033 -0.17383 -0.02063 0.09261 0.43688 -0.27300 -0.19536 -0.44977 0.29544 0.36459 -0.06617 0.02938 0.27376 0.14622 0.48049 -0.13361 -0.24624 0.02056 -0.37442 0.23181 -0.32892 -0.41994 0.36819 -0.13603 0.03898 -0.37595 -0.23374 -0.21449 0.41037 0.36271 -0.35582 -0.32563 -0.26537 0.42542 -0.37303 0.03673
-0.19858 0.22344 0.01529 -0.42896 0.02246 -0.29686 -0.20161 -0.06978 0.33637 0.22877 -0.07035 0.00055 -0.13098 -0.08580 0.23486 0.31480 -0.20886 -0.01929 0.23265 0.27708 0.42046 0.27294 0.14412 0.26462 0.04787 0.21870 0.26917 -0.05944 -0.08554 0.08648 0.36552 0.22506 -0.24433 -0.05444 -0.05832 -0.19989 -0.13540 0.19371 0.10172 -0.23555
-0.12494 -0.08866 -0.28606 -0.07048 0.30660 -0.14542 -0.08215 0.05354 0.28737 -0.38914 -0.21132 -0.31428 -0.04774 0.20325 -0.06114 0.22543 -0.09463 0.21728 0.03567 0.13801 -0.24330 -0.05995 0.08634 -0.10912 -0.02932 0.17712 -0.12972 0.34839 0.14029 0.13882 -0.08956 -0.01442 0.25850 -0.21952 -0.09483 0.24482 -0.31847 -0.24574 -0.13712 0.06549
-0.18307 0.14420 -0.04020 0.25796 0.16344 0.31972 -0.18416 0.40954 0.01632 0.22219 0.35898 -0.14487 0.05360 -0.05010 -0.12060 -0.02894 0.27804 0.11968 0.10982 -0.26556 -0.08824 0.00128 0.18967 0.11417 -0.07767 0.27291 0.05727 -0.09469 -0.22357 0.13299 -0.11517 -0.04869 -0.22587 -0.28227 0.01367 -0.24069 -0.23329 -0.29118 -0.11610 0.26829
-0.17515 -0.03536 -0.20206 0.21980 0.05444 0.31138 0.02056 0.06483 -0.20991 -0.07096 0.03111 0.16894 0.25101 -0.21497 0.18429 0.14103 0.05092 0.18694 -0.07119 -0.03463 -0.11298 0.03814 -0.00698 -0.18561 -0.09844 -0.32450 0.04375 0.00125 0.18760 0.13872 0.13385 -0.09924 0.19295 0.11262 -0.18216 0.10080 0.01160 -0.05528 -0.05203 -0.17509
-0.36029 -0.34701 -0.10033 0.04397 0.17334 -0.37462 -0.23441 -0.12380 -0.15385 0.44420 -0.06132 -0.07224 0.07632 0.09105 -0.40814 -0.17641 0.22422 0.05297 0.01076 0.31420 -0.18300 -0.25087 -0.26325 -0.37334 0.31378 -0.04010 0.38915 0.17426 -0.14715 0.02927 0.00935 0.17113 -0.01134 -0.40837 -0.14122 0.11767 0.03984 -0.12283 0.25622 -0.19288
0.09089 -0.27687 0.15265 0.06810 -0.28024 -0.02349 -0.24392 -0.10631 -0.24597 -0.03811 -0.06724 -0.04150 -0.07739 -0.19268 0.38580 0.26368 -0.04791 -0.29471 -0.04870 0.00772 0.22076 -0.17472 0.25932 -0.40778 0.28475 0.37681 -0.28215 0.18661 -0.14969 -0.02792 0.47104 0.00165 -0.33421 0.28299 -0.41018 -0.26257 -0.36834 0.15272 0.38134 -0.05818
-0.19831 0.02299 -0.17381 -0.34417 0.19303 -0.46616 -0.34385 0.15336 -0.29036 -0.35492 0.26292 -0.09260 0.07729 0.34251 0.08820 0.36534 -0.11970 -0.22992 0.26886 0.38001 -0.22484 0.01808 0.01836 -0.23803 -0.30863 -0.06481 0.14555 -0.08741 -0.22323 0.18402 0.39671 -0.17420 -0.30348 0.28709 0.11210 0.26460 -0.05630 0.40683 0.04106 0.05500
0.22537 -0.04431 0.25159 -0.23481 -0.27622 -0.39849 -0.21252 0.02534 0.08488 0.27322 0.35597 -0.00203 0.05589 0.04734 -0.27154 0.15174 0.11564 -0.18057 0.09351 0.05456 -0.11093 0.06093 0.27239 -0.23493 -0.30874 0.15837 0.17144 -0.31668 -0.23489 0.13712 -0.13637 0.15241 0.06534 -0.27126 -0.07083 -0.27343 0.23415 -0.12118 -0.00559 -0.37215
0.22646 0.14156 -0.11966 -0.37907 0.12402 0.23891 -0.01209 -0.15380 -0.38160 -0.12825 0.27433 0.14075 0.18536 -0.04788 0.00060 0.21008 -0.06674 -0.23321 0.02570 -0.15829 -0.10435 -0.05709 -0.40601 0.02416 -0.19818 0.41447 0.07396 0.03843 -0.13314 -0.17291 -0.31422 -0.29593 0.41789 -0.18799 0.36443 0.08508 0.12481 0.02610 0.16379 -0.15479
0.28523 -0.03628 -0.08693 0.11571 -0.38297 -0.37357 0.15918 -0.09041 0.24430 -0.28159 -0.20740 0.01222 0.18691 0.32508 0.11101 -0.35317 0.35685 0.07090 -0.20160 0.36286 -0.19257 -0.12123 -0.22178 0.08409 0.21928 0.07569 -0.03918 0.01083 -0.05467 -0.18980 0.25342 -0.18025 0.20182 0.28869 0.15806 -0.08411 -0.16240 0.23495 0.19776 -0.18069
0.41402 0.24789 0.42911 -0.18521 0.01653 0.02339 -0.18071 -0.44581 0.25511 0.13607 0.24583 0.18061 -0.34264 0.13055 -0.24114 -0.14020 -0.13173 -0.08107 0.08172 0.15380 -0.30161 -0.42286 -0.02106 -0.05032 0.12903 -0.23023 0.17074 0.06779 -0.32686 -0.15210 -0.35691 -0.18114 0.16483 0.05482 0.27467 0.22912 0.40930 -0.29224 -0.15034 0.24309
0.01570 0.11878 -0.20288 -0.15250 -0.06284 0.39314 0.33349 -0.01625 0.00883 0.12276 0.10092 -0.33624 0.05306 -0.04511 -0.04368 -0.13734 -0.10492 0.24416 -0.30037 0.04274 -0.29543 0.20038 0.13578 -0.38291 -0.20854 -0.12970 0.25920 0.12837 0.09719 0.08485 -0.08459 -0.05831 0.23139 -0.03731 0.31356 -0.17885 -0.30150 0.06054 -0.33262 0.25403
0.30729 -0.25419 0.15443 0.36486 0.28875 -0.39349 0.24278 -0.40810 0.22754 0.27608 0.19267 0.29157 -0.33666 -0.29972 0.04301 -0.38048 -0.02778 0.36400 -0.34039 -0.17630 -0.21434 0.24937 0.48849 -0.02240 -0.26290 -0.41460 -0.29680 0.42084 0.13684 0.23698 0.24616 -0.36832 0.32846 -0.20139 0.25757 -0.14025 0.08682 -0.24865 0.16499 -0.18540
0.23745 0.19433 -0.28358 -0.39154 -0.21594 -0.28490 0.27831 0.12838 0.06470 -0.38143 0.12150 0.17589 -0.21019 0.11886 -0.13622 0.00785 -0.12424 0.22407 -0.10326 -0.24328 0.00657 0.15537 -0.29660 0.16059 -0.12949 -0.02056 0.21611 -0.05083 -0.47595 0.28989 -0.09399 -0.39682 0.23238 -0.10586 0.01624 0.19105 -0.14423 -0.03473 -0.05366 0.25173
-0.12137 0.05312 -0.19707 0.21387 0.21873 0.13847 0.19426 0.17102 -0.15464 -0.04067 0.45255 -0.10093 -0.38365 0.47866 0.26388 -0.20048 0.22061 -0.01295 -0.02964 0.01823 -0.19911 0.34906 0.23259 -0.24986 -0.31213 0.43926 0.09979 0.34357 -0.20317 0.10851 -0.13207 -0.09162 -0.02707 0.33444 0.11804 0.20368 -0.00708 0.17114 -0.21145 0.14302
0.00796 -0.31399 0.17761 0.35570 -0.27831 -0.05733 -0.18801 -0.25346 -0.11464 -0.29362 0.21809 -0.23758 -0.00593 -0.08523 0.36182 -0.24299 -0.31175 -0.16553 0.06124 -0.11804 0.12941 0.04785 0.26304 0.07902 0.30301 -0.06804 -0.37133 0.18203 -0.05943 0.24119 0.31265 0.19950 0.00871 0.11329 -0.08401 -0.20583 -0.23504 0.25387 -0.16263 -0.32462
0.32045 -0.15827 0.18262 -0.29058 -0.16238 0.35362 -0.02357 0.04791 0.31095 -0.10553 -0.13607 0.37316 -0.24953 -0.24838 -0.26785 0.02620 -0.00086 -0.44454 -0.03991 0.30704 -0.31688 -0.12872 0.09744 0.26379 0.31669 0.24606 0.22810 -0.06057 -0.36824 0.18075 0.29636 -0.38542 -0.13335 0.19013 0.01583 0.35282 0.32053 -0.31304 0.22250 0.33724
0.10646 -0.23732 -0.06381 -0.07465 -0.12533 0.29110 -0.08625 0.00661 -0.07327 -0.07430 -0.12014 -0.08467 0.07293 0.19918 0.07186 0.37678 0.15736 0.08350 0.09257 -0.14113 0.21922 -0.04765 -0.14953 -0.26047 0.20589 -0.19830 0.17839 -0.14996 0.00352 -0.04307 -0.26909 0.06509 0.22178 -0.02718 0.08373 -0.21958 0.28421 0.05364 -0.05332 -0.34731
-0.36844 0.11310 -0.37589 0.29812 -0.39681 0.45894 -0.35122 -0.10903 -0.33543 0.15661 -0.12975 -0.28736 -0.28002 0.12100 -0.17863 -0.40047 -0.06687 0.23393 0.15077 -0.13428 0.32381 0.33510 0.03447 -0.02893 0.22559 -0.27703 0.01001 0.11065 -0.28077 0.28053 0.20363 0.10209 -0.08758 0.20181 -0.40785 0.31385 0.30663 0.34410 0.03443 -0.13885
0.32838 0.17918 0.39242 -0.08070 -0.23767 0.12546 0.27725 -0.22153 -0.27557 0.27749 0.19651 -0.10058 -0.35959 0.25627 0.21031 0.39785 -0.04494 -0.28183 0.35875 -0.03358 0.05224 -0.03216 0.33672 0.07360 0.30381 -0.25566 -0.01667 0.12557 -0.04180 0.24385 -0.09973 -0.13378 0.29772 0.18384 0.12682 0.22567 -0.02256 -0.30460 0.20192 0.39348
0.01610 -0.07400 -0.10038 -0.20069 0.18792 0.15483 -0.23460 0.41579 -0.11479 0.23213 0.11748 0.01675 -0.08146 0.07779 -0.31100 -0.42705 0.03642 -0.21412 -0.44582 0.28486 -0.10311 -0.24895 0.39558 -0.10475 -0.04922 0.07567 -0.13233 0.13638 0.12803 0.15963 0.06334 -0.00542 -0.33279 -0.28805 -0.11296 -0.07335 -0.18692 -0.40791 0.25628 -0.07307
-0.07943 0.08640 -0.13546 -0.26026 0.08281 -0.00920 0.03587 -0.32500 -0.05338 0.19533 0.05792 -0.13288 0.09150 -0.16388 0.18102 0.02928 0.00691 0.22148 0.20224 0.12956 0.02828 -0.27627 -0.00484 0.01093 0.13384 0.14134 0.15154 0.12086 -0.15285 0.01268 -0.22351 -0.15104 -0.06593 0.09619 -0.20958 -0.09345 -0.14104 0.28598 -0.00953 0.05049
0.07617 -0.19560 -0.15514 -0.01255 -0.06034 0.11647 -0.04883 -0.36482 -0.20705 0.07274 -0.13331 0.12542 -0.07502 0.24800 0.31680 -0.40320 0.01921 -0.00364 0.06056 0.22192 -0.20052 -0.12341 0.01539 -0.05590 0.06916 -0.15472 0.13427 -0.23266 -0.04795 0.14434 -0.08717 -0.23394 -0.03858 -0.14498 -0.10125 -0.00839 -0.27105 -0.09156 0.32052 -0.02474
0.25415 -0.31051 -0.31748 -0.22439 0.07397 -0.19840 -0.00272 0.13750 0.27592 -0.00061 -0.38377 0.12248 -0.01004 0.13618 0.25456 -0.14217 -0.30057 -0.13762 0.00362 0.35384 -0.28306 -0.13315 0.10666 0.03350 -0.06625 0.25757 -0.13838 0.09086 -0.29898 -0.09620 0.33018 -0.02137 -0.28758 0.26016 0.33718 0.35063 0.20826 -0.23457 -0.40499 -0.04397
0.14791 -0.17717 -0.07317 -0.23491 -0.00134 -0.07617 -0.09431 -0.07641 -0.10153 -0.12651 0.06647 0.35508 -0.23570 -0.01643 0.28225 0.28123 -0.02234 -0.17370 0.23796 0.22301 -0.34456 0.33896 -0.21038 0.21355 0.29658 0.32523 0.23571 -0.22542 -0.18510 -0.04868 0.08911 0.05558 -0.25870 -0.12438 0.13348 -0.08623 0.25173 0.00648 0.04159 0.16530
-0.04262 0.25429 0.18321 0.24999 0.37880 0.24844 -0.34828 -0.05183 0.29772 -0.39776 -0.38500 0.22910 0.15881 0.16656 -0.19526 0.17180 -0.14457 -0.43867 -0.45754 0.03717 -0.32688 0.10831 0.22200 -0.42055 0.24762 -0.16112 -0.20887 -0.52524 0.35345 0.24486 -0.17668 0.25644 0.23630 0.32973 0.26132 0.11954 -0.34219 -0.40851 0.28379 -0.03551
0.04594 -0.19751 0.22640 0.21003 -0.32398 -0.19029 -0.09001 -0.09866 -0.12609 0.05350 0.25919 0.05708 -0.06053 0.13716 -0.12143 -0.12047 -0.06246 0.22808 0.16162 0.27713 0.20458 0.09903 0.29252 0.05165 0.08586 0.33332 0.20671 0.20764 0.18359 -0.01879 -0.13827 -0.20721 -0.23927 0.13796 -0.18670 0.01315 0.07697 0.35826 -0.18562 -0.25699
0.04067 -0.26639 0.03775 0.12531 -0.17230 -0.04888 0.00511 -0.26359 0.08297 -0.01530 0.13742 -0.08804 0.12463 0.22890 0.16222 -0.11244 -0.03229 0.27905 0.12640 0.17746 0.05210 -0.21028 -0.00342 -0.23662 -0.08390 0.06516 0.13635 -0.27331 0.06341 0.25081 0.06655 0.13872 -0.16426 -0.08834 0.04919 0.07904 -0.11260 -0.11598 -0.09622 -0.16899
-0.22800 0.07089 0.07124 0.35634 -0.30660 0.14457 -0.00191 0.15692 -0.12974 0.24580 0.00810 -0.05434 -0.19613 -0.34190 -0.18352 -0.25421 -0.27801 0.43826 0.05510 0.22320 -0.18046 0.07212 0.40207 -0.25258 0.12226 -0.11073 0.31948 -0.00165 -0.05306 -0.47219 0.13896 0.09616 0.20241 0.21233 0.39871 0.04024 0.17033 0.15463 -0.03723 -0.05942
-0.27849 -0.24911 0.10771 0.03761 0.08198 0.13063 -0.25684 0.20588 0.36127 -0.16229 0.19328 0.17771 0.08221 0.02334 -0.01391 0.06919 0.31734 0.02923 0.02240 0.14413 0.06516 -0.00572 -0.06478 0.20629 0.27679 -0.09778 0.39086 -0.11208 0.06519 0.13103 -0.03366 -0.26586 -0.16664 -0.15796 0.15422 -0.14465 0.08764 -0.17855 -0.27930 0.39745
-0.13631 0.09757 -0.30280 -0.20600 -0.32712 -0.17838 -0.31787 0.38931 0.18173 -0.17956 0.48074 0.44993 0.06937 0.34094 0.09778 -0.22041 0.36102 -0.35881 0.28558 -0.04445 0.16964 -0.27209 0.15237 0.16703 -0.30523 0.10030 0.14366 -0.10970 0.45138 -0.04880 -0.10125 0.36672 -0.26780 0.01808 0.29706 -0.20370 -0.19826 0.08852 0.26580 0.30149
0.37260 0.24635 0.27462 -0.31902 -0.33849 0.03657 0.39783 0.18039 0.01145 -0.09273 0.25837 -0.11186 -0.33705 -0.25213 0.13211 -0.05402 0.31693 0.01111 -0.13267 0.36689 0.31533 0.07673 -0.34972 0.33266 0.17750 0.08244 -0.24823 0.11857 -0.25505 0.37443 0.13660 0.35759 0.12259 0.32856 0.11058 0.07482 0.04982 0.17895 -0.28858 -0.07220
-0.01068 -0.08904 -0.11340 -0.20587 -0.03810 -0.18819 -0.26577 0.00884 -0.35170 0.20055 -0.03669 0.04037 0.15932 -0.25531 -0.06266 -0.20723 -0.13561 -0.14735 -0.38709 -0.00075 0.14352 -0.11414 -0.16372 -0.07917 0.06630 0.18179 -0.20092 -0.18768 0.33489 0.26829 -0.18603 0.19187 0.45959 -0.26598 0.08063 0.19080 0.13305 0.15064 -0.34105 0.00880
0.05931 0.08772 -0.20230 0.26842 -0.31952 0.20576 -0.32388 -0.35010 0.19651 -0.30927 -0.10418 -0.39485 0.40468 0.35954 -0.09649 -0.09521 -0.09881 0.24368 0.22770 -0.11406 -0.04156 -0.12956 -0.26889 0.11188 -0.13697 0.12563 -0.23676 -0.11762 -0.22232 0.32585 0.06154 0.29348 -0.20882 0.09013 -0.24680 0.03178 -0.02290 0.31795 -0.21219 0.02096
-0.00379 0.03800 -0.21820 -0.30364 -0.17432 -0.04256 -0.20235 0.18334 0.22852 -0.01552 0.05945 0.01344 0.17654 -0.17789 0.12049 0.18369 0.21984 0.04077 0.08563 0.24737 -0.08279 -0.10900 -0.06366 0.19126 -0.18001 -0.03243 0.19674 0.14636 -0.18899 0.18814 0.22713 -0.02013 -0.20272 -0.16329 0.23312 -0.09320 0.07596 0.29034 -0.12726 -0.22215
0.03777 -0.23177 -0.18695 0.18762 0.17612 -0.27358 -0.07906 -0.17299 0.03096 -0.23172 -0.16025 0.15952 0.14536 0.19690 -0.02297 0.26722 -0.28740 -0.09430 -0.22767 -0.02204 0.02203 0.13164 0.39165 -0.03322 -0.09103 0.10550 0.07768 -0.10564 0.21129 -0.01435 0.32699 -0.22436 0.21162 -0.25470 0.17442 -0.09635 -0.03328 0.32146 0.28174 0.22479
0.37881 0.28101 0.26537 -0.01204 -0.04591 -0.28557 0.19068 -0.27231 -0.31330 -0.05641 0.31702 -0.10150 0.31546 -0.39733 0.08459 -0.15917 0.14093 -0.20013 -0.28526 0.31841 0.32326 -0.05870 -0.24319 -0.36076 0.30694 0.03435 0.25728 -0.03949 0.31624 -0.06473 0.07109 -0.25501 -0.47091 0.04443 -0.01707 -0.20381 -0.21711 -0.22824 0.20876 0.19493
0.20205 0.03817 -0.07467 0.00141 0.20890 0.03539 -0.35591 -0.05454 0.11569 0.28801 -0.26886 0.18015 0.03384 -0.29119 -0.30441 -0.04471 -0.14688 0.34810 -0.30710 -0.28343 -0.01163 -0.15959 -0.18177 -0.05765 0.07931 0.06660 -0.18571 0.11064 0.08250 0.21679 0.17812 -0.13248 -0.07559 0.31176 -0.00453 0.22917 -0.07058 0.12444 0.33699 0.12187
-0.22648 0.34835 -0.14221 0.16122 -0.00334 -0.33750 -0.11807 0.27928 -0.02471 0.27936 0.05547 -0.14822 0.39836 -0.09197 -0.12564 0.17950 -0.05219 0.08361 0.46186 -0.21803 0.15009 0.24335 -0.18790 -0.05893 0.36467 -0.32457 0.29906 -0.37018 0.36423 0.10925 0.25894 -0.08029 0.15263 0.05671 0.29488 -0.27082 -0.16088 -0.28819 -0.09725 0.33264
0.10758 -0.27995 0.05336 -0.36037 -0.01355 -0.07368 -0.12133 0.27786 0.11076 0.12072 0.13649 -0.04299 -0.02463 -0.28250 -0.34389 -0.02869 -0.29963 0.21245 -0.01738 -0.09163 -0.01510 -0.27625 -0.22458 0.29896 0.38323 0.40236 0.20732 -0.45942 0.23272 -0.14633 -0.14427 -0.27614 -0.23735 -0.11113 -0.22177 -0.31656 -0.26849 0.28859 -0.06235 -0.06871
-0.07682 -0.37597 0.32370 -0.22794 0.24965 -0.11301 -0.12848 0.20509 -0.10336 -0.32271 -0.39859 -0.38935 0.11181 0.06919 0.11802 0.12412 -0.28461 -0.23633 -0.00018 -0.17563 0.20331 -0.31240 -0.29529 0.27293 -0.37375 0.00436 -0.26658 0.05825 -0.26063 -0.31214 -0.17302 -0.37382 -0.40258 0.19731 0.03793 -0.09996 0.01875 0.33953 -0.42227 -0.31275
0.28902 -0.31295 -0.05968 0.18596 -0.01910 0.31297 -0.11293 0.40615 -0.31944 -0.19937 0.08499 0.14223 0.22251 -0.13975 0.17868 -0.20076 0.13391 -0.35092 -0.06788 -0.11047 0.16247 -0.16714 0.33526 -0.29335 -0.24448 0.17157 0.17574 -0.37531 0.16479 0.21081 -0.18578 0.02799 -0.19733 0.34647 0.18001 -0.21292 -0.39032 -0.17521 -0.02428 -0.20155
0.26615 -0.15902 0.17649 -0.11298 -0.00533 0.02233 0.03695 0.22935 0.05696 -0.12991 0.13540 -0.00287 0.20027 -0.05654 -0.01982 -0.10361 0.18814 0.05503 0.07829 -0.28584 0.23749 -0.07810 0.03296 0.14198 -0.29851 -0.17173 -0.15109 0.15465 0.15679 0.14611 0.12889 0.17452 -0.32907 -0.24007 -0.06534 -0.21535 -0.18214 0.20603 -0.33209 -0.11109
-0.05998 -0.25616 -0.24376 0.13876 -0.06083 -0.16914 0.10065 0.01281 -0.12051 0.12896 -0.26581 0.03418 -0.13579 -0.04920 -0.34998 -0.09726 0.04579 0.16711 0.22874 -0.08904 0.19416 -0.01109 0.11726 0.25683 -0.23138 -0.26353 0.26956 -0.18976 0.02080 0.16133 0.14735 0.14231 0.01298 -0.28514 -0.31298 -0.26979 -0.06569 0.14968 -0.20050 -0.28091
-0.18085 -0.13536 0.22896 0.24197 -0.15995 0.44921 0.07900 0.20682 0.10832 -0.15321 -0.27793 -0.21657 0.12136 0.17407 -0.04428 -0.08669 -0.24406 -0.27920 0.04144 -0.38159 0.32605 0.18905 -0.03592 0.19025 -0.18431 -0.19253 -0.14853 0.16183 0.11158 -0.26591 0.01507 -0.29115 -0.38998 0.46608 -0.20081 0.36230 0.15446 -0.37869 -0.32663 -0.27168
-0.17550 -0.21503 -0.08760 0.43822 -0.20185 0.35095 -0.12359 -0.42364 -0.11166 0.04590 0.30749 0.08963 -0.09287 0.09701 0.09830 0.16840 0.16407 0.39070 0.31551 0.28043 0.28789 0.10517 -0.01216 0.27607 0.30699 -0.33042 -0.25368 0.28249 -0.24733 0.31515 0.26538 0.47141 -0.08158 -0.20770 0.28991 -0.52591 -0.28450 -0.15637 -0.13448 -0.22661
-0.27324 0.34582 -0.02883 -0.09232 0.09497 -0.19923 -0.16426 0.32064 -0.07903 -0.04857 0.12250 0.44902 -0.47997 0.14833 0.31255 -0.00215 0.13812 -0.15947 -0.34630 -0.03409 0.00302 -0.13699 -0.17713 0.07775 0.00513 0.05210 0.18325 -0.02715 0.37572 0.40997 0.02857 -0.16601 0.43541 -0.41422 -0.40887 -0.05991 -0.21644 -0.08332 -0.13511 -0.16339
0.00248 0.06287 0.22596 0.12849 0.07276 -0.14505 0.25517 0.02117 -0.03258 -0.18237 0.22488 0.24702 0.16512 -0.15878 -0.11237 -0.24464 0.36228 -0.20651 -0.38274 -0.09924 -0.22251 -0.17575 0.21398 -0.04926 0.11964 -0.01714 -0.13586 0.06741 0.06632 -0.15305 0.16760 0.36426 0.36620 0.16908 -0.26302 0.03738 0.05421 0.40057 -0.02416 0.16048
-0.01648 0.03983 0.15213 0.13541 -0.20408 -0.18841 0.20930 0.06415 -0.12828 -0.00211 0.04240 0.24007 0.03931 0.12571 0.13863 0.20378 -0.20087 -0.01980 0.16230 -0.20179 0.18930 0.39687 -0.31884 0.09128 0.23369 -0.09681 -0.09071 0.00894 0.04210 0.02898 0.20095 0.20521 0.19200 0.24781 0.43040 -0.37745 0.01097 -0.18901 0.27035 0.36147
0.21178 0.08373 0.21072 0.10731 -0.24132 0.23950 0.12323 -0.09067 0.37743 0.19201 -0.18217 -0.32085 -0.36669 -0.07851 0.01716 0.09669 0.38266 -0.17369 -0.23797 0.25935 -0.02904 0.33837 -0.31821 -0.24410 0.02158 -0.35373 -0.09817 -0.32182 -0.09706 -0.20417 -0.16685 -0.11706 -0.07347 -0.07805 -0.17886 -0.00777 0.23106 0.29219 -0.09418 0.00518
-0.07598 -0.07437 -0.22791 0.15663 0.42724 0.19254 -0.25912 0.01797 0.11464 0.22325 0.23865 -0.27743 -0.16435 -0.04857 -0.08472 0.23347 0.34194 0.29083 -0.12369 0.14867 -0.39459 -0.21772 0.10282 -0.11114 0.08781 0.04651 0.20390 0.31420 0.23868 -0.18207 0.27260 0.24551 -0.21158 0.00690 -0.09536 -0.21692 -0.26600 0.10648 -0.10106 0.01903
0.02086 0.30424 -0.25717 -0.07194 -0.17814 -0.08739 -0.15278 -0.23908 -0.01812 -0.29496 0.00978 -0.02338 -0.03317 0.08673 0.03628 -0.08920 -0.29352 0.13358 0.05725 0.19760 -0.30629 0.24295 0.15492 0.40318 -0.34140 0.08664 -0.14343 -0.39450 0.22644 -0.01156 -0.01798 0.15772 0.00270 -0.33765 -0.11193 -0.21393 -0.19771 0.34129 -0.01868 0.31347
-0.27571 0.28198 -0.26808 0.19357 -0.01955 0.36628 -0.06069 0.45711 -0.02974 -0.21609 -0.35098 -0.10861 -0.15538 -0.01801 0.05961 0.07481 0.19087 0.35114 0.06691 -0.11244 0.03148 0.17667 0.11611 0.17767 0.10630 -0.10107 -0.28980 -0.02499 0.13507 -0.22839 -0.25769 0.23918 0.32364 -0.10621 0.19897 0.06125 0.00780 -0.30568 0.30585 -0.15341
0.31236 0.31073 -0.12734 0.16453 0.20648 -0.04156 0.02359 0.18744 0.21998 0.23961 0.21833 -0.05466 0.03663 0.07608 -0.02103 0.29240 0.01117 -0.13780 -0.14290 -0.28544 -0.18996 -0.31720 -0.29043 0.11201 -0.00449 -0.03639 -0.14143 0.12312 0.16306 0.01019 -0.18364 -0.05661 0.21699 0.22721 0.06062 -0.19883 -0.18960 0.22924 -0.25868 0.14784
0.01452 -0.03185 0.14501 0.27973 0.11713 0.15969 -0.24337 0.07519 -0.23461 -0.19042 -0.19930 0.25992 -0.00296 0.09714 -0.02181 0.06347 -0.05991 -0.04905 0.33815 -0.19040 -0.17411 0.12524 0.15643 -0.26173 0.18749 -0.30781 0.07353 0.28522 -0.06076 -0.16850 -0.08878 -0.19229 -0.20730 0.19039 0.00611 0.27577 0.01928 0.20500 -0.05429 -0.15812
-0.33097 0.15226 0.06774 0.28303 0.02314 0.04039 0.01080 0.00011 0.22298 -0.02261 -0.04247 0.17450 0.31705 0.20862 0.26332 -0.01984 0.08870 0.18374 -0.14618 -0.30416 0.16835 0.14304 0.11265 -0.07618 -0.36822 0.32652 -0.21496 -0.23766 -0.22414 0.07939 -0.18479 0.11685 -0.32413 -0.22446 -0.10366 -0.01120 0.12305 0.24804 -0.22350 -0.11281
-0.17353 -0.05414 -0.11328 -0.46490 0.01468 0.08035 -0.28321 0.07231 0.09789 0.01545 -0.17014 0.46774 0.33627 -0.26204 0.22765 0.05171 -0.18828 -0.02821 0.11672 0.02169 0.03099 -0.15828 -0.35615 -0.22172 -0.30311 0.24119 0.09974 -0.03752 -0.10708 0.22228 -0.19982 -0.05073 -0.01407 0.10590 0.07947 -0.17844 -0.08065 -0.14759 0.32089 -0.27588
-0.15371 0.07056 0.05846 0.11125 0.25162 0.16439 0.27358 0.18393 0.05867 -0.13784 0.43184 0.30084 -0.03934 -0.15382 0.08223 -0.18861 -0.22721 0.29408 -0.12049 -0.24795 0.34079 -0.13215 0.07174 -0.00901 0.25046 -0.09607 0.07380 0.22035 0.18176 0.06946 -0.09486 0.26648 -0.09671 0.29435 -0.00426 0.14113 -0.40499 0.26723 0.16846 0.37860
0.14143 -0.15929 -0.29328 0.24089 -0.02171 -0.31365 -0.08062 0.36064 -0.17259 0.00335 -0.30158 0.10400 0.08489 -0.33067 -0.23112 0.07058 -0.09710 -0.24936 0.32954 -0.13932 0.39823 -0.37126 0.27533 -0.09039 -0.26996 -0.22816 0.04673 -0.20185 -0.19692 -0.24839 -0.11055 0.01480 0.15902 -0.21570 -0.05814 0.06303 0.14279 0.20143 0.24919 -0.25172
-0.34429 0.18555 0.29732 0.01349 -0.00247 0.18031 -0.01940 0.33506 0.11869 0.35516 0.00675 0.13130 -0.08692 -0.18172 -0.05376 0.31059 -0.19033 0.14177 0.15443 -0.34172 0.39899 0.13835 0.32505 0.03965 -0.27785 -0.13527 0.18529 -0.19016 0.08222 -0.15250 0.26194 0.28138 -0.17036 -0.10180 -0.17714 0.43852 0.00380 0.09962 -0.04230 0.19476
-0.06885 -0.21461 -0.18874 0.02035 0.33721 -0.09969 -0.07256 0.06050 -0.10265 -0.23839 -0.27294 -0.10278 0.18819 -0.13818 -0.02370 -0.31153 0.27149 -0.37673 0.03214 0.10428 0.28399 0.30532 0.18735 -0.09615 0.16114 -0.06567 -0.18719 -0.36471 0.46931 0.12822 -0.32988 -0.14450 0.18995 0.00269 0.31838 0.31924 -0.05438 -0.34757 -0.04966 0.32201
0.16747 -0.10995 0.02521 0.11444 -0.10390 -0.26410 0.16116 0.24868 0.16288 0.04443 0.18432 -0.23009 -0.02243 0.05762 -0.36124 -0.15895 0.16799 -0.12333 0.15426 -0.22247 0.50248 0.30834 -0.08120 -0.05297 0.18239 -0.24266 -0.19361 -0.07321 -0.19084 -0.02853 -0.14848 0.38328 -0.15721 -0.31680 -0.29080 -0.29099 0.16079 0.25176 -0.18452 -0.06560
0.28936 -0.24746 0.05187 0.34133 0.31939 0.06597 -0.21053 0.12735 -0.15670 0.21199 0.17261 0.13910 0.16242 0.01780 -0.02632 -0.09993 0.14447 -0.35610 -0.27291 -0.25547 -0.05940 -0.00053 0.34188 -0.15417 0.39980 0.20008 -0.16532 -0.05558 0.07700 -0.21616 -0.07896 0.22842 0.40246 0.32196 0.15095 -0.12341 -0.11862 -0.17315 0.22876 0.12354
0.02865 0.37603 0.21408 -0.15874 0.19259 0.31380 -0.23966 0.28173 -0.20122 -0.20897 -0.34162 -0.31125 -0.26873 0.07732 0.08844 -0.01964 -0.32631 -0.32039 -0.23996 -0.27909 -0.29346 0.25174 0.03647 0.13392 0.22636 -0.25704 0.31925 0.25042 0.02496 -0.11718 0.12639 -0.19639 0.07416 -0.26281 -0.16158 -0.15280 0.02161 0.40075 -0.37898 -0.12799
-0.11566 0.00831 -0.15592 -0.00005 0.14402 -0.20225 0.12878 -0.06144 0.09112 0.10897 -0.20263 0.07104 0.09220 0.01369 -0.03592 -0.01322 0.28461 -0.16122 -0.27990 -0.27228 -0.37195 0.40152 -0.04124 -0.23683 -0.07779 0.18363 -0.00176 -0.02211 0.10899 -0.26657 -0.30456 -0.13439 -0.13381 0.05965 -0.02857 -0.19632 0.30933 0.12950 -0.35632 0.13017
0.28499 0.25580 0.17088 0.23229 -0.30840 0.20713 -0.14473 0.30387 0.04396 0.40836 0.22813 -0.10189 0.24059 -0.05178 0.14080 -0.00467 0.33984 0.08689 -0.11565 -0.27765 0.37490 0.31522 -0.21160 -0.21725 -0.30965 0.19380 -0.17236 -0.16236 -0.18632 0.10761 -0.08468 0.29888 0.09195 0.29917 0.06283 -0.31792 0.17666 -0.24910 0.19942 -0.02894
0.23056 -0.07560 -0.14439 -0.17227 0.24883 0.14539 0.18012 -0.35376 0.02028 -0.12003 -0.00131 0.21898 -0.07092 -0.21125 0.03976 0.10242 0.27342 -0.33382 0.02391 0.16858 -0.11952 -0.14062 0.30634 -0.24975 0.02627 -0.24856 -0.02414 -0.20819 -0.19413 -0.07743 0.30056 -0.08376 0.10252 0.00104 0.33428 0.31241 -0.25550 0.22395 0.32952 0.22451
0.09141 -0.06772 0.23834 -0.17450 -0.10885 0.29454 0.10189 0.18131 -0.35489 0.42443 0.26679 -0.00482 0.16996 -0.40111 0.01320 0.18361 0.30268 0.10702 0.35834 0.23314 0.20365 -0.27168 0.08343 0.34713 -0.15692 -0.25746 -0.29367 -0.30314 0.04772 -0.00796 -0.33036 -0.30003 -0.42430 -0.23753 0.13367 0.25752 0.21652 -0.25544 -0.08839 0.14060
-0.15639 0.33908 0.21338 -0.30034 -0.13492 -0.14852 -0.31880 -0.16416 -0.00714 0.12497 -0.32785 0.38626 -0.13308 0.25491 -0.31754 0.03695 0.22896 0.07651 0.15620 -0.41444 -0.02864 -0.14171 -0.32756 0.26657 -0.24974 -0.38457 -0.03205 0.04550 -0.12295 0.00911 0.28482 -0.16358 -0.14438 0.16432 -0.17811 0.02544 0.35963 -0.25005 0.32454 0.03325
0.18416 -0.06139 -0.35512 -0.04034 0.30223 -0.12234 -0.04165 -0.01573 -0.08276 -0.24747 -0.22564 -0.14542 0.24394 -0.35452 0.24508 -0.14885 -0.21160 0.13637 0.21708 -0.45752 -0.20489 -0.41547 0.20816 0.34574 -0.11584 -0.25255 0.06167 -0.30909 0.39462 0.28270 0.26794 -0.14715 0.29158 0.26415 0.04672 -0.33211 0.00376 -0.13052 -0.08050 0.17663
-0.03571 0.20007 -0.03198 0.04662 0.15253 0.31261 -0.05771 -0.22163 0.18815 0.12307 0.08170 -0.23775 0.18758 0.01146 0.50266 -0.20820 0.26646 0.03482 0.31230 0.35704 -0.28720 -0.14981 0.02338 -0.04405 -0.30332 -0.17710 0.18167 -0.14119 -0.21637 0.21585 -0.22272 -0.24534 -0.01092 0.16713 -0.16627 0.00215 -0.39542 0.38596 0.23727 0.08705
-0.18049 -0.04916 0.00962 -0.17591 -0.10792 -0.06609 -0.12884 -0.06678 0.30681 0.06988 0.18455 -0.13637 0.12477 0.19865 -0.01396 0.09795 -0.00495 0.10362 -0.19401 0.31225 0.24269 0.20426 0.00975 -0.09897 -0.25207 0.27429 -0.14292 -0.23910 -0.11130 -0.05420 0.18988 -0.16920 0.22143 -0.23576 -0.26961 0.17706 -0.18106 0.31505 -0.19762 -0.30913
0.02207 0.20550 0.23474 -0.02948 -0.03405 -0.19836 -0.01461 -0.33882 -0.04101 0.17073 -0.11946 -0.24556 -0.17586 -0.17027 0.32101 0.29357 -0.30815 -0.03996 0.16401 0.35943 0.07353 -0.35227 0.11011 -0.20944 0.03246 0.32096 -0.09777 0.10767 0.07759 -0.20387 -0.13921 0.00216 -0.21399 -0.10115 0.12251 -0.25297 -0.18664 -0.33203 0.15680 0.19643
-0.29315 0.10867 -0.36509 0.29511 0.02630 -0.01094 0.23024 0.01419 -0.11530 0.10022 0.43073 0.06031 0.01920 -0.20980 -0.35678 -0.18861 0.25161 -0.12931 0.17673 0.07561 -0.24440 0.19652 0.31303 0.17017 0.21958 0.08744 0.19369 -0.17702 -0.01679 0.16121 -0.37283 -0.00615 0.12846 -0.08614 0.04169 -0.21236 0.29640 -0.19062 0.01302 -0.04293
0.33218 -0.27601 0.12439 0.42388 0.06112 -0.19059 -0.07895 0.37014 0.01115 -0.00877 0.14733 -0.15448 0.36833 0.01313 0.24641 0.18977 -0.22572 -0.05015 -0.04242 -0.00736 -0.00134 -0.12926 0.27275 -0.00839 0.05666 -0.00669 -0.34941 0.39423 -0.18624 0.00301 -0.47511 -0.25616 0.23011 0.00861 0.01114 0.40199 -0.05586 0.15786 0.19266 0.01905
0.20890 0.10507 -0.12625 -0.16338 -0.03831 0.01901 -0.15907 -0.07614 0.04773 0.01096 -0.27636 0.33556 0.02475 0.14384 -0.02746 -0.05681 0.16696 -0.16653 0.37903 -0.14682 0.09009 -0.23007 -0.01228 0.17039 0.01260 -0.30587 -0.19449 0.04394 0.30034 0.13131 0.29559 0.14335 0.21182 0.18110 0.07669 -0.25034 0.26220 -0.30131 -0.13460 0.06766
-0.10173 0.29548 0.32536 -0.33554 0.15276 0.08895 -0.28468 0.01317 0.02304 -0.25703 -0.39222 0.15425 -0.28448 -0.12123 0.23241 -0.21886 -0.21313 0.10363 0.12662 -0.06793 0.01555 0.26747 0.27381 0.29859 0.00757 -0.14599 -0.36379 -0.27476 -0.02202 -0.02921 0.09794 0.35641 -0.34266 0.20155 -0.22930 0.14802 -0.16852 0.16339 -0.45012 0.27322
-0.06163 0.07964 0.13627 -0.13506 -0.35758 0.24052 -0.11563 0.04358 0.32278 0.48415 0.08961 0.19430 -0.20354 -0.23685 -0.00015 -0.11621 -0.08666 -0.15421 0.16638 -0.12350 -0.35729 0.22808 -0.38950 -0.10024 0.20237 0.32276 -0.07671 0.29262 0.06358 0.01755 -0.15606 -0.11853 0.15563 0.22695 -0.18420 -0.14518 -0.07221 0.16941 0.28682 0.28164
-0.01428 0.33735 0.26642 0.04549 0.04370 0.31442 0.12992 -0.16403 0.16094 -0.04494 0.23816 0.33468 -0.16687 0.22229 -0.05895 -0.31020 -0.46986 0.02661 -0.30515 -0.07396 0.19088 0.07255 -0.12016 0.19918 -0.25690 0.02512 -0.24260 -0.28960 0.25974 -0.03025 0.24229 0.02678 -0.15880 -0.14378 -0.29942 -0.22511 -0.12989 0.16629 0.05123 0.36925
0.09604 0.02738 0.06622 -0.27663 0.26709 -0.20691 -0.25509 -0.33994 -0.14922 -0.02604 0.22132 -0.02484 -0.14652 0.02764 0.23375 -0.21928 0.03347 0.22089 -0.04373 -0.13642 -0.02743 -0.41361 0.00551 0.21126 0.09771 0.33577 0.29462 -0.16389 -0.35594 -0.04234 -0.22048 0.22988 -0.15548 -0.03714 0.14787 0.31340 -0.19294 0.28903 0.41754 0.39433
0.20216 -0.35407 -0.19925 -0.10446 -0.21319 -0.12020 -0.14279 -0.00210 0.17580 0.17492 0.19717 -0.38619 -0.10225 -0.07370 -0.39729 -0.00606 0.32484 -0.09014 0.24934 -0.11176 -0.10373 -0.12335 0.16163 0.09761 0.18043 0.21921 -0.24026 -0.08480 0.28024 -0.12808 -0.23110 -0.02497 -0.31108 -0.22410 0.13726 0.04997 -0.27644 -0.00435 -0.05841 -0.28984
-0.05010 -0.10709 -0.01941 0.37393 0.05206 0.19424 0.01322 -0.03880 -0.03390 0.00605 0.15825 -0.02114 0.23354 -0.04129 0.28128 0.32737 0.30182 -0.06062 -0.19694 0.18412 0.21717 0.04180 -0.08485 0.12227 0.07261 -0.03484 0.23707 -0.03271 -0.17676 0.18638 0.16546 -0.02197 -0.03592 0.11495 0.00849 0.26488 0.08234 -0.00614 -0.22313 -0.19273
-0.41059 -0.17778 -0.31361 -0.32836 0.37094 0.14053 -0.14071 0.28347 -0.25819 0.36310 0.26186 0.11489 -0.40621 0.06480 0.42119 -0.13305 0.31255 -0.42378 -0.11302 -0.29434 0.25690 -0.08141 -0.37459 0.07157 0.10324 0.30284 -0.19651 -0.16452 -0.27248 -0.29404 -0.20829 -0.26372 0.10510 -0.24532 0.18941 -0.11520 0.15263 -0.05489 0.06344 0.15968
0.00956 -0.19058 0.43494 -0.13825 0.36533 0.22541 -0.25304 -0.25738 -0.26490 -0.20524 0.14604 -0.17411 -0.28539 0.26138 0.12137 0.12679 -0.06238 -0.21462 -0.05876 -0.15477 0.08276 -0.05040 0.10773 0.29968 0.33906 0.03074 -0.35028 0.16467 -0.17491 -0.19737 -0.24713 0.01459 0.06804 0.05187 -0.11705 -0.18604 0.24803 0.22910 -0.13716 -0.05288
-0.26933 0.11397 -0.33077 -0.08077 -0.06805 0.12589 0.18159 -0.10105 -0.00947 -0.23446 -0.43234 0.06285 -0.31835 -0.36128 -0.05381 0.01419 0.31378 -0.27431 -0.37092 0.10259 0.36743 -0.33489 -0.33116 0.24275 -0.18234 -0.08011 -0.09902 0.23095 -0.02005 0.46934 -0.34053 -0.00115 0.23932 0.35953 0.44987 -0.07650 -0.42011 -0.00884 -0.19824 0.16547
-0.14308 -0.23466 0.09618 0.19820 0.14603 -0.27578 0.06206 -0.15057 -0.25253 -0.17060 -0.18277 -0.18704 -0.28857 -0.09904 0.10222 0.13375 0.11813 -0.25162 0.38292 -0.16654 -0.17990 -0.16910 0.21285 -0.04252 0.25880 -0.27124 0.00036 0.19272 0.16473 -0.01330 -0.06064 -0.05199 -0.05763 -0.26143 0.01442 -0.18562 0.16860 -0.00403 0.28677 0.24722
-0.30247 -0.13366 -0.18558 -0.23398 -0.21617 -0.21100 -0.21135 -0.10393 -0.12936 -0.00405 0.22726 0.23984 0.29587 -0.03130 0.40641 -0.28704 0.29783 -0.14508 -0.06739 0.31645 -0.20635 -0.15127 -0.04203 0.18863 -0.25594 -0.35496 0.25896 -0.05986 -0.12798 0.38116 0.31684 0.06539 0.22344 -0.11617 0.33208 -0.41747 0.13143 0.11095 0.49853 0.25832
0.22355 0.29266 0.27178 0.29015 -0.27417 -0.00686 0.13741 -0.03802 0.05083 -0.33989 0.00534 -0.18485 -0.41900 -0.30983 0.20089 0.02535 0.16589 0.21218 0.31350 0.33572 -0.06715 0.22322 0.15790 -0.11051 -0.27025 -0.22372 -0.01788 -0.06129 -0.19596 -0.18805 0.08787 -0.15011 -0.31566 0.38134 -0.35231 -0.23349 -0.01380 0.32472 -0.03483 0.43378
