0.21812 0.23566 -0.19465 -0.07757 -0.06621 0.12653 -0.25486 0.15882 -0.36118 -0.21071 0.21618 0.14348 0.06719 -0.30200 -0.15923 0.33481 0.03708 0.24457 -0.09991 -0.09427 0.01014 -0.21035 -0.15645 -0.07910 0.22092 -0.14243 -0.30736 0.00909 0.28888 0.25982 0.06870 -0.03809 0.02126 0.11139 -0.13558 -0.04358 -0.17656 0.14889 0.18797 -0.05799
-0.21341 -0.34379 -0.06407 -0.08003 0.18967 -0.39832 0.05066 0.08986 -0.20499 -0.00372 0.01330 0.41051 -0.16262 0.12003 0.04956 -0.13642 -0.26093 -0.44485 -0.07806 0.02731 0.42368 0.34485 -0.12356 -0.13992 0.01086 -0.28538 -0.36864 0.03978 -0.14314 -0.39967 0.02992 0.33326 0.23031 -0.29366 -0.09602 0.21466 -0.29065 0.31100 -0.24228 0.25430
-0.08839 0.15385 0.11124 0.37023 -0.12014 0.19844 0.20961 -0.47174 0.42089 0.18765 0.08456 -0.10034 -0.27074 -0.03410 0.01033 -0.07247 0.31864 -0.01000 -0.28437 -0.10265 -0.30483 0.03113 0.22112 -0.04320 0.39136 0.21152 -0.01871 -0.08149 0.11355 -0.40358 0.06303 0.09920 -0.12678 -0.14572 0.29235 -0.10257 -0.18347 -0.04199 0.07374 0.15069
-0.40566 -0.04395 -0.09221 -0.03319 0.05763 -0.16433 -0.23543 -0.28926 -0.11003 0.14969 0.11003 0.16461 -0.01867 0.14402 -0.05229 0.02171 -0.28516 -0.00624 -0.19023 -0.38780 -0.18682 0.07911 0.08868 -0.29460 0.01623 -0.08796 0.17113 0.21644 -0.28244 -0.04264 -0.16328 0.15406 -0.17798 -0.13211 0.32844 0.06231 0.04331 -0.26794 -0.03553 0.09168
0.13830 -0.26851 -0.34393 -0.28200 -0.25795 -0.22808 -0.18736 -0.37773 0.10470 0.19265 0.36311 -0.03189 0.19741 -0.03922 0.23414 0.34823 -0.19108 0.11683 -0.20097 -0.13530 -0.28881 0.30932 -0.18200 -0.38641 0.18070 -0.21734 -0.36105 0.08557 -0.19531 0.08852 -0.15754 0.12079 0.32706 0.18297 -0.03834 0.22328 0.44024 -0.02009 -0.33997 0.10886
-0.15210 0.08933 -0.04855 0.25289 -0.00675 -0.32992 -0.10567 0.09235 0.00774 0.25056 -0.12151 -0.06514 0.02250 -0.07414 0.39446 0.21235 -0.20609 0.22705 0.05497 -0.17223 -0.07884 0.10347 0.03747 0.30865 -0.28283 0.20418 -0.10965 -0.20463 -0.01860 -0.08512 0.24904 -0.14628 -0.15807 0.25708 0.29655 0.26559 -0.09429 0.29824 -0.24105 0.35153
0.40940 -0.34074 -0.01237 -0.36412 0.05969 -0.32759 0.46040 -0.42488 0.06496 0.42784 0.04836 -0.23617 0.23224 0.15109 0.33464 0.20876 -0.39044 -0.33545 0.40079 -0.30863 0.17666 0.41701 0.17508 -0.22537 -0.04647 0.39400 0.40093 0.01238 0.33133 0.25676 0.31910 -0.13318 -0.46421 -0.06635 -0.17476 -0.03137 0.06447 -0.29045 0.27508 0.27939
0.18806 -0.15366 -0.22024 -0.35131 0.40524 -0.28092 0.28662 0.20080 -0.33497 0.18621 0.15870 -0.26940 0.13287 0.28694 -0.24782 0.43364 0.06066 0.01279 0.03758 0.19641 -0.25020 -0.10449 0.18900 0.34691 0.39217 0.15064 0.29149 0.14302 -0.13502 0.22415 -0.08467 0.31264 -0.20284 0.06735 0.03157 0.08472 -0.10403 0.26139 0.03304 0.34358
-0.17257 -0.16884 -0.01826 -0.26968 0.34276 0.21385 0.17378 -0.09262 -0.41122 -0.31848 0.17870 -0.26853 0.08946 -0.37025 -0.08562 0.42487 -0.10953 0.18338 -0.04237 -0.23649 -0.02486 -0.17734 0.18490 -0.35742 -0.08523 0.27286 -0.38908 -0.07194 0.37809 -0.06831 -0.24134 0.10213 0.29285 -0.19482 -0.02349 -0.42720 -0.06339 0.18947 -0.23916 -0.22670
0.18346 0.30247 0.18841 -0.36049 -0.25738 -0.35426 -0.28556 -0.24690 -0.34356 0.11529 -0.02326 0.34306 -0.13928 0.13786 -0.09380 -0.29087 -0.30621 0.19577 -0.30704 -0.23630 -0.25899 0.35605 0.03227 0.38359 0.16681 0.14879 -0.22713 0.39385 -0.41214 0.17315 -0.33091 0.13266 0.03293 0.10460 0.36382 -0.05595 0.29889 0.04308 0.34353 -0.31447
0.29449 -0.39443 0.28008 0.09508 -0.02914 0.02449 -0.11986 -0.13063 0.13590 0.06169 0.23444 0.16809 0.21394 -0.22603 0.32158 -0.07108 0.11365 -0.11886 0.24397 -0.03222 -0.23778 0.18396 -0.33248 0.02814 -0.13456 -0.37834 0.22988 0.28354 -0.01557 0.24472 -0.07834 -0.21928 -0.18647 0.29103 -0.07772 -0.28989 -0.20446 0.00687 0.07618 0.00129
-0.27084 -0.30032 -0.25771 -0.14761 0.27710 -0.04079 -0.23917 0.31537 0.11155 0.37737 -0.24043 0.05822 0.06888 0.30138 0.18120 0.04398 0.23316 -0.36792 0.23604 0.24288 0.07766 -0.26306 0.17602 0.05702 0.14253 -0.01102 0.06173 0.35706 0.24708 0.33556 0.21528 0.30598 0.14555 -0.05072 -0.36122 0.04175 -0.16891 -0.37478 0.25884 0.00171
0.16546 0.35280 0.01168 0.11702 -0.31633 -0.33235 -0.35094 -0.15291 -0.24204 -0.27967 0.04609 -0.27030 -0.21088 -0.26759 -0.21702 0.16425 0.21146 -0.00307 -0.42784 -0.01600 0.19737 0.15083 -0.13368 0.22666 0.28218 -0.08341 -0.12875 -0.17470 0.24982 0.07701 -0.10244 -0.03925 0.18748 0.01570 0.32774 -0.20959 -0.24523 0.24810 0.13667 -0.02688
0.01563 -0.04581 -0.09560 -0.36351 -0.17300 -0.12570 -0.14876 0.03907 -0.19972 -0.22840 0.22844 -0.54934 -0.15899 -0.06508 -0.02119 0.09196 -0.15138 -0.10029 -0.04440 -0.33999 -0.20601 0.27156 -0.14110 -0.27439 0.04248 -0.26632 0.22251 -0.19188 -0.11011 0.16221 -0.30018 -0.13627 0.21030 -0.11589 0.26208 -0.14327 0.04800 -0.03589 0.03739 -0.10737
0.33658 -0.39522 -0.40703 0.21526 -0.29981 -0.20817 -0.45413 0.30369 -0.39549 0.04771 -0.37006 0.01209 0.29460 -0.13713 0.34599 -0.16783 0.21775 -0.17002 -0.00875 -0.17752 0.03625 0.12514 0.22320 0.24078 -0.45273 -0.10195 0.20930 0.11391 -0.20895 0.07867 -0.21960 -0.02306 0.06685 -0.26091 0.37520 0.34655 0.21505 -0.45981 -0.11946 -0.39226
-0.02852 0.43021 -0.14581 0.21832 0.17732 0.22706 0.36098 0.04583 0.20922 0.14555 0.10990 0.13553 0.02499 -0.15388 0.25040 -0.14194 -0.21732 -0.35748 -0.47929 -0.24599 0.02193 0.11164 -0.11408 -0.14827 -0.09945 -0.44542 -0.14025 0.08930 -0.13344 0.01940 -0.10317 -0.01150 0.15208 0.36798 0.11591 -0.13461 -0.21873 -0.22348 -0.33562 -0.23910
-0.23230 -0.16258 -0.29024 0.31768 -0.16120 0.09417 0.05584 -0.35860 -0.02891 0.28072 0.18222 -0.00346 -0.37519 -0.02196 0.07342 0.15954 0.00629 -0.30058 -0.17534 0.04176 -0.32565 -0.30211 0.24315 -0.03525 -0.26409 -0.09478 -0.07535 0.17604 0.13316 0.20173 0.25827 0.28450 0.03681 0.14729 0.19575 0.37618 -0.06955 -0.12473 -0.16035 -0.17981
-0.16949 0.19175 0.16815 -0.25180 0.19634 -0.05707 -0.19960 -0.06872 0.17213 0.15970 0.12668 0.32850 0.35458 -0.16827 0.27443 -0.23361 -0.11274 0.13228 -0.21508 -0.00402 0.20098 0.13389 -0.28123 0.12547 -0.25764 0.26197 -0.13938 -0.15057 0.22796 -0.32424 0.32328 0.06886 -0.17040 0.28361 0.27430 -0.13223 0.14004 0.09931 -0.10832 -0.20296
-0.11648 -0.00081 -0.25931 -0.04419 0.10626 0.19186 0.00033 0.04671 -0.07975 -0.03915 -0.29855 0.21188 -0.10994 0.07447 0.19632 -0.11495 0.21721 -0.09555 0.23393 -0.14273 -0.03476 0.29346 -0.22438 -0.09430 0.01496 0.20019 -0.24431 0.15473 0.15169 -0.12167 -0.01185 0.14285 0.15572 -0.22244 0.13959 -0.16032 -0.34040 0.05636 -0.06654 -0.12905
0.25426 0.31483 0.05441 0.05544 -0.15953 0.02207 -0.01113 0.02485 -0.10612 0.24676 -0.07893 -0.31320 0.41758 -0.05258 -0.35827 0.08198 0.13817 -0.05368 -0.10856 0.35219 -0.09782 -0.25232 -0.28866 -0.15771 -0.31198 0.08285 0.16354 0.07707 -0.32442 -0.04201 0.04533 0.00782 -0.14519 -0.28493 -0.19884 -0.17205 -0.01635 -0.05740 -0.21074 -0.15833
0.19317 0.12982 0.25705 0.06172 -0.26213 -0.16241 -0.32670 0.02173 0.15162 0.04176 0.32310 0.04097 -0.12338 -0.33687 0.00315 0.35038 -0.13041 0.31290 -0.20520 0.06561 0.14408 -0.07918 -0.21976 0.03526 -0.23773 0.10402 -0.08043 -0.09488 0.24211 0.05270 0.03004 0.03714 0.18403 -0.22418 0.21681 -0.05855 -0.31630 -0.12890 0.14652 0.08922
-0.02851 -0.08732 -0.27851 0.17754 -0.12753 -0.31426 0.20436 -0.38474 0.30037 0.32230 -0.19508 0.08227 0.03213 -0.03181 0.27679 0.20717 0.32494 0.48656 -0.19085 0.33953 0.04097 0.19932 -0.19214 0.30310 0.16607 -0.07674 -0.32278 -0.08754 -0.05112 0.03809 0.33435 -0.24460 -0.23947 0.04755 -0.01476 0.18941 -0.23554 -0.13439 0.13211 -0.36652
0.18004 -0.40025 -0.22507 -0.35003 0.23455 0.16374 0.31915 -0.19021 -0.32290 -0.29136 0.02710 0.36944 0.38024 0.04083 -0.18581 -0.47620 0.12012 0.14860 0.06715 -0.24756 0.23519 -0.39860 -0.18969 0.29185 -0.13967 0.16944 -0.00554 0.27217 -0.04953 -0.29436 -0.02851 0.10573 0.06381 -0.24495 0.20755 0.07043 -0.23975 0.32774 0.22810 0.32688
-0.15059 0.14156 0.32991 -0.14572 0.18845 0.01464 0.26206 -0.01936 -0.34876 -0.29612 0.01778 0.11121 0.16187 0.34874 0.38769 -0.34529 0.07878 0.32635 0.37264 0.20390 -0.30486 -0.17304 -0.17263 0.09885 0.01930 0.16549 0.22855 0.07930 0.16844 -0.08343 0.15913 0.10866 0.18519 -0.22447 -0.26499 0.15616 0.11404 -0.29080 0.21417 -0.21963
-0.08333 0.16287 0.08564 0.20417 -0.16517 -0.15143 0.14375 -0.08282 0.05483 -0.10718 0.18553 -0.23024 -0.08786 0.15821 0.06433 0.05214 0.33092 0.11994 -0.00340 0.39348 0.00687 0.22445 0.11618 -0.05737 -0.04048 -0.03108 0.14531 0.01233 0.38659 0.04887 0.03708 0.30224 0.15018 0.00317 -0.29296 0.10529 -0.30418 -0.29189 -0.03311 0.15076
0.22850 -0.13588 -0.04570 0.19175 -0.14398 -0.13054 0.39573 -0.30595 0.03580 -0.03382 -0.06129 0.04893 -0.09377 -0.07711 0.24630 -0.04080 -0.31122 -0.09757 0.16855 0.01304 -0.34801 -0.36563 0.16263 -0.22398 0.07654 -0.28115 -0.17118 -0.17613 -0.03156 0.26624 -0.16346 -0.01539 0.12537 -0.32851 0.35008 -0.29867 -0.14530 0.11529 0.04232 -0.00819
0.09759 -0.29284 0.24318 0.04663 -0.15639 -0.00762 0.28488 0.09873 0.25796 0.04510 -0.09634 0.10423 0.04478 0.14923 0.07440 -0.09669 -0.13450 0.08095 -0.15561 -0.19587 -0.22121 -0.26752 0.30882 0.10031 0.14406 -0.07222 -0.01611 0.03732 -0.31618 0.19694 -0.04281 0.33102 0.11077 -0.29327 0.03555 -0.09532 -0.22349 0.08689 -0.02376 -0.06115
0.07809 0.11812 -0.17752 0.18987 0.08028 -0.13636 -0.03033 -0.23432 -0.18642 -0.24540 -0.36323 0.05830 0.23091 -0.17933 -0.05270 0.04345 0.29869 -0.13550 0.12707 -0.04251 0.21372 -0.17027 -0.18828 0.24036 -0.14108 0.17889 -0.18956 0.03623 -0.21046 -0.32496 -0.09263 0.15284 -0.15560 0.30810 0.07417 -0.04638 0.26947 0.08740 0.16797 0.27231
0.28127 0.21806 -0.27607 -0.29294 -0.09543 0.29094 -0.16295 0.11513 -0.35735 0.21919 -0.18585 0.30571 0.12843 -0.03580 -0.09470 0.16792 -0.23150 -0.18167 0.07913 -0.03693 0.19681 -0.09316 -0.16451 0.05111 0.30810 -0.03801 0.16852 0.14877 0.03792 0.27238 -0.15395 -0.17664 -0.02498 -0.24023 -0.13618 -0.24854 0.08093 0.22049 -0.16099 0.06348
0.22342 0.03516 -0.07975 -0.08795 -0.19813 0.20372 -0.18335 -0.19710 0.25426 -0.00945 -0.17771 0.20283 0.23144 0.16585 0.07806 -0.17618 0.18673 -0.10960 0.04721 0.24435 -0.29540 -0.38579 -0.06374 0.07828 -0.10826 -0.03744 -0.16838 0.18812 0.42886 0.11981 0.21564 -0.06989 -0.32875 -0.04589 0.05713 -0.21393 -0.40090 0.14799 0.13803 0.04567
-0.19515 0.20114 0.06402 0.00786 -0.19622 0.07482 0.21523 0.00309 0.35867 0.34144 0.22069 -0.27457 -0.13750 -0.19611 -0.29129 -0.28565 0.29815 0.22207 0.23444 -0.38256 0.05571 -0.25317 0.14917 0.06808 0.02196 0.35499 0.12748 0.33303 -0.06664 -0.07887 -0.28277 0.36071 0.12468 -0.26964 -0.04310 -0.08332 -0.20597 0.07132 -0.14342 0.09759
-0.18491 -0.20601 -0.28601 0.14049 0.34688 -0.24081 -0.20623 -0.19696 -0.28384 -0.12861 -0.36965 -0.10918 -0.05299 0.15656 -0.17410 0.16787 -0.19760 -0.20788 0.28723 0.06549 0.29905 -0.33776 -0.09544 -0.03194 0.09945 0.41788 -0.07089 -0.11233 0.28242 -0.16232 -0.13297 -0.09129 -0.30309 0.24101 -0.03559 -0.15554 0.19274 -0.18750 0.40754 -0.40491
-0.01693 0.27852 -0.09473 0.07208 -0.05577 -0.25067 0.00963 0.40884 -0.14373 -0.02836 -0.25151 -0.14339 0.18963 0.03290 0.19814 -0.22375 0.32909 0.01076 -0.16959 0.02705 0.23324 -0.12663 0.15419 0.05220 -0.31255 0.12938 0.11499 -0.24943 -0.07370 -0.30101 0.17407 -0.24545 -0.02113 0.30908 0.05454 -0.00134 -0.11950 0.16535 -0.01514 0.11709
0.20152 0.06591 0.23182 -0.29344 -0.19517 0.09536 0.29382 0.04514 -0.23730 -0.16951 -0.31012 -0.14281 0.18762 -0.32766 0.35969 0.19175 0.23465 0.09933 0.08841 -0.27335 0.21954 0.28734 0.18355 -0.14667 0.14163 -0.21578 0.25676 0.32595 -0.26494 -0.31136 -0.04017 0.11092 0.13975 -0.00267 -0.13901 0.21955 0.25506 -0.06581 0.30614 -0.31597
0.18541 -0.14812 -0.10529 -0.18146 0.31927 -0.19996 -0.36674 0.27221 0.26956 -0.01640 0.03646 0.31265 -0.42348 -0.21057 0.18236 -0.03573 0.21106 0.37701 -0.38697 -0.23816 -0.27548 0.27288 0.01151 0.05209 -0.03483 -0.23147 -0.24321 0.29547 -0.17972 0.10862 0.24938 0.01001 0.38766 0.29250 -0.25302 -0.10558 0.41135 -0.11318 -0.06304 0.32862
0.30062 -0.07612 -0.08438 -0.36317 -0.14652 0.14355 0.09484 0.10841 -0.01489 0.22829 -0.10295 0.00717 -0.08309 -0.11069 -0.06216 -0.07855 0.22876 0.11558 -0.21289 -0.04597 0.24897 0.24894 0.09223 0.15214 0.18681 0.17963 -0.25416 0.07924 -0.15304 -0.05845 0.00137 0.05627 0.13226 -0.18661 -0.20468 -0.31133 0.08685 0.17986 -0.25022 0.29823
0.08772 -0.05491 -0.02822 0.11436 -0.12053 -0.16034 0.16050 0.25636 0.16797 -0.26857 0.10434 0.07168 -0.18000 0.22460 0.23471 -0.11113 0.05507 -0.26976 0.11255 0.18985 -0.11256 -0.46069 0.14085 -0.00889 0.09505 -0.24143 -0.08452 0.17185 -0.27447 0.12063 -0.06780 -0.11667 -0.22762 0.03716 -0.00564 -0.04910 0.02021 -0.26030 0.18226 0.19744
-0.02397 0.20918 0.29718 -0.37123 0.14877 -0.13435 0.02073 -0.23454 -0.06339 -0.17662 0.32358 -0.08088 0.13845 -0.15995 0.27670 0.24945 0.30350 -0.26654 0.13616 -0.19231 -0.01440 -0.22182 0.22072 -0.13592 0.13711 -0.03801 0.17722 0.27493 -0.21866 -0.10757 0.32731 0.16056 -0.16587 -0.24676 -0.15159 0.02898 -0.14993 0.00061 0.32211 0.07049
-0.40640 0.22925 -0.01480 -0.21941 0.13797 -0.19115 0.25493 0.18911 0.20149 -0.09230 0.19420 -0.20519 0.38650 0.29553 -0.28507 -0.14811 0.05736 0.14912 -0.33141 0.00631 0.17518 0.02345 -0.32117 0.28651 -0.39479 -0.14549 0.03017 0.00892 -0.06362 0.29295 0.42113 0.36167 -0.32557 0.22869 -0.07593 -0.01238 -0.21767 -0.12261 -0.22800 -0.06416
0.06969 -0.14781 -0.33144 0.16413 -0.12394 0.16534 0.09285 -0.25309 0.11793 0.17610 -0.22548 -0.14578 0.01459 0.10446 -0.17609 -0.33231 0.15731 -0.27954 -0.24295 -0.32549 -0.21349 0.39493 -0.33111 0.08755 -0.45822 0.26109 0.22529 -0.30199 0.33139 0.33112 -0.12648 0.22591 -0.16584 0.11554 0.26763 0.21060 0.42959 0.12129 0.27686 0.03390
0.20270 0.38662 0.19107 0.01842 -0.15367 0.11724 -0.19964 -0.24028 0.05846 0.12378 -0.19189 -0.20075 0.02931 -0.12477 -0.23630 -0.09341 -0.05354 0.31096 -0.07705 0.21623 -0.11133 0.09735 0.16274 0.20573 -0.28528 0.06301 0.17966 0.25255 -0.35532 -0.02305 0.08854 -0.09275 0.26357 -0.01073 -0.26395 0.08373 0.17248 -0.23368 0.16649 -0.38996
0.16387 -0.16232 -0.00483 -0.12810 -0.19729 0.38249 0.35238 0.19737 -0.23459 0.21034 0.26493 -0.17943 0.07725 0.22786 -0.24027 -0.19557 -0.30361 0.35009 -0.27299 -0.27731 -0.43188 -0.25479 0.18105 -0.26369 -0.21599 0.03383 0.13391 0.15936 0.37188 0.21764 0.34727 -0.02904 -0.16129 0.28703 0.26870 -0.29843 -0.06591 0.11102 -0.13826 -0.16900
-0.22098 -0.19165 0.29828 0.03366 0.18664 0.08908 0.28213 0.27220 -0.28755 -0.17237 -0.12386 0.26474 0.03990 -0.33037 0.09715 0.08296 0.20840 -0.17529 -0.00047 0.23121 0.15225 -0.09851 0.35272 -0.28441 -0.31696 -0.10103 -0.20991 -0.38063 0.29303 -0.34125 -0.23496 -0.12836 -0.29158 -0.06841 0.40323 -0.09658 -0.17264 0.26045 0.01319 0.13308
0.12062 -0.11359 -0.29775 0.09999 0.13296 0.28155 -0.00386 0.05255 -0.06839 0.13635 0.14322 0.04999 0.16160 -0.19056 -0.15109 -0.08537 0.28107 -0.23621 0.18198 0.16817 0.31970 -0.25638 -0.16615 0.41176 0.30039 0.15431 0.07598 0.28289 0.27341 -0.01066 -0.29195 0.24226 0.15604 -0.20104 -0.36234 0.16737 -0.00826 0.10082 -0.26048 0.15538
0.08195 0.14543 -0.05153 -0.31272 -0.22926 -0.25306 0.19588 -0.11286 0.08765 -0.00732 -0.01240 0.31030 0.01621 -0.37627 -0.21006 0.03699 -0.25906 -0.24282 -0.31345 -0.24677 0.35866 0.22448 0.12294 -0.08436 0.11697 0.18632 -0.12317 0.29937 0.25664 0.18301 -0.28394 0.08811 -0.20411 -0.06377 0.13330 0.06717 0.05375 0.47515 0.02168 -0.15669
0.00582 0.24825 -0.06714 -0.25420 -0.00903 0.15950 -0.30181 0.04673 0.11690 -0.13299 0.34003 -0.07329 -0.17412 -0.27833 -0.13307 -0.33970 -0.16032 -0.04430 -0.35482 0.22118 0.27617 0.24945 0.21615 -0.05227 0.07955 0.34813 0.06471 -0.09179 -0.06391 0.23319 -0.26922 -0.22108 -0.11945 -0.14113 -0.18801 -0.06796 0.12339 0.27925 -0.16407 -0.16048
0.29308 0.04775 0.06558 0.11391 0.16603 -0.15378 -0.20359 0.18338 0.05033 -0.01754 0.47875 0.33662 -0.30501 -0.07396 0.29491 -0.25699 0.21240 -0.12950 0.01634 0.28862 -0.03419 0.00482 -0.19577 -0.03211 0.16570 -0.08776 -0.03775 0.23931 0.09671 -0.11619 -0.18494 -0.25079 0.08025 0.02974 -0.27484 0.31754 0.26087 -0.08746 -0.28398 0.04522
0.03694 -0.00894 -0.26381 0.15397 -0.32538 0.02286 0.22321 0.08229 0.22889 -0.22697 -0.07558 -0.14120 0.24526 0.06943 -0.05405 0.14723 -0.24089 0.03962 -0.16758 -0.22684 0.01534 -0.19448 -0.08537 -0.11147 0.29016 -0.19184 0.15593 -0.06098 0.08481 0.22084 -0.03616 0.02730 -0.23206 -0.20368 0.06994 0.14838 -0.05113 -0.18110 -0.11048 -0.27252
-0.11013 -0.00313 0.21495 0.02922 -0.09812 0.01217 -0.05983 -0.06562 -0.01383 0.08529 -0.24482 -0.09698 0.23560 -0.00334 -0.26229 0.09958 -0.14872 -0.18747 0.25294 0.25847 -0.21233 -0.21610 0.38076 -0.13802 0.33518 -0.18588 -0.30215 -0.29469 -0.21374 0.15203 -0.28023 0.32637 0.06193 -0.38436 0.29160 -0.28681 -0.13233 -0.21003 0.26973 -0.05143
0.26045 -0.13303 0.08855 0.04648 0.29905 -0.12454 0.05204 -0.22394 -0.29783 0.01036 0.05319 0.03136 -0.26021 -0.12988 -0.30461 0.25309 -0.40963 -0.03391 -0.24229 0.18094 -0.42956 0.15809 0.14938 0.42509 -0.14247 -0.26159 -0.12077 -0.32941 0.31632 -0.39065 0.07636 0.32219 0.14148 0.29078 -0.19783 -0.30593 -0.34538 -0.24581 -0.03804 0.19595
0.03332 0.29344 -0.09388 0.21612 0.31948 -0.07313 0.14281 -0.05712 0.12335 -0.36282 0.40760 0.00771 -0.25667 -0.29093 -0.03686 0.16007 -0.28190 -0.15742 -0.11131 0.41194 -0.24867 -0.37894 -0.26523 -0.27457 0.20266 0.30609 0.14059 -0.07025 0.30360 -0.20065 -0.26313 -0.29393 -0.04539 0.21628 -0.41443 0.02924 -0.19822 0.06223 0.00777 -0.11325
-0.21169 0.00666 0.10933 -0.00631 -0.10184 0.16364 -0.25766 -0.03314 0.45822 -0.09955 0.00487 0.17525 0.06440 -0.18980 -0.00979 0.22590 0.25610 0.05214 -0.21747 0.34004 0.24077 -0.30581 -0.26146 0.07311 0.13331 0.11236 0.35450 0.14261 0.18390 -0.20214 -0.24883 -0.16550 -0.03186 0.15423 0.05772 -0.02872 -0.10078 -0.12116 0.06470 0.02152
-0.34186 -0.20843 0.06456 0.10175 0.20488 -0.29345 0.10464 -0.28880 0.05430 0.19997 0.18636 -0.06962 -0.12444 0.28973 0.23997 -0.31379 -0.11680 -0.15662 -0.07380 -0.31626 -0.05952 -0.13725 0.09425 -0.14505 -0.12056 -0.12072 0.17715 0.14591 -0.21349 0.11282 -0.30807 -0.22635 -0.18284 0.25728 0.25443 0.12392 0.11198 0.23220 -0.11095 -0.25012
0.10097 0.31197 0.06327 -0.17604 -0.13919 -0.20575 0.29163 -0.29106 0.03672 0.12816 -0.10208 0.16758 0.06148 -0.15717 -0.00549 0.19122 0.18881 -0.05855 0.04662 -0.07316 0.16786 -0.12060 0.23336 0.08928 0.05318 -0.15162 0.06906 0.33702 0.19454 0.14680 -0.11345 0.08954 0.25170 -0.10791 -0.23438 -0.17621 0.12222 0.30483 0.20790 -0.07447
0.30825 -0.03644 0.07632 -0.10371 0.04715 -0.16186 0.25179 0.13866 -0.24603 0.13333 -0.37621 -0.03096 0.15023 0.17837 0.05800 -0.14371 0.20554 -0.22006 -0.18742 0.03575 0.16925 0.53072 -0.50172 -0.14578 -0.42015 0.17761 -0.15491 0.27315 -0.36303 -0.04045 -0.41004 -0.09161 0.15682 0.29322 0.37729 -0.15612 0.15524 -0.04426 -0.30280 0.08275
-0.01653 -0.22534 -0.31168 -0.17716 -0.04955 -0.00190 0.06938 -0.03186 0.03430 0.14358 -0.18701 -0.31623 -0.08125 0.29272 0.22494 -0.10134 0.03922 -0.20929 -0.21780 -0.14912 0.09816 0.12468 -0.17453 0.10918 -0.32713 0.11690 0.06868 -0.13102 0.23613 0.37874 0.09941 -0.07480 0.05049 -0.14783 0.21020 -0.07351 0.44261 -0.16193 -0.10770 0.08390
0.34186 -0.24199 -0.09298 0.29533 0.28238 0.20834 -0.33433 0.01621 0.29564 0.23198 0.13494 0.33494 0.01383 -0.04519 0.06806 -0.17314 0.17698 -0.15109 0.37604 0.12402 -0.16657 0.11069 -0.41765 0.06695 0.05053 -0.05492 0.04513 0.31006 0.16066 0.14246 -0.24214 -0.23020 -0.08644 0.21287 0.02630 -0.26468 -0.15508 -0.04611 0.02221 0.22500
-0.00261 -0.15945 0.20991 0.36251 -0.05012 -0.22181 -0.38513 -0.02305 0.00269 0.32350 0.21517 -0.21566 -0.13651 -0.31966 -0.31354 -0.04296 0.19026 0.12916 -0.26675 0.19704 -0.07323 -0.25298 0.26767 0.09907 0.17821 -0.11824 0.22370 -0.27886 0.25273 -0.12135 -0.00141 0.31427 -0.21050 0.23140 -0.17651 -0.04215 0.34243 -0.32871 0.07257 -0.15854
0.12278 0.11157 0.06063 0.15651 -0.07888 -0.03711 0.05610 0.38227 -0.36072 0.01051 0.29626 -0.02409 -0.03144 0.01435 -0.32643 -0.26091 -0.06529 -0.12575 0.00156 0.16897 -0.10254 0.10806 -0.19304 0.20626 0.24539 -0.30529 0.25749 -0.25157 -0.09798 -0.11839 -0.10512 -0.04503 -0.23752 -0.06227 0.02445 0.29675 -0.28071 0.15594 0.09878 0.17243
-0.44451 -0.11663 0.40409 -0.41543 0.33549 0.01405 -0.13679 0.26886 -0.14611 0.34419 -0.09777 -0.19971 0.16114 0.23499 -0.05322 0.29724 0.24482 0.32639 0.05373 -0.30574 -0.15102 0.38736 -0.06771 -0.11781 0.19475 0.31614 0.07097 -0.16621 -0.15338 -0.30576 -0.13864 0.26442 -0.15396 -0.15772 0.17791 -0.02876 0.31550 -0.07070 -0.02764 0.08224
-0.07519 0.03405 0.26726 0.23902 0.23631 -0.31951 -0.06445 -0.15077 0.07070 -0.14458 0.13345 -0.08471 0.29435 -0.34323 -0.37454 0.32050 -0.18488 -0.15993 0.14719 -0.32142 0.08098 -0.19187 0.16203 -0.39602 -0.28673 -0.27625 0.14242 -0.05953 -0.31116 0.02012 0.30121 0.05887 0.36395 -0.18325 0.05551 0.32402 0.08237 0.06171 -0.02496 -0.40799
0.42182 -0.17202 -0.23002 0.05721 -0.22575 0.07978 0.05513 0.03714 -0.28578 0.38689 -0.07735 0.37172 -0.13698 -0.09099 0.00073 -0.02917 -0.06429 0.07401 0.12466 -0.35306 0.23749 0.23685 -0.08343 0.12873 -0.08153 -0.16006 0.09729 0.18219 0.10134 0.26820 0.05350 0.24738 0.11490 0.17229 -0.03556 0.18658 -0.03889 0.14977 -0.09680 -0.06907
0.25979 0.06090 0.02286 -0.16992 0.23885 0.33408 -0.04202 0.13000 -0.17404 0.35071 0.13102 -0.24463 0.36018 0.22855 -0.09653 -0.09250 -0.00108 0.20250 0.21180 0.08122 0.07478 0.28368 0.22670 0.22715 -0.20076 -0.05218 0.14671 0.42918 -0.32501 0.07322 0.28428 -0.06294 0.13873 -0.10845 -0.27157 -0.19103 -0.29717 0.25887 0.03363 -0.12580
-0.12656 -0.17793 -0.01264 0.25171 0.05473 -0.10941 0.25007 -0.31092 0.35144 -0.21505 0.05406 -0.36861 0.10011 -0.09904 -0.01400 -0.24751 0.11512 -0.05893 -0.05552 -0.34669 -0.11464 -0.15252 -0.00061 -0.26397 -0.00748 0.06336 0.08057 -0.25430 -0.10090 -0.36247 -0.27384 0.20434 0.32333 -0.03731 0.39478 0.10943 0.26392 0.21875 0.22476 -0.21952
0.04656 -0.28739 0.22167 -0.47151 -0.00561 0.16717 0.43469 -0.16728 -0.25219 0.27193 -0.03788 0.02632 -0.22716 -0.06600 0.09359 -0.18275 0.02569 0.22500 -0.27044 -0.33141 -0.13317 -0.11243 -0.20436 -0.20235 -0.28409 0.00387 0.16318 0.25874 0.12616 -0.24301 0.06685 0.02435 -0.11521 0.15830 -0.18008 -0.20133 -0.08456 -0.04245 0.02351 -0.18083
-0.00663 0.08719 0.05691 -0.20210 0.05762 -0.24764 -0.13029 0.17228 -0.26142 0.08633 0.24468 -0.35565 -0.09183 -0.10378 -0.30590 0.29686 -0.32649 0.01832 0.37151 -0.06124 0.02074 0.11346 0.21007 -0.39348 -0.33495 -0.37125 -0.06876 -0.33587 -0.11714 0.24825 -0.14776 0.09906 0.41260 -0.31395 -0.20690 0.27544 -0.27585 -0.14523 0.23456 -0.13543
-0.20531 0.19617 -0.16316 0.25131 -0.37730 -0.00333 -0.26679 -0.31636 0.07428 0.27566 0.43666 0.13552 0.16104 -0.06969 0.18357 -0.07114 -0.08236 0.15631 -0.37859 -0.04596 0.10343 -0.06051 0.00940 0.17504 -0.17247 -0.18905 -0.10293 -0.15797 0.13750 0.11408 0.30776 0.34035 -0.24244 0.17867 0.03709 0.24964 -0.11466 -0.38465 -0.27094 -0.19253
-0.20941 0.06189 0.13022 -0.38024 0.44722 0.16317 -0.43438 -0.16695 -0.10191 0.01346 -0.22104 0.36029 0.27022 0.04467 -0.36037 0.42621 0.00355 -0.34616 -0.22035 0.13314 -0.08973 -0.00393 -0.10989 -0.01195 -0.13104 0.16779 0.20648 0.35019 0.10723 0.03830 -0.04262 -0.00237 0.39738 -0.00705 0.19408 -0.15344 -0.41426 -0.21001 0.34104 -0.05466
0.36095 0.02675 -0.04772 -0.34141 0.45932 -0.16740 -0.04477 0.27413 0.13958 -0.27633 0.31785 -0.40109 0.06871 -0.04751 -0.36771 0.30506 0.28637 -0.04093 0.19618 -0.03090 -0.39420 0.12945 0.14469 0.22311 0.22574 -0.25228 0.01381 -0.16451 -0.05192 -0.17002 -0.18044 0.13008 -0.22809 0.33502 -0.28847 -0.06430 0.14601 0.10952 0.19631 0.25850
-0.26746 0.17525 0.17292 0.19610 0.14914 0.16474 0.00412 0.31645 -0.25471 -0.30048 0.07155 -0.01181 -0.30100 0.08614 -0.34168 -0.08735 -0.18884 -0.13993 -0.34560 0.18135 0.16003 -0.09244 -0.14220 0.00800 -0.07853 -0.04307 0.24608 -0.27151 -0.12077 -0.08558 -0.15998 -0.21485 -0.38420 -0.13394 -0.13034 0.29185 0.26977 0.29199 0.17622 0.25950
-0.19076 0.29301 0.20807 0.12896 -0.06070 -0.21696 -0.14418 0.19939 0.02836 0.11974 0.23002 0.08351 -0.26374 -0.01110 -0.08017 0.08192 -0.13384 0.03758 -0.30872 -0.14799 0.14705 -0.06380 -0.22045 -0.19922 0.18844 0.00033 0.08094 -0.03129 0.00288 -0.15569 0.09351 0.20779 0.00370 0.16785 0.07397 0.13630 0.12212 0.01769 0.31703 -0.11058
-0.17015 -0.24128 0.19704 -0.31755 0.36801 0.05411 -0.12490 0.18069 0.32278 -0.07484 0.20666 -0.18597 0.34874 0.03701 0.23329 -0.03702 -0.07657 0.10847 0.33882 0.01375 -0.23090 0.19590 0.44421 -0.14930 -0.26439 0.00241 0.36986 -0.05835 0.03930 -0.00636 -0.19822 0.23001 -0.17539 -0.06087 0.25712 -0.37006 -0.11375 0.28944 0.03184 0.17892
-0.16486 0.02361 0.14408 -0.25187 0.11313 -0.09813 0.28333 -0.36125 -0.27436 0.21607 0.09464 -0.16005 0.33739 0.20299 -0.14593 -0.33817 0.18885 0.11992 0.36028 0.17459 0.21211 -0.08419 -0.31426 -0.23380 0.35167 -0.16909 0.36599 -0.08892 0.07841 -0.23623 0.34918 -0.18573 0.32377 0.08768 0.15229 0.43372 0.17858 -0.28941 0.07169 -0.39097
0.07316 0.10922 0.01950 -0.18968 -0.32749 -0.13472 0.22089 0.11026 -0.06578 -0.16078 0.16167 -0.37362 -0.04582 -0.34234 -0.01792 -0.20109 0.04539 -0.17325 0.05578 -0.08224 0.00160 0.32004 -0.25531 0.02017 0.03575 -0.06597 0.14024 -0.18892 0.14809 0.05137 -0.21524 -0.06171 0.07432 -0.03572 0.24186 0.17397 -0.12824 -0.14460 0.02021 0.04926
-0.01639 0.11484 0.18047 -0.32715 -0.10841 -0.16263 0.15618 -0.18954 0.20569 0.05059 0.25429 0.34249 0.15816 -0.33209 0.15876 -0.09923 -0.11373 -0.01295 -0.06061 -0.23012 0.08365 0.10979 0.09892 0.08789 0.12025 0.27595 -0.24447 0.10259 -0.08722 -0.15124 0.01299 -0.24257 0.18438 0.18981 -0.04968 -0.14975 0.21863 0.40987 -0.26155 0.10043
0.17295 0.04747 0.03172 -0.16128 0.17629 0.05664 -0.37708 -0.07781 -0.13379 0.02379 0.08807 0.08450 -0.14429 -0.34250 -0.25831 -0.03363 0.09024 -0.26122 -0.14420 -0.46097 -0.13394 -0.04090 0.07649 0.34606 0.10575 0.18692 -0.29201 0.24723 -0.04837 0.14113 -0.03178 -0.14653 0.08096 0.08697 0.29797 0.20737 -0.13890 -0.24174 0.14714 0.38058
-0.24340 -0.22190 -0.17411 0.26453 0.12584 0.34222 -0.31150 -0.21937 -0.03017 -0.32712 0.17436 0.16977 -0.00562 -0.11429 -0.06052 -0.00721 -0.09261 -0.07377 0.00548 -0.13991 0.27595 0.31510 -0.19011 -0.25488 -0.28362 -0.06052 0.11161 0.19432 -0.38507 0.18869 -0.20748 -0.36793 0.29938 -0.04890 -0.06304 0.44412 0.33536 -0.25540 -0.01067 -0.23331
0.13021 0.23893 -0.07882 -0.22189 -0.35045 0.08851 0.35431 -0.41637 0.35995 0.14086 -0.09829 0.23756 -0.04955 0.12933 0.20049 0.33605 -0.29947 0.27960 0.12937 0.21644 -0.01968 0.24725 0.23785 0.05078 -0.28966 -0.25492 0.04992 -0.25118 -0.08549 0.22597 -0.13315 -0.18201 -0.37273 0.43634 0.30453 -0.08546 -0.02336 -0.26259 0.18159 0.09240
-0.32598 0.17977 -0.31262 -0.09202 0.07497 -0.19000 -0.29292 -0.23591 -0.31908 -0.25404 -0.10033 0.16368 -0.05335 0.06878 -0.36989 0.51645 0.28382 0.27809 -0.27688 0.24365 0.04652 0.11183 -0.12381 -0.10344 -0.02811 0.04418 -0.01630 0.01195 0.42119 0.13995 -0.24693 0.04099 0.27356 0.22863 0.10604 -0.13999 -0.24683 0.06237 0.09252 0.04248
0.05796 0.47362 0.02133 -0.05750 -0.45366 -0.00572 -0.30390 -0.32621 -0.05146 0.01544 0.05865 -0.21753 0.33891 -0.39321 0.17755 -0.24013 0.08414 0.15813 -0.20422 -0.31755 -0.26163 -0.07319 -0.04073 -0.23466 0.41082 -0.05691 0.22801 0.13216 0.28796 0.36659 0.26655 -0.31974 0.30393 0.39465 0.18232 -0.01766 0.00295 0.21045 -0.34756 0.26782
0.44624 -0.12752 0.20088 0.27363 0.30285 0.28649 0.11471 -0.11537 -0.28267 -0.29178 0.35171 -0.15623 -0.04633 0.17564 -0.04624 -0.33900 0.38067 0.01916 -0.00545 -0.19803 -0.14488 -0.07882 -0.15729 0.28244 -0.31936 0.31307 0.32541 -0.01337 -0.37409 0.30793 0.31371 0.29337 -0.09868 0.22990 0.21289 0.05969 -0.14876 -0.01167 -0.34624 0.33315
-0.23566 -0.33740 0.20114 -0.13208 0.37404 -0.09567 0.02041 0.33727 0.19916 0.16410 -0.01475 -0.08317 0.38069 0.06637 0.02771 0.02692 0.30212 0.03427 0.37753 -0.12286 -0.34357 -0.05842 0.36587 -0.38235 -0.01279 -0.24257 0.27436 -0.21186 -0.18280 0.16866 -0.06178 -0.13952 0.16330 -0.27319 -0.11889 -0.22629 0.24634 0.37453 -0.03391 0.31169
-0.03653 0.19215 -0.01051 -0.37777 -0.31143 -0.04445 -0.20622 0.25299 -0.21714 0.10016 0.19337 -0.23846 -0.23530 -0.35185 0.23065 -0.26713 0.09233 -0.00592 0.28791 -0.13765 0.19949 -0.19973 0.30701 0.03269 -0.12454 0.15450 -0.05852 0.11751 0.10661 -0.25800 0.42975 -0.34425 0.00039 -0.09308 -0.10909 -0.03874 -0.02570 0.15505 -0.15372 0.25171
0.16471 -0.08694 -0.12869 0.24861 0.30220 -0.02602 0.10784 -0.34931 0.21123 -0.30206 0.02635 0.31920 -0.11968 -0.06926 0.34838 -0.06247 -0.22242 -0.18460 -0.23570 0.45123 0.35754 -0.40668 -0.41839 0.17921 -0.27462 0.15431 0.31885 -0.24743 0.26773 -0.20730 0.32371 -0.16270 -0.25348 -0.05542 -0.17708 0.33622 -0.15711 -0.26817 -0.06758 0.27511
-0.01519 0.22796 -0.02663 -0.09720 0.07875 0.12440 0.23400 -0.23193 0.09394 0.33080 -0.12866 -0.23932 0.08827 -0.28738 0.18209 -0.28977 -0.23724 -0.07740 0.36224 -0.44087 0.20804 -0.00628 0.23030 -0.14471 -0.34027 0.08921 0.21323 0.35801 -0.14914 0.06578 0.27353 -0.22089 -0.17225 0.15409 -0.01255 -0.17254 0.05946 0.36294 0.10960 0.36602
-0.06926 -0.24644 0.07662 0.11599 -0.13539 0.21445 0.24156 -0.07286 -0.06170 -0.25682 0.40085 0.16608 0.29814 -0.07388 0.02592 0.27967 0.26727 -0.23273 -0.03461 -0.27316 -0.51182 -0.25690 -0.31509 -0.18653 -0.01919 -0.05557 0.07724 0.06680 0.00179 0.04344 0.05374 -0.08690 -0.08612 0.35524 -0.22839 -0.23479 -0.19322 -0.27900 0.24628 0.21062
-0.02685 -0.43390 0.26805 0.08715 -0.12187 -0.33498 0.05636 0.24251 -0.25374 -0.20938 -0.11461 -0.02037 -0.11859 0.29957 -0.01866 0.22910 0.09422 -0.17610 0.30934 0.04129 0.23984 -0.21969 0.12632 -0.24256 -0.13570 -0.01202 0.05272 0.04396 -0.32175 -0.00837 -0.12281 0.25085 0.29548 -0.37428 0.09795 -0.20911 -0.46080 -0.31149 0.11720 -0.46049
0.32005 -0.19532 -0.03831 -0.22331 0.26704 -0.19301 0.20969 -0.16827 0.07192 0.23273 -0.08727 -0.28760 -0.06038 0.31640 -0.21065 0.00568 0.07835 0.33100 -0.22878 0.29871 -0.13275 0.10509 0.11096 -0.40105 -0.02246 0.24966 0.11864 -0.02037 -0.50312 0.27100 0.23147 0.18062 -0.10837 0.04119 -0.15590 -0.10998 -0.34862 -0.30207 -0.31841 0.25085
0.29294 0.21072 0.36876 0.20035 0.15866 0.18307 0.21790 -0.02317 -0.04440 -0.08403 -0.19588 0.09836 0.24315 0.08154 0.12428 -0.23189 -0.00907 -0.00669 -0.03375 -0.16045 -0.07427 0.57754 -0.47284 -0.28858 -0.28178 -0.23824 0.18466 0.08917 -0.25464 -0.10981 -0.40834 0.18342 0.00748 0.43310 0.38622 0.10096 -0.00844 -0.06560 -0.01902 -0.22473
-0.23154 -0.41605 0.33250 -0.33874 0.01249 -0.36009 0.02675 0.22984 -0.00973 0.00292 -0.27058 -0.11842 -0.31044 0.24474 0.32463 0.13207 -0.20818 0.10261 0.31642 -0.31266 0.14008 0.01245 0.01517 0.13900 0.14968 -0.34926 0.12419 0.22397 -0.33178 -0.19867 0.20816 -0.27815 -0.13685 -0.25827 0.31346 0.14450 -0.41776 -0.25608 -0.12615 -0.34691
0.02085 -0.26841 0.20503 -0.00950 -0.20458 0.28883 0.21951 0.02164 0.21893 -0.08450 0.25493 0.21446 0.23972 -0.12957 0.05548 -0.19162 0.26258 -0.34627 -0.11943 -0.05027 -0.31138 -0.19270 -0.02660 0.14154 -0.24730 0.27184 0.01511 0.02714 -0.12993 0.18088 0.17196 0.11332 -0.07744 0.32890 -0.17458 0.09942 -0.05539 -0.21486 0.26032 0.07306
0.34606 -0.14638 0.16698 -0.01197 0.31630 0.37655 -0.17489 -0.05962 0.04252 0.01281 -0.07667 0.12643 0.21430 0.30590 -0.12434 0.08378 0.38340 -0.08676 0.04206 0.07427 0.08911 0.26900 0.23654 0.26594 -0.03213 -0.01600 -0.29649 0.09473 -0.22240 -0.11771 0.08174 0.33911 0.17581 0.29072 0.09233 0.06112 0.08951 -0.16824 0.16171 0.13278
0.20640 0.00859 0.11765 0.18136 0.18672 0.22203 -0.17191 -0.06324 0.19857 0.21283 -0.17523 0.32679 0.13341 -0.36993 0.01869 0.13614 0.25019 -0.21908 0.13272 0.26328 -0.15997 -0.12811 -0.27550 0.30990 -0.04091 0.42412 0.00681 -0.29813 0.38848 0.15278 0.11902 -0.28472 0.18004 -0.06778 0.11153 -0.30742 0.20528 -0.02060 0.00925 0.10130
0.11487 -0.26279 -0.41112 0.26015 -0.20204 0.22018 -0.18783 0.06463 0.01823 0.00906 -0.37037 0.24796 -0.34046 -0.06334 0.08223 0.04590 -0.11173 -0.54428 -0.27777 -0.03339 -0.00588 -0.18032 0.37600 0.32225 0.02582 0.01565 0.03085 -0.03448 0.07450 -0.28168 0.25270 0.27276 -0.13083 0.28964 -0.07700 0.35764 -0.25067 -0.28221 -0.08431 0.03603
-0.02173 0.25675 -0.34669 0.08048 0.23677 0.18501 0.07441 0.28093 -0.15392 -0.25214 -0.12775 -0.13385 0.12284 0.04739 -0.15852 0.02756 -0.32760 0.09227 -0.11827 -0.00571 0.16565 -0.06934 -0.35367 0.39252 0.09406 -0.23520 0.04183 0.02237 0.31267 -0.30972 -0.30670 0.17088 0.15575 -0.19906 -0.20712 -0.01163 0.12318 -0.09733 0.28337 0.28084
-0.13246 -0.10915 0.18263 -0.09487 -0.05464 0.22538 0.16124 -0.24513 0.32555 0.02576 -0.23745 -0.39906 0.16276 -0.23310 0.29468 -0.23635 -0.05895 -0.02309 0.23352 -0.12908 0.04509 0.04442 0.30888 -0.20765 0.15108 -0.03320 -0.08908 0.08838 0.19179 0.08525 0.22835 -0.38279 0.38433 -0.10769 -0.38299 0.26909 -0.23143 0.14971 0.18188 -0.06179
0.09769 0.24098 -0.21483 0.03186 0.08057 -0.14580 0.09549 0.06216 0.12708 0.12684 0.21729 -0.20906 -0.03457 -0.03427 0.14321 -0.11346 0.02980 0.10789 0.10820 0.29853 0.27813 0.05652 0.09484 -0.04789 -0.03933 -0.11914 0.05629 -0.21909 -0.09242 0.13538 0.04942 -0.16135 0.29191 0.19987 -0.09467 0.10918 0.21674 -0.12498 0.09348 -0.60502
0.02425 0.33029 -0.17162 -0.20733 0.42612 0.41716 -0.37276 -0.15075 0.06418 0.48452 -0.35608 0.03775 0.20148 -0.36881 -0.20900 -0.37152 -0.11646 -0.17467 -0.15028 -0.26303 0.30963 -0.25141 0.20606 0.40274 -0.35044 0.03896 0.19338 0.06137 -0.30006 -0.22096 -0.20350 0.24367 0.31815 0.31857 -0.37290 0.01115 0.22876 0.39170 -0.13644 -0.00606
0.07234 0.07633 -0.17206 -0.38019 0.32985 0.13520 -0.16186 -0.27790 -0.37990 0.28230 -0.35207 -0.15412 0.35882 0.14541 -0.02743 -0.14365 0.44278 0.28401 -0.10287 -0.07220 0.39258 0.22186 -0.32823 -0.26978 -0.04604 -0.08833 0.20232 -0.21590 0.25821 0.08263 0.11888 0.22152 -0.28534 0.18586 0.09922 -0.47899 -0.29577 -0.23897 -0.07961 0.00035
-0.04350 -0.07100 0.28851 0.22980 -0.29720 0.18564 0.10910 -0.16914 -0.11485 0.23106 0.17239 0.09643 0.35642 0.11227 0.17494 -0.01722 0.09932 -0.07616 -0.03054 0.09735 -0.13627 0.14342 0.35443 0.13096 0.33029 0.07148 -0.19374 -0.27640 -0.01783 -0.17353 0.07482 0.15107 -0.10541 0.22596 -0.20824 0.04335 0.14449 -0.34088 -0.02348 -0.00838
-0.11516 0.11193 -0.20937 0.34096 -0.24523 -0.27484 0.00777 -0.19209 -0.05462 0.09107 0.31747 0.03863 -0.38349 0.24911 0.19344 -0.31623 -0.25745 -0.22624 -0.17320 -0.23575 -0.30847 -0.27576 -0.00460 -0.08195 0.28761 -0.08117 0.04092 -0.00094 -0.27470 0.16433 -0.05625 0.12228 -0.12566 0.21101 0.08755 -0.17935 0.26390 -0.11204 -0.06624 0.02871
0.32521 -0.33044 -0.03123 -0.09761 -0.23562 0.31995 0.31863 0.34619 -0.24973 -0.19868 -0.20347 -0.25687 0.08236 -0.03190 -0.07767 0.31053 -0.27684 -0.24384 0.07001 -0.40856 -0.38434 0.40929 -0.10404 -0.12322 0.01502 -0.25299 0.27058 0.01881 0.32160 0.21918 -0.12057 0.13807 -0.25324 -0.04061 0.06325 0.13418 -0.03548 -0.03347 0.27951 0.33989
-0.21702 -0.17987 0.13005 -0.27583 0.18499 0.09878 0.24545 -0.06110 0.06035 0.19559 -0.12777 -0.24094 -0.06319 -0.35414 0.08191 -0.26656 -0.01996 -0.24044 -0.13433 -0.29428 0.10998 -0.16311 -0.07903 -0.21288 0.36756 0.01469 0.24073 0.27809 0.10537 -0.00095 0.32598 -0.11258 -0.21434 0.12888 -0.05611 0.03319 -0.23283 0.24871 0.32359 0.22334
-0.14230 -0.03223 0.02520 -0.26840 0.02297 0.00287 -0.40110 -0.28056 0.05402 -0.00367 -0.24527 0.30845 0.20656 0.16264 0.18651 0.06473 -0.15574 0.20368 0.18163 0.00224 0.08050 -0.27504 -0.00523 -0.15222 -0.03241 0.00505 -0.36394 0.41852 0.24865 0.29623 0.07096 -0.23160 -0.16872 0.04222 -0.30885 -0.14552 -0.30341 0.16983 0.29433 -0.23129
-0.28073 -0.07577 0.25589 -0.15761 -0.04198 -0.07551 -0.15147 -0.06027 0.22411 0.05629 -0.18598 -0.10221 0.28066 -0.24218 0.17547 -0.11403 0.21877 -0.03996 -0.19586 -0.03108 0.20635 -0.26678 -0.30706 0.18735 -0.14691 -0.01780 0.12492 0.16646 -0.20328 -0.38764 -0.16193 0.42767 0.22379 0.02772 0.17016 -0.16324 0.16287 0.20648 -0.10534 -0.13200
0.16276 -0.16573 -0.27532 -0.05868 -0.02395 0.21938 -0.20363 -0.16764 0.01569 0.01601 -0.22196 -0.19280 -0.14246 0.28271 0.02374 0.21348 0.10823 -0.44159 -0.12429 -0.03555 0.01927 -0.15236 0.33557 0.42053 -0.11850 -0.13437 -0.05596 -0.01977 0.06192 0.07024 0.12673 0.10318 0.09734 0.16134 -0.11938 -0.03868 0.01754 -0.00501 -0.26652 -0.21075
0.28759 0.09508 -0.04928 -0.33206 0.12645 0.36472 -0.08031 -0.08970 -0.11105 0.27492 0.07510 -0.07475 0.29080 -0.21544 -0.14208 -0.10849 -0.02501 0.12086 0.25170 -0.10561 0.11126 0.24497 0.16789 -0.13763 0.07982 0.21906 0.26611 0.33597 -0.34323 0.29604 0.10122 0.05447 -0.06175 -0.07898 0.06131 -0.33771 0.09381 0.28877 -0.10627 0.18863
0.23091 0.16256 0.03668 -0.35577 0.13180 0.21350 -0.15221 -0.23831 -0.07055 0.43214 0.15432 0.20254 0.10059 0.00750 -0.15582 0.08061 0.25199 -0.04440 0.18272 -0.33631 0.18019 0.28352 0.36572 0.25112 0.02711 -0.22618 0.38670 0.44567 -0.17482 0.13537 0.06591 0.29577 0.29530 0.12483 0.21617 -0.29943 -0.05573 0.31388 0.01173 -0.12066
0.02621 -0.06131 0.00441 0.36743 -0.41747 -0.37820 -0.41582 0.00660 -0.10412 -0.24493 -0.29444 0.06611 -0.31412 -0.42133 0.14657 -0.04869 -0.33436 -0.21025 0.30312 0.19263 0.38394 0.39748 0.24938 0.24590 0.47471 -0.22895 -0.08578 0.10374 0.39988 -0.12931 0.21996 -0.15072 0.15854 -0.19493 0.16448 0.45047 -0.47759 -0.01336 0.08790 -0.15830
-0.05760 -0.06211 -0.26023 -0.04415 -0.09041 -0.13529 0.42194 -0.15422 0.07056 0.04005 0.05231 -0.22645 -0.08253 -0.04185 -0.26690 0.21989 0.22311 -0.17741 -0.35516 -0.06684 -0.15719 0.14197 0.19140 -0.01689 0.06462 0.02249 -0.14175 0.05205 -0.12064 0.43604 -0.09367 -0.00551 0.32722 -0.17715 0.28241 -0.03713 0.15686 -0.10273 -0.07560 0.09900
-0.11261 -0.04323 -0.34902 0.22825 -0.04793 -0.27852 0.49611 -0.15588 0.18475 -0.18132 -0.06346 -0.19915 0.21989 0.18732 -0.07655 0.30957 -0.03654 -0.20092 -0.42054 0.19008 -0.14320 0.30993 -0.02610 -0.22247 0.20352 -0.14131 -0.32057 0.08984 0.14693 0.34133 -0.35352 0.29585 0.46884 0.15009 -0.01570 -0.03296 0.13067 -0.17061 0.01202 -0.02129
-0.17929 -0.03531 0.14870 0.02287 0.17492 0.27203 0.26529 0.16686 0.35923 0.02597 -0.41059 0.37204 0.10420 0.24594 0.13119 -0.01111 -0.38140 0.08896 -0.16795 0.18405 0.25530 0.06132 0.10746 -0.02565 -0.09262 0.03100 -0.32172 -0.08589 -0.31280 -0.04182 0.12911 0.50720 0.37165 0.00217 -0.32627 -0.10346 -0.03304 -0.13733 0.18904 0.45062
0.12387 0.06316 -0.26295 -0.23442 -0.04670 0.08982 -0.10932 0.26408 0.34691 0.34119 0.07712 0.04375 0.16426 -0.22930 -0.08126 0.25902 0.07604 0.36193 0.23150 -0.11165 0.32520 -0.21152 -0.25625 -0.20440 0.17009 0.01814 -0.39996 -0.23317 0.15873 -0.12217 -0.40992 0.27641 -0.29822 -0.04677 0.01726 0.23566 0.26334 -0.23767 0.09996 -0.25990
-0.16054 0.04680 0.02666 -0.13458 0.04601 -0.22547 0.24912 0.25619 -0.09786 -0.34449 0.31908 -0.40704 0.26942 0.09574 0.38037 -0.27963 0.08633 0.03094 0.08771 -0.22633 0.23036 0.22370 0.05378 -0.21284 -0.23510 0.09041 -0.14254 -0.20669 0.14277 0.08371 0.09206 0.26411 0.26668 0.03916 -0.11628 0.16428 0.18869 0.02889 0.23751 0.15343
0.23823 -0.32281 -0.09870 -0.04202 0.02510 0.36856 0.27368 -0.16834 -0.10055 0.08396 -0.36447 0.10970 0.09676 0.29233 0.10549 0.39697 0.19296 0.02645 -0.20688 -0.03867 0.30338 0.39861 -0.28860 -0.12555 -0.17207 0.29316 -0.33968 0.31781 -0.30408 -0.25518 0.15413 -0.01930 -0.22747 0.33231 -0.17495 -0.31395 -0.05890 0.03073 0.03918 -0.08371
-0.15341 0.07728 -0.23612 0.27625 0.22648 -0.37963 -0.32457 0.45193 0.16923 -0.09793 -0.33649 0.03127 -0.34227 -0.10876 0.10447 -0.24102 -0.43242 0.18953 -0.25908 0.21006 0.25004 -0.19590 -0.22755 0.39437 -0.49380 0.11134 0.46009 -0.42917 -0.07707 0.07008 -0.17587 -0.05329 0.17703 0.40922 0.41788 0.37018 0.02652 0.38766 0.18963 -0.20701
-0.18076 0.36257 0.01203 0.24601 0.06195 -0.35366 0.01656 0.26711 -0.03963 0.21852 0.01875 0.02845 0.17130 -0.33901 0.08210 -0.26542 -0.23290 -0.06175 -0.10226 0.32852 0.30589 0.27998 0.16262 0.13466 0.07461 -0.47822 0.15128 -0.39385 0.06684 -0.09132 -0.23642 0.22607 0.15322 -0.10159 0.28461 -0.10900 0.46306 0.22992 -0.04606 0.13506
0.37897 0.25945 -0.24919 -0.08096 -0.19623 -0.21990 0.32218 0.41795 -0.31085 0.03273 0.41729 0.10729 -0.01245 0.21579 0.37519 -0.36139 -0.05934 -0.11399 0.42022 -0.00788 0.08109 -0.20655 0.38528 -0.04599 -0.09995 -0.33322 -0.14074 0.09757 -0.01724 0.33782 0.11352 0.11030 -0.23293 0.38776 -0.33946 0.37768 0.34937 -0.23761 -0.19166 0.20848
-0.20994 0.12118 0.32225 -0.09993 -0.25440 0.28204 0.08420 -0.27170 0.29137 0.37987 -0.20591 0.13142 -0.26719 -0.18757 0.19209 0.06415 -0.29144 0.18926 -0.26584 0.41630 0.23067 0.29801 0.34463 -0.31207 -0.48743 0.19628 0.25158 -0.37546 -0.16246 -0.10114 0.49945 -0.46465 0.33248 0.06239 -0.35523 0.15037 0.35898 0.37545 -0.34424 0.30730
0.19987 0.11422 -0.36003 0.26192 -0.30954 -0.25713 -0.00111 0.24275 -0.16121 -0.19074 -0.31996 0.15630 -0.25485 -0.25290 -0.22105 -0.07998 -0.40544 0.16510 -0.27884 -0.33470 0.20967 -0.28250 0.07144 0.06465 0.35966 0.29591 0.06545 -0.39528 -0.03602 -0.10469 -0.13392 0.27294 0.50682 -0.11584 0.46200 0.08061 -0.04033 0.41385 0.09177 0.30684
-0.32629 -0.12279 0.37740 0.26215 -0.18598 0.19417 -0.16755 0.06768 0.09191 0.10758 -0.17043 0.29494 0.24661 0.00922 -0.14365 0.22765 0.07907 -0.11372 -0.19403 -0.37219 -0.40499 0.47007 -0.27332 -0.03423 0.36673 -0.41616 -0.08437 0.06854 -0.08902 -0.12230 -0.00663 -0.37030 -0.09981 -0.10236 0.15234 -0.20427 0.17201 0.29532 -0.11510 0.28915
-0.33245 0.20089 -0.39479 -0.23741 -0.08614 -0.13144 -0.43331 0.44028 -0.04569 0.27908 0.32650 0.20643 -0.00431 0.28999 -0.00245 -0.32051 0.39289 0.30538 0.17099 -0.30087 -0.32431 0.13508 -0.06243 -0.38970 0.19206 -0.38153 -0.32286 0.30315 0.42566 -0.17142 -0.33246 -0.19605 -0.40956 0.07760 0.30061 -0.37415 -0.31258 -0.42865 0.44155 0.08193
-0.17610 0.06825 -0.01107 0.39271 -0.32999 -0.40744 0.25086 0.31221 0.23209 -0.36836 -0.13649 -0.21973 0.15306 0.02028 0.06379 -0.04791 -0.34139 -0.04712 0.43842 0.42033 0.35506 0.04183 -0.20732 -0.19243 -0.23643 -0.37684 0.07643 -0.35795 0.21130 0.17069 -0.31477 -0.11811 0.25840 0.19577 0.11455 -0.08888 0.44491 0.30595 0.24712 -0.05527
0.12955 -0.00036 0.35996 -0.11729 -0.14856 0.39394 0.46593 -0.03912 -0.21050 0.02047 -0.03843 0.44783 -0.23778 0.40585 0.35987 -0.33525 0.31388 -0.18639 0.17772 0.19302 -0.34632 0.45064 0.26419 -0.10868 0.34890 -0.35182 -0.28363 -0.37084 -0.15268 0.06276 -0.36758 -0.33202 0.29802 0.05407 0.40113 0.26084 0.04978 -0.33313 0.15294 0.43578
-0.03570 0.45343 0.30820 -0.09017 0.17963 0.19851 0.01347 0.03907 -0.10890 -0.07640 -0.13787 0.25579 0.18278 0.01912 0.04845 0.38320 0.07229 -0.38622 -0.05378 0.14482 0.17667 -0.22095 0.14055 0.26868 -0.14868 -0.21418 0.27626 -0.17071 -0.08427 -0.04743 -0.11258 -0.04910 0.03652 0.00736 -0.01649 -0.08080 0.32555 0.12562 -0.14853 -0.08728
-0.41279 0.20068 -0.21588 -0.15770 -0.34870 -0.38953 0.31799 0.34344 -0.23793 -0.47160 0.04940 -0.45725 -0.06458 -0.06034 0.06811 0.38567 0.21010 0.22150 -0.09198 -0.02935 -0.34079 -0.14140 0.10476 -0.25060 0.26812 -0.09288 0.20000 0.16254 0.23911 -0.42633 -0.47659 -0.42133 -0.35302 0.26793 0.08641 0.29788 0.03430 0.49144 0.48316 -0.17769
0.44408 0.48437 0.36302 0.23445 0.11109 -0.32099 -0.15947 0.09885 -0.25850 0.27738 -0.28269 -0.01315 0.39579 0.15804 0.38094 -0.09506 -0.06499 -0.31221 0.31703 -0.15182 0.11363 0.19893 -0.30510 0.21394 0.30143 0.01294 -0.10023 0.13821 -0.10521 -0.24149 0.07753 0.10582 -0.44611 0.00436 -0.15758 0.02866 -0.08291 0.20696 -0.29007 -0.08493
-0.17694 -0.03797 -0.06771 -0.39462 0.14005 0.12866 -0.35369 -0.35677 -0.14350 -0.32613 -0.24670 -0.20568 -0.11214 -0.32398 -0.22981 -0.16961 0.14410 0.12055 -0.31794 -0.08470 0.10232 -0.03908 -0.38209 0.25201 0.33850 -0.39631 -0.25757 0.02320 -0.31367 0.10502 -0.23712 0.20651 0.13120 0.28103 -0.05073 0.17826 -0.09088 0.35260 -0.29377 0.32367
-0.20752 -0.30347 -0.30561 0.37826 -0.07909 -0.02839 -0.07729 -0.19306 0.31246 0.27501 -0.37540 0.24294 0.30042 0.01517 0.22155 -0.15280 0.07889 0.40394 0.37609 -0.06951 -0.28624 -0.23850 -0.37972 0.43146 0.22613 -0.36932 0.23753 0.24327 -0.30326 -0.38378 -0.35810 -0.08915 0.31026 -0.20349 0.29388 -0.34004 0.32960 -0.14833 -0.34634 -0.25375
0.17333 0.32505 -0.05817 0.19469 0.11261 0.34391 -0.17171 0.02708 -0.28866 -0.06225 0.37831 -0.33032 0.40324 -0.12265 0.22261 0.43496 -0.34764 0.35013 0.14404 0.34284 -0.40675 0.10803 -0.42591 -0.24052 -0.14404 0.36323 -0.38771 -0.00270 0.07253 -0.33650 -0.43765 -0.17555 -0.31888 0.36726 -0.09575 -0.00389 -0.47831 -0.32692 -0.34269 0.18072
-0.23338 -0.34005 -0.31509 -0.13894 0.11789 0.01177 0.34280 0.27578 0.14985 -0.22858 -0.01309 0.15551 0.19338 0.16322 0.20819 -0.18282 0.18573 -0.19133 0.18819 0.06895 -0.23251 0.00645 0.34634 0.10484 -0.16410 0.17119 0.16633 0.32847 0.22833 0.09882 -0.11302 -0.18110 0.29840 -0.15392 0.16949 0.09689 -0.03734 0.39782 -0.14034 -0.35277
0.19007 0.02194 -0.31682 0.08802 -0.30136 0.29703 -0.23654 -0.19927 -0.10729 0.34687 -0.32303 -0.13707 0.19624 -0.23774 -0.07104 0.18879 0.34621 0.11948 0.06672 -0.14302 0.03233 -0.18929 -0.25846 0.40844 0.30587 -0.16869 0.22249 0.18198 0.09694 -0.33729 -0.12943 -0.24224 -0.07838 -0.37376 0.29569 -0.18000 -0.19281 -0.12475 -0.37846 0.02519
0.14637 0.27249 0.17287 -0.27704 0.15866 0.05829 -0.22174 -0.06389 0.21622 0.28523 0.11410 -0.16595 -0.07576 -0.21643 -0.25556 -0.36190 -0.08119 0.35664 0.11976 0.29473 0.27873 -0.15606 0.15995 0.33234 -0.02993 -0.38325 -0.29727 -0.07875 -0.27611 -0.27083 0.10044 0.15707 -0.17812 0.24875 0.22180 -0.19204 0.14256 -0.24842 -0.21574 0.25959
0.06328 0.21294 0.10327 -0.29833 0.11387 -0.16881 -0.02942 0.22130 0.25616 -0.29607 0.27070 -0.17010 -0.05819 -0.00604 -0.03081 0.32250 -0.13474 0.02108 -0.31041 0.09669 -0.14821 -0.28062 0.02996 -0.33216 -0.32262 -0.11406 -0.29431 -0.30126 0.19875 0.38179 -0.24598 0.19920 -0.20257 -0.23462 0.03217 0.13109 -0.26330 0.10462 -0.17275 0.13586
-0.14147 0.31683 -0.14786 0.05113 -0.22552 -0.03159 -0.16712 0.08740 0.08919 0.33106 0.14035 -0.24332 -0.03542 -0.14878 0.21005 -0.23541 0.09380 -0.39218 0.31728 -0.23806 0.19464 -0.04854 0.28965 0.22579 0.25143 0.01740 -0.23339 0.10708 -0.25212 -0.04352 -0.20235 -0.25569 -0.31805 -0.17437 -0.34950 -0.22762 -0.08499 0.05277 -0.08419 -0.30381
-0.15757 -0.24967 0.31395 -0.35646 -0.26698 0.24272 0.32934 0.21418 -0.07584 -0.01804 -0.10675 -0.03389 -0.18448 0.36817 0.01019 0.10788 -0.12595 0.28774 -0.06889 0.42189 0.38014 0.11664 -0.00737 -0.10341 -0.09212 0.19703 0.03609 0.32047 -0.18276 0.06867 -0.02854 0.37316 0.22781 0.19191 0.25787 -0.22250 -0.03880 -0.09871 0.08625 0.08881
0.19298 0.40546 0.28711 0.43099 0.21533 0.07672 0.37631 -0.23390 0.42042 0.41055 -0.41596 -0.21203 -0.27607 -0.13247 -0.14247 -0.31038 0.03659 -0.32164 0.36201 0.14456 0.30125 0.03384 0.05290 -0.34080 0.41115 -0.08703 -0.38728 0.08321 -0.32073 0.18588 0.10594 -0.02538 -0.31471 0.30284 -0.25806 -0.06874 0.32799 0.09967 -0.28775 0.21639
0.08839 0.15599 0.08237 0.11196 -0.37901 -0.26206 -0.35226 -0.23654 0.06132 -0.05709 0.34222 -0.22425 0.23529 -0.11137 -0.23650 0.21262 -0.26075 -0.00735 -0.30665 -0.05374 0.05346 0.05115 0.14133 -0.07631 0.01227 -0.30510 0.03354 -0.18635 -0.03051 -0.21345 0.40878 0.04237 -0.41813 -0.09871 0.00372 -0.12727 0.06982 -0.19291 -0.14990 0.14921
-0.23038 0.30465 -0.02321 0.13970 -0.29359 -0.13438 -0.23627 0.26819 -0.11799 0.12763 -0.06911 0.37875 0.03834 -0.25362 0.07400 0.32578 0.24090 0.13377 0.10060 -0.19233 0.08584 0.01048 0.35351 -0.16460 0.01963 -0.16257 -0.23799 0.11558 0.09752 0.28854 0.20100 -0.08525 0.10749 0.00428 0.24577 -0.22183 -0.13026 0.10460 -0.24108 0.09867
0.30879 0.31493 0.22073 -0.10594 -0.29887 0.23309 0.09952 -0.18985 -0.00910 0.38861 0.13521 0.42719 -0.10418 -0.10785 -0.27124 0.18787 0.06264 0.21387 0.26138 -0.17497 -0.05987 0.20937 0.17602 0.35671 0.20738 -0.12315 0.09350 -0.00722 0.28518 -0.01546 -0.01920 0.18898 -0.15777 -0.13082 -0.04500 0.11088 0.20491 0.29258 -0.42526 -0.02848
0.38998 0.31414 0.20143 0.22654 0.10838 0.22210 -0.11392 -0.06807 -0.17181 -0.11766 -0.29830 0.18186 0.20765 -0.07985 -0.02831 0.18072 0.17419 -0.26529 -0.11645 -0.03007 0.09454 -0.37225 0.26955 0.16989 0.13191 -0.15384 -0.31811 -0.04846 -0.20569 0.06149 -0.00530 0.07857 0.11656 -0.25664 -0.03956 -0.30172 0.28292 -0.10065 -0.02865 -0.00105
-0.03124 -0.25301 0.07861 -0.28385 -0.10269 -0.21723 -0.07773 -0.32460 -0.05364 -0.25781 -0.30747 -0.22404 0.03940 0.25951 -0.06683 -0.13850 -0.20074 -0.30985 0.12688 0.33788 0.20664 0.25403 0.33653 -0.19221 -0.18223 0.34835 -0.11190 0.22078 -0.14929 0.15968 -0.22612 0.35872 0.38010 -0.09106 -0.16316 0.08366 -0.37438 -0.47500 0.38446 0.15361
-0.08644 0.33904 -0.34976 0.36918 0.16811 0.26441 0.15919 0.05936 0.12620 -0.22149 -0.05493 -0.26002 0.02502 0.11758 -0.14530 -0.26063 0.27038 -0.24380 -0.05922 -0.15433 0.20183 -0.17608 -0.19389 0.12642 -0.41496 0.18323 0.22624 -0.18521 -0.01820 0.26527 -0.11968 -0.05963 -0.27522 -0.07031 0.18385 0.24589 0.18486 0.25480 -0.13588 -0.15850
-0.09646 -0.00539 -0.01400 -0.28308 -0.06414 -0.23360 -0.25790 -0.19284 -0.37254 0.10462 -0.17364 0.27904 -0.02501 -0.26971 -0.36277 -0.07971 0.23526 0.07558 0.16506 0.13066 -0.13940 -0.02673 0.11023 -0.28471 -0.17115 -0.08089 0.02190 0.20497 0.44268 0.01176 0.38626 -0.05009 0.12910 0.42038 -0.05353 0.23225 0.10605 0.13254 0.27326 -0.41667
0.06662 0.33623 -0.14699 -0.42676 0.11389 0.20523 -0.31540 0.39428 0.25950 0.21969 0.04907 0.42093 -0.20826 -0.24721 -0.19636 -0.43513 -0.22778 -0.37834 0.21201 -0.45447 -0.32040 -0.27095 -0.32396 -0.17783 0.02346 0.28190 -0.40893 -0.21551 -0.39836 0.08394 -0.00234 0.55384 -0.01074 0.38215 -0.32185 -0.36176 0.04053 -0.17388 -0.03125 0.36620
-0.27621 -0.21927 0.22286 0.09911 0.02313 0.05114 0.38809 -0.05265 -0.40767 -0.32182 -0.32428 -0.04232 -0.10746 0.22096 0.28172 -0.37311 0.01901 0.10900 0.46763 0.20721 -0.25852 0.15133 -0.11657 -0.17147 -0.03231 0.20242 0.04180 -0.09803 -0.14258 -0.35500 -0.14717 0.29777 0.07457 0.20259 -0.02480 -0.06409 0.37533 -0.12345 0.13670 -0.25007
0.08196 0.12733 0.02124 0.17520 -0.13605 0.22127 -0.06981 0.09173 0.12691 -0.26851 0.25584 -0.12760 0.04497 -0.32479 -0.00620 0.09294 -0.11823 -0.33542 0.22077 0.20698 0.25571 0.25313 -0.29645 -0.21906 -0.16923 -0.08903 0.17131 0.12879 -0.39118 0.09226 -0.39463 -0.13121 0.03989 -0.09730 -0.24299 0.28590 0.21366 -0.26007 -0.14947 -0.23981
-0.23825 0.23188 0.29543 -0.03257 0.34243 -0.05131 0.06522 -0.01091 0.18137 -0.02459 -0.35702 -0.15000 0.21827 -0.06119 0.26545 -0.19999 -0.01323 0.21623 -0.11231 -0.09611 0.15506 0.37981 0.16508 0.08326 0.25846 -0.19167 -0.05433 0.30040 -0.43376 0.06400 -0.13373 -0.12465 0.00798 -0.45182 0.09292 0.30406 0.18794 0.00756 0.25213 0.26038
-0.09732 -0.41464 -0.24324 0.18643 0.16078 -0.43802 0.03217 0.03729 0.34143 0.12247 -0.03731 -0.04641 0.23868 -0.24800 -0.30511 0.01879 0.06671 0.16054 -0.37968 -0.21466 -0.08060 0.04873 -0.17389 -0.18459 -0.25156 0.33625 0.08332 -0.09747 0.33015 0.28820 -0.22192 -0.25559 0.21690 0.08201 -0.12911 0.05054 -0.17225 0.14334 0.03450 -0.05772
-0.31699 0.00239 -0.23623 -0.22168 0.09911 0.33180 -0.36709 -0.16080 -0.13645 0.01155 -0.38339 0.08747 -0.08796 -0.22082 0.24513 0.23112 -0.26095 -0.38961 -0.44760 0.00733 -0.25887 -0.04048 0.13187 0.08182 0.10457 0.22880 -0.27451 0.01838 0.19679 0.01091 -0.14465 -0.02220 -0.14961 0.29469 -0.21133 0.28379 -0.39211 -0.06318 -0.24551 -0.43822
-0.15580 0.08316 -0.04668 -0.24964 -0.03620 0.01803 0.05934 -0.14805 -0.13017 0.17398 0.09239 0.00535 -0.14688 0.21980 -0.13900 -0.15338 0.21881 -0.00295 -0.07893 0.02080 -0.04315 0.16765 -0.00494 -0.01917 -0.12042 0.32866 0.16025 0.27545 0.21905 0.38633 -0.22201 0.26741 0.10733 0.25975 -0.49696 0.21165 -0.41231 -0.43626 0.05933 -0.28859
0.11291 -0.08207 -0.37909 -0.23948 0.03041 -0.22652 -0.06304 -0.28807 -0.22116 -0.15598 -0.28233 -0.29685 -0.22868 -0.01095 0.04885 -0.16081 -0.03975 0.37991 -0.31336 0.20769 0.18084 0.10508 0.10990 0.10227 -0.11629 0.20212 0.11441 0.13284 0.22503 -0.26743 -0.23462 -0.15978 0.14323 0.18350 -0.15356 -0.27643 -0.20314 -0.03939 0.15655 0.02688
-0.28035 -0.19315 -0.45023 -0.10231 -0.11897 0.18093 -0.30292 -0.01861 -0.24638 0.20124 -0.30649 0.03508 -0.17128 0.22377 0.32670 -0.24701 -0.03620 0.26013 -0.30257 0.15272 0.04312 -0.32791 -0.21823 -0.23357 -0.31376 0.16881 -0.07608 0.08907 0.04800 -0.31561 -0.20271 0.18323 -0.05861 0.35462 0.11794 -0.27763 -0.12893 -0.23514 -0.06564 -0.11341
0.16385 0.32667 0.07392 -0.20565 0.23747 0.25687 -0.20364 -0.02864 0.09966 -0.04002 -0.23504 -0.14031 -0.35183 -0.14843 0.05908 -0.11686 -0.21658 0.38516 -0.00452 -0.06869 0.41042 -0.31044 -0.26781 -0.27185 -0.21844 0.05294 0.24977 -0.32573 0.06033 0.13745 -0.15432 -0.29923 -0.03678 -0.03330 0.05466 -0.30826 0.16204 0.04359 -0.26199 -0.09287
0.30336 0.15767 -0.10966 -0.09688 0.42640 -0.11116 -0.25794 0.26126 -0.17356 0.28281 -0.43911 -0.26177 -0.27727 -0.19680 -0.08970 0.29705 0.24084 -0.05912 0.22804 -0.16678 -0.21827 -0.36785 0.12585 0.30998 0.09168 -0.29943 0.02843 0.19535 -0.16730 0.00442 0.00990 -0.38664 0.00003 -0.05301 -0.02280 0.16922 0.17114 -0.26431 0.00671 0.04081
0.26742 0.12841 -0.03796 0.06544 0.16986 0.26035 -0.11345 0.10511 0.01834 -0.10118 0.12553 -0.31180 0.06882 -0.31525 -0.26641 -0.01140 0.28102 -0.33155 -0.29910 -0.10960 -0.06356 -0.27155 -0.17956 0.37152 -0.36714 0.15615 0.25277 0.27070 -0.32596 0.25199 -0.04510 -0.20692 -0.28225 0.00172 0.35384 -0.19503 0.00828 0.00592 -0.02029 0.11191
0.01526 -0.41925 0.16531 0.37527 0.07062 -0.16980 -0.28975 0.02377 -0.21250 -0.17798 -0.10111 0.33855 -0.17277 0.06655 0.35861 0.36625 0.06162 -0.10913 0.37470 -0.09497 0.24176 -0.30646 0.22011 0.06444 -0.41431 0.21328 -0.23083 -0.10661 0.32898 -0.13074 -0.19998 0.40544 0.23371 -0.02172 0.17289 -0.45327 -0.23244 -0.20347 -0.18021 0.28085
0.26345 -0.05199 -0.30096 0.23667 -0.28828 -0.13966 -0.06649 -0.39524 -0.21873 -0.15046 0.13085 -0.07790 0.06259 -0.30009 0.32842 -0.02790 -0.21558 0.40015 -0.36182 -0.01132 0.24022 0.13664 -0.26013 0.35977 -0.15434 0.23333 -0.05191 0.34773 0.08907 -0.38399 0.16905 0.01464 -0.28504 -0.14073 0.30679 0.33234 -0.21496 -0.15150 -0.21458 -0.12259
0.28111 -0.16873 -0.19915 0.28338 -0.21858 -0.16537 0.22877 0.23194 -0.19602 0.28780 0.12789 -0.29156 0.03501 0.22695 -0.17324 0.40725 -0.19675 -0.33756 0.29314 -0.28130 -0.27868 -0.19506 0.34309 0.23478 0.03134 0.32136 0.27875 -0.28951 0.21382 -0.02257 -0.03202 -0.29716 0.11626 -0.30397 0.13777 -0.41621 0.39727 0.46325 0.24767 0.06833
-0.12360 -0.42020 -0.16274 -0.10109 0.21417 -0.39668 0.28040 -0.06511 0.29836 0.09690 -0.28053 -0.09061 0.39529 -0.21187 -0.25154 0.05558 -0.22564 0.00189 -0.38601 0.01525 -0.24491 -0.02043 -0.11354 0.14136 -0.10081 0.11014 -0.04876 0.20443 0.12550 0.34361 -0.29506 -0.37268 0.26120 0.02853 -0.19776 0.13945 -0.07462 -0.13358 0.19239 -0.06035
0.30142 0.17412 -0.05623 -0.18042 0.06292 -0.27196 -0.01618 0.06598 -0.08724 -0.45294 0.10750 -0.31623 -0.47167 0.33330 0.15211 -0.04278 -0.44220 -0.12345 -0.28215 -0.34955 0.06752 -0.10509 -0.03107 0.00627 0.53666 -0.26857 -0.35246 0.38003 0.28546 0.29849 -0.02831 -0.26758 0.43825 -0.00879 -0.31984 -0.10138 0.31536 0.19910 0.47357 0.09085
0.12282 -0.45844 -0.20094 -0.15989 -0.16563 0.18944 0.06907 0.23202 0.12888 -0.02867 -0.20632 0.12685 0.18251 0.26963 0.13034 -0.22022 0.26653 -0.17216 -0.10027 -0.37945 0.02649 -0.22839 0.32267 -0.38570 0.21140 0.11189 0.11437 -0.21834 -0.12514 0.03142 0.21819 -0.17214 -0.14284 0.30303 -0.00882 -0.16229 0.20783 -0.27438 -0.20410 -0.10411
0.29036 -0.41166 0.11677 -0.27505 0.42658 -0.12488 0.09266 0.03309 0.25191 -0.17405 0.06910 -0.29907 0.26625 0.05534 -0.19199 -0.14834 0.07899 0.42240 -0.32031 0.13554 -0.38230 0.11843 0.15916 -0.03768 -0.09172 0.25419 -0.00768 -0.23186 0.34259 -0.14699 -0.42907 -0.24712 0.04753 -0.11299 -0.18418 0.03989 -0.23973 -0.02000 0.08035 0.51916
-0.27719 0.05439 0.25872 -0.08022 -0.09985 -0.01519 -0.14193 0.42669 -0.24274 0.14442 0.26491 -0.00413 0.14246 0.24439 0.28273 -0.33414 0.17851 -0.42452 0.07196 -0.38731 0.29757 0.36585 0.08494 0.19087 -0.15217 -0.00847 -0.26859 -0.14059 0.20938 0.16613 0.25511 0.09566 -0.16477 0.36502 0.06006 0.31026 -0.00819 0.02250 0.17244 -0.25604
-0.17324 -0.26205 -0.04558 0.12144 0.07107 -0.25841 -0.10352 0.43538 0.09810 -0.03631 0.24925 -0.18394 0.29726 0.17846 0.10372 0.09421 0.33881 -0.33889 0.22879 -0.30508 0.21231 0.27013 0.18259 -0.12936 -0.20896 0.12966 -0.01233 0.12714 0.21554 0.03817 0.29711 -0.15538 -0.21484 0.25749 -0.02517 -0.00221 0.11185 -0.10355 -0.12101 -0.01956
0.40971 -0.17504 0.29938 0.06091 0.04118 -0.14415 0.05137 -0.22778 0.02783 -0.18226 -0.12161 -0.09842 -0.25697 -0.03328 0.31653 0.16173 0.13762 0.00567 -0.19934 0.19429 0.37323 0.18809 -0.08126 -0.09308 0.27337 -0.04606 -0.13302 -0.03964 0.19366 0.00542 -0.08001 -0.29215 0.40290 0.11512 -0.00131 0.37245 -0.04544 0.00518 -0.12652 -0.35082
0.10869 -0.32278 0.10112 -0.04092 0.19712 0.24668 -0.01586 -0.18472 -0.25825 -0.16178 -0.31324 -0.23545 0.25438 0.47403 0.15078 0.07586 0.06925 -0.24125 0.17986 0.41807 0.21749 0.16945 0.16821 -0.01301 0.01134 -0.04298 -0.01820 0.34658 0.11488 0.22669 0.15225 0.40338 0.28577 0.03079 -0.22180 -0.15229 -0.23877 0.28891 -0.14035 -0.16468
-0.19100 -0.41802 -0.22994 -0.15130 -0.47294 -0.38796 -0.36818 0.25050 0.20762 0.12114 -0.23536 0.22042 -0.10994 -0.11226 0.37929 0.37519 -0.28102 -0.32210 0.05730 -0.45489 0.03777 -0.10473 -0.42327 0.06852 0.05747 0.29269 0.14952 -0.33189 -0.19689 -0.25865 0.24640 0.23746 0.48176 0.22098 0.21305 0.06972 0.07832 -0.28385 0.06850 0.45843
0.06001 -0.20758 0.10421 -0.23473 -0.17396 0.10221 0.21668 -0.02521 -0.05147 -0.09890 -0.21113 0.04846 -0.16346 -0.23983 -0.25845 -0.14874 -0.13535 -0.11422 0.28458 0.39873 -0.01732 0.06910 -0.17976 -0.00734 0.08521 -0.15903 -0.18564 -0.11004 -0.00407 -0.16844 0.38094 -0.27172 -0.11940 -0.18053 -0.28314 0.05992 -0.11777 -0.13919 0.03683 -0.07073
-0.28998 -0.00607 -0.05023 -0.22233 0.23346 -0.20008 0.18215 -0.30923 0.22036 -0.35021 0.10368 0.05701 0.25707 0.27042 0.32059 -0.12729 0.03427 0.15333 0.13672 -0.00613 0.29219 -0.25067 -0.34992 -0.24815 0.10379 -0.29645 0.12983 0.04727 0.22599 -0.46498 -0.25361 0.15115 0.36393 -0.31566 0.22984 -0.26209 0.28578 0.02017 -0.20965 -0.31920
-0.03939 0.19897 -0.10592 0.06673 0.01163 -0.27778 0.09090 -0.31740 0.12314 -0.12925 -0.17301 0.08515 0.12429 -0.09787 0.37659 0.34428 -0.23701 -0.10547 0.06984 -0.23661 -0.12453 0.25324 -0.22333 -0.10533 -0.30366 -0.18293 0.22470 0.10050 -0.23636 -0.14532 -0.01004 0.12369 -0.16695 -0.26673 0.08512 0.30956 0.00846 -0.22922 -0.18408 0.04923
-0.29704 0.05662 -0.10565 0.06530 0.06850 -0.42878 0.27619 0.14471 0.30793 -0.15651 0.07115 0.16379 0.29725 -0.30934 -0.00032 -0.30498 -0.24778 0.32664 0.03677 0.29961 -0.30662 0.23320 0.16598 -0.21918 0.29756 0.33711 0.22306 0.28921 -0.24638 0.38430 0.40533 -0.17980 -0.38127 -0.15879 -0.13353 -0.28492 -0.14714 0.29742 -0.42024 0.10816
0.10904 -0.08894 -0.25063 -0.03162 -0.16310 0.14877 -0.19718 0.21750 0.24942 -0.02293 -0.15182 0.14286 0.15995 0.15329 0.12697 -0.03005 0.21586 0.29929 -0.19694 -0.25915 -0.01951 0.25726 0.42087 -0.31926 0.40243 -0.22668 0.15377 0.16387 -0.03168 0.01864 0.11767 0.00615 0.10962 -0.10409 0.23002 0.22295 0.09162 0.01159 -0.12753 -0.32526
0.07801 0.28289 -0.20351 -0.02195 -0.18772 0.33435 -0.09705 -0.12102 0.24487 0.35113 -0.01568 0.19392 0.28458 -0.22012 -0.05899 0.18605 0.15226 -0.27585 0.27030 0.20318 0.17448 -0.09015 -0.09063 0.22950 0.01607 0.31357 -0.04488 0.24680 -0.16156 -0.11743 -0.22004 -0.21638 -0.12929 -0.15662 -0.27342 -0.03825 -0.02816 -0.12161 -0.13967 0.13594
0.22803 -0.03933 -0.17095 0.21035 0.26343 -0.37156 0.17060 -0.00352 0.10755 -0.40523 -0.09112 -0.36242 0.17085 0.06596 0.35987 -0.15673 0.08663 -0.23020 -0.10600 0.16490 -0.04764 0.27464 0.02065 0.34839 -0.24937 -0.04835 0.42859 -0.09194 0.28619 -0.34535 0.12992 -0.06414 -0.20698 -0.35737 -0.18131 0.27664 -0.37912 -0.06071 -0.11640 -0.15306
0.03102 0.29283 0.23549 -0.03145 -0.36352 0.13111 -0.21459 0.22412 -0.23945 0.29550 -0.16407 0.05603 0.29641 0.03222 -0.19965 0.19018 0.35678 -0.20890 0.17090 -0.14165 0.03030 0.11541 0.07750 0.04940 -0.10070 0.26240 -0.23541 -0.02020 0.08716 -0.08964 -0.07995 -0.16735 -0.04952 0.08994 0.20602 0.15446 0.07195 -0.02402 -0.42544 0.04505
-0.10512 -0.03707 -0.02911 -0.32435 -0.22788 0.32187 0.14204 -0.40084 0.00231 -0.11815 0.25733 -0.04220 0.35964 -0.00448 -0.19592 0.22846 -0.13290 0.31540 -0.09997 0.02379 0.00949 -0.14962 0.09282 -0.04754 0.11453 -0.22570 0.01222 -0.07265 -0.26971 -0.10388 -0.19577 -0.06143 -0.05741 0.38880 0.05879 0.06826 0.16053 0.05813 -0.36602 -0.00425
0.02008 0.09217 0.10275 0.35592 -0.09551 0.22615 -0.36628 -0.20712 -0.11469 0.30685 0.18619 -0.19868 -0.14303 0.11888 0.36599 0.36706 -0.01291 -0.30730 0.37614 0.44396 -0.22073 -0.35824 -0.35213 0.46903 -0.40686 0.26851 0.16501 -0.28916 -0.29412 0.41153 -0.21314 0.42133 -0.27023 -0.38674 0.40878 -0.01728 0.19349 -0.37484 0.10077 -0.02168
