0.21228 0.03901 0.01640 -0.07950 -0.00254 0.00642 0.03811 -0.02163 -0.00341 0.14516 0.03003 0.26358 0.04815 0.07599 0.24373 0.03837 0.18531 -0.31702 -0.21712 0.02135 0.09583 0.16519 -0.12918 0.19416 0.00029 0.18950 0.12075 0.18372 0.01032 -0.09601 -0.05598 0.03593 -0.01895 -0.05445 -0.39163 -0.11918 0.06284 -0.11405 -0.27866 0.00600
0.36876 -0.00197 -0.03813 -0.13634 -0.30824 0.05054 -0.17341 -0.19183 -0.04518 0.09728 -0.15190 -0.10343 0.01341 0.13999 0.09229 -0.12205 0.26915 -0.07556 -0.02722 -0.10022 0.25969 0.03289 0.24382 0.16354 0.02412 0.11552 0.03516 -0.00585 0.07673 -0.15338 -0.08205 -0.08265 0.12235 -0.21107 -0.30068 -0.13883 0.24404 -0.11541 -0.11094 0.04640
0.04653 -0.25037 -0.00440 0.05212 -0.13220 0.02293 0.02128 0.14390 -0.04811 0.16455 -0.08235 0.09227 -0.08432 0.01614 0.12724 0.01560 0.10244 -0.11085 -0.02353 -0.07778 0.25812 0.11064 0.13138 0.09751 0.01096 0.00654 0.11082 0.01592 0.04021 -0.17008 -0.11602 0.20810 -0.03542 0.00038 -0.28223 -0.01350 0.19045 0.06978 -0.23991 0.13313
0.28590 -0.21383 -0.01133 -0.04659 -0.21435 0.04107 -0.00131 -0.00709 0.00496 0.07139 -0.04551 0.01632 -0.02458 -0.08626 0.22850 -0.05190 0.08865 -0.03859 -0.00657 -0.19440 0.04935 -0.03630 -0.06236 -0.12967 -0.06644 0.05161 0.12809 0.11240 0.16358 -0.08330 -0.14354 0.25086 -0.24663 -0.20168 -0.20027 -0.02934 0.14373 0.18259 -0.23734 -0.00900
0.22153 -0.06513 -0.06743 -0.09026 -0.08168 0.03151 0.01872 0.07810 -0.08540 -0.06875 -0.09873 -0.04900 0.14861 -0.02602 0.00326 0.13181 -0.03535 -0.07743 -0.07316 0.08286 -0.06327 -0.17559 -0.17632 0.11830 0.21486 -0.37586 0.17889 0.04536 -0.05210 -0.23727 -0.06107 -0.06392 0.04338 -0.23023 0.12449 0.04107 0.04887 -0.33753 0.15051 0.01596
-0.14673 0.14013 0.10226 -0.31729 -0.12529 -0.12007 0.19232 -0.15475 0.11458 -0.18884 0.12055 -0.13741 0.05425 -0.04377 -0.03437 -0.12402 -0.10830 -0.08655 0.24212 -0.08213 0.08503 0.12193 0.11806 0.07566 -0.25461 0.32638 0.24276 -0.09529 -0.23962 0.23944 0.16734 -0.06753 -0.20341 -0.08856 0.05634 0.03710 -0.12813 0.16448 0.14470 0.19221
-0.07738 0.28160 0.08665 -0.32862 -0.04578 -0.05528 0.08933 -0.29658 0.08701 -0.04315 0.10232 -0.10418 0.17770 0.04632 -0.10445 -0.10625 -0.08891 -0.06971 0.23323 -0.09079 -0.00165 0.11643 0.11150 -0.12339 -0.20989 0.28840 0.10057 -0.03507 -0.06428 0.09688 0.15311 -0.08231 -0.26327 0.00695 0.14777 0.08244 -0.15046 -0.09058 0.17535 0.19974
0.08278 0.28347 0.02220 -0.22947 -0.06966 0.08110 0.16742 -0.20409 0.17631 -0.06184 0.10921 -0.10795 0.08859 -0.08443 -0.12903 0.08596 -0.01631 0.13102 0.23030 -0.05939 -0.02164 0.20285 0.12291 -0.01069 -0.35528 0.25320 0.20973 0.04226 -0.22744 0.06029 0.04642 -0.07225 -0.18821 -0.04459 0.02176 0.04502 -0.17471 0.05394 0.11212 0.16772
-0.23299 0.02424 -0.23170 0.32776 0.12308 -0.24273 0.01942 -0.25496 -0.15482 -0.13910 0.08359 0.21842 -0.14549 0.11053 0.06894 -0.22884 -0.08794 0.10654 0.23213 -0.16493 -0.23374 -0.15961 -0.05186 -0.12608 -0.08503 0.10112 -0.27390 -0.13451 -0.00241 0.15111 0.03601 0.15563 0.08654 0.08620 0.07057 -0.20240 0.13124 0.00578 -0.14854 -0.14589
0.15182 -0.13741 -0.04037 0.13405 -0.03799 -0.04656 0.16395 0.07791 -0.17809 -0.09871 -0.15109 -0.03079 0.18272 -0.02161 0.01557 0.02911 -0.02567 -0.05754 -0.11527 0.01564 -0.09036 -0.16185 -0.30191 0.24481 0.18931 -0.32728 0.14384 0.02205 -0.03547 -0.18318 -0.09308 -0.03240 -0.08847 -0.29797 0.01040 0.15568 0.08981 -0.14817 0.11192 0.00223
-0.18078 0.10716 -0.15695 0.31646 0.12138 -0.15650 0.05856 -0.16961 -0.10938 -0.01314 -0.00873 0.18574 -0.08840 0.02217 0.02579 -0.12497 -0.08143 0.03970 0.13584 -0.14091 -0.12891 -0.19590 -0.09668 -0.19913 -0.02235 0.11514 -0.22089 -0.10219 0.10880 0.03263 0.07526 0.15455 0.10391 0.05328 0.06907 -0.11179 0.10688 0.11466 -0.16232 -0.04936
0.08739 -0.00558 -0.03962 0.05914 0.04538 0.05021 0.20364 0.17527 -0.22203 0.02851 -0.14390 0.05465 0.18045 -0.02690 -0.03146 0.05792 -0.00109 -0.12379 -0.20685 -0.09688 -0.14498 0.02554 -0.21824 0.10792 0.04064 -0.20673 0.13279 0.00090 -0.03544 -0.26742 -0.14397 -0.07156 -0.01945 -0.22804 -0.00916 0.06809 -0.02573 -0.26913 0.07786 -0.07120
-0.00395 -0.33453 0.09142 -0.00937 -0.17920 0.07784 -0.01207 0.15387 -0.27444 0.04864 -0.16931 0.01929 -0.04924 -0.07404 0.05357 -0.07901 -0.11652 -0.07368 0.01813 0.02663 -0.04344 0.17428 -0.11203 0.03562 -0.23254 0.12799 0.08146 0.15545 0.14226 -0.09168 -0.01307 0.28506 -0.19292 -0.00571 -0.20253 0.03555 0.19582 -0.00673 0.03261 0.03569
0.01317 -0.28045 0.11480 0.02940 -0.12614 0.03952 0.00657 0.16365 -0.03958 0.13191 -0.12482 0.05789 -0.06018 -0.04694 -0.01381 -0.02050 -0.04913 -0.06589 -0.11975 -0.07413 0.16445 0.06780 0.03335 0.02608 -0.02195 -0.00395 0.10025 0.11215 0.15917 -0.11102 -0.04708 0.15637 -0.19387 0.02765 -0.18218 -0.05297 0.14728 0.03506 -0.27018 0.08383
-0.03884 -0.09171 0.10312 0.01637 -0.13934 0.05188 0.00921 0.16048 -0.07348 0.21549 0.00417 0.10513 -0.04980 0.05366 0.17064 0.08772 -0.08017 -0.11836 -0.01185 -0.15582 0.16961 0.18199 0.05019 -0.12500 -0.06876 0.11267 -0.03650 0.14383 0.21331 -0.03566 -0.14469 0.15956 -0.10290 -0.10226 -0.05575 -0.08894 0.20834 -0.13685 -0.22207 0.08817
0.01464 -0.25915 0.01600 0.00913 -0.17843 0.04387 0.05970 0.18176 -0.02989 0.13661 0.02220 0.13472 -0.16049 0.09773 0.12506 -0.00128 0.16438 -0.05838 -0.12042 -0.09908 0.20445 0.06353 0.07777 -0.00334 -0.11349 0.06464 0.00439 0.11813 0.23455 -0.03874 -0.15780 0.17966 -0.00259 -0.00442 -0.17113 -0.08531 0.14491 0.14850 -0.07405 0.14292
-0.06643 -0.16144 0.22745 -0.01976 -0.19843 0.09771 0.13529 0.31810 0.02843 0.22819 0.15574 0.15395 0.00798 -0.09365 0.07798 0.15870 0.15192 0.01335 -0.00430 0.05768 0.26084 0.05269 0.03922 0.22875 0.03733 -0.07391 0.14451 -0.08939 -0.01877 0.05336 0.07773 0.40270 -0.14255 0.15168 -0.38717 -0.14916 0.11438 0.26235 -0.16985 0.16961
0.31077 -0.11231 -0.13705 0.06519 0.02069 0.09360 0.07449 0.10689 -0.04271 -0.06410 -0.04017 0.02065 0.18017 -0.04166 -0.01560 -0.06475 0.02967 -0.03278 -0.00648 0.00611 -0.01533 -0.22906 -0.23788 0.14911 0.15255 -0.28869 0.13574 -0.12968 -0.20911 -0.24448 -0.10179 -0.06959 -0.03338 -0.26041 -0.01305 0.01422 -0.05227 -0.23611 0.15014 -0.10863
0.35966 -0.15698 -0.08504 -0.00165 -0.08748 -0.11569 -0.04951 0.17629 -0.02400 -0.04220 -0.17390 -0.02149 0.11128 0.01765 0.05664 0.07725 0.07138 -0.08378 -0.03207 0.00697 -0.01260 -0.13934 -0.18732 0.18505 0.17082 -0.27416 0.24349 0.03099 -0.09192 -0.31160 -0.08361 -0.09377 -0.09057 -0.34037 0.04747 0.05314 0.01010 -0.30419 0.11970 0.05601
0.15948 -0.19358 -0.10276 -0.08919 -0.11954 0.13433 0.14253 0.14517 -0.16096 0.30714 -0.09869 0.05079 0.09275 0.12062 0.26703 0.08462 -0.00233 -0.13517 0.06472 0.02859 0.17446 0.19447 0.07349 0.20747 -0.06892 0.07421 -0.05693 0.25847 0.14729 0.03414 0.08954 0.35275 -0.01205 0.15299 0.00290 -0.13031 0.06657 0.20191 -0.24581 0.00940
-0.04876 -0.15161 0.18528 0.02711 -0.02670 0.14131 0.13181 0.11156 0.06997 0.15808 0.07927 0.21873 -0.11145 0.16402 0.02743 0.10279 0.07626 -0.19089 -0.03419 -0.01660 0.28250 0.21677 0.03837 0.08410 -0.08575 -0.15052 0.16090 0.12797 0.27256 -0.00841 -0.14198 0.20379 -0.18348 0.12527 -0.38502 -0.17987 0.20167 0.07470 -0.18853 -0.22318
0.03920 0.30349 0.07989 -0.22008 -0.01884 0.02183 0.11408 -0.21858 0.05138 -0.10390 0.01239 -0.10906 0.17445 0.03937 -0.11186 0.02219 -0.11118 -0.02871 0.12953 -0.23744 0.04433 0.07656 0.09331 -0.00738 -0.35004 0.25166 0.14361 -0.03984 -0.08752 0.14484 0.05396 -0.10428 -0.21610 -0.07755 0.00028 0.05130 -0.08398 -0.03646 -0.01474 0.24406
0.02551 -0.23137 0.24989 0.02622 -0.17150 0.04830 0.11426 0.07016 -0.12643 0.23379 -0.04310 0.08848 0.08540 -0.14095 0.12177 0.16152 0.16434 -0.22149 -0.01540 0.06372 0.33822 -0.04177 0.03944 0.12740 0.03436 -0.20136 -0.07167 0.13818 0.26503 -0.20633 0.02502 0.28713 0.11462 -0.14756 -0.20742 -0.10311 0.15515 0.07953 -0.11308 0.03618
-0.06976 0.38485 0.02427 -0.17565 -0.12441 -0.01477 0.09896 -0.19430 0.02523 -0.01154 -0.05799 -0.03970 0.12438 0.17323 -0.22003 -0.07815 0.04394 0.02016 0.09901 -0.30128 -0.06972 0.23522 0.10197 -0.32386 -0.24639 0.20997 0.18731 0.12547 -0.06754 0.13452 -0.10953 -0.27887 -0.13713 0.01651 0.11940 0.23927 -0.10748 -0.02176 0.04339 0.09036
0.12692 0.09851 0.03161 0.42536 0.02668 0.05085 -0.00535 0.12246 0.05561 0.12640 -0.01592 -0.06061 -0.15319 -0.19128 -0.24403 -0.22979 -0.00625 -0.10991 -0.11186 -0.16376 -0.11104 0.01463 0.07491 0.05983 0.02332 0.29503 -0.20790 0.19280 -0.13798 0.24265 -0.05396 -0.06607 -0.13962 0.20856 -0.15148 0.01279 0.16801 -0.12385 0.08155 0.00661
-0.33566 0.01141 -0.31503 0.11927 -0.15304 -0.05435 0.04204 0.04082 -0.06704 0.14173 -0.03691 -0.09173 -0.09618 0.05244 -0.02002 0.15524 -0.04639 -0.06310 -0.16645 0.29903 -0.27713 -0.12466 -0.04775 0.11345 0.13376 0.12396 -0.29732 -0.10380 -0.15097 0.07067 0.20274 -0.09228 0.06304 -0.01169 0.08752 0.29412 -0.21707 -0.00437 0.29069 -0.16153
-0.28954 0.02798 -0.21865 0.27840 0.09203 0.01922 0.25931 -0.15563 -0.23627 0.14193 0.11369 0.15969 -0.24432 -0.25441 -0.18204 0.08382 -0.17278 0.13956 -0.34208 0.07741 -0.25437 -0.22925 0.01530 -0.04887 -0.10055 0.31434 -0.27822 -0.20945 0.13312 0.31014 0.19303 -0.14504 -0.04256 -0.22827 0.27038 -0.05520 0.29245 0.21885 -0.23753 -0.06923
0.07873 0.02393 0.09726 0.13433 0.02068 -0.00634 -0.21110 0.15349 -0.04174 -0.06324 -0.15321 -0.15902 -0.09978 -0.08178 -0.10253 0.11093 0.19076 0.22407 0.12829 -0.03876 0.09127 0.06857 0.32647 -0.20983 -0.07287 -0.10096 -0.20681 -0.06477 -0.16406 -0.19920 -0.21034 -0.10735 -0.20786 0.04489 0.12734 0.20170 0.25474 -0.16100 -0.16867 -0.10591
0.20426 -0.05996 0.07656 0.05594 -0.04815 0.07814 -0.10322 0.14333 0.18164 0.06263 0.02746 0.07583 0.01924 0.16835 0.15173 -0.09305 0.03885 0.04542 0.00446 -0.01523 0.06924 0.26100 0.05998 -0.11636 -0.01994 0.12022 0.17194 -0.01017 0.04156 0.00457 -0.06539 0.30116 0.07047 -0.00866 -0.34064 0.05819 0.21201 0.10321 -0.26582 -0.06815
0.26311 -0.16315 0.14379 0.04595 -0.19807 0.14435 -0.14022 0.14750 -0.04345 0.30355 -0.04749 0.04911 0.05521 -0.13588 0.06795 0.09959 -0.18796 -0.02511 0.11244 -0.18691 -0.02258 0.08569 -0.00299 -0.01017 -0.05502 0.16775 0.15777 0.20643 0.07071 -0.13194 -0.11277 0.19383 -0.23646 0.15087 -0.14078 -0.06830 0.16775 -0.00341 -0.25576 0.14351
0.07326 -0.07554 0.04764 -0.06408 0.04857 0.05563 -0.03570 0.11685 0.07548 0.18997 -0.15072 0.07044 0.10582 -0.16511 0.13392 0.04507 0.06641 -0.09352 -0.13778 0.02587 0.26613 0.19820 -0.12729 0.13665 -0.16191 -0.00430 0.11139 0.00589 0.16936 -0.24197 0.00367 0.26944 0.10664 -0.03686 -0.06885 -0.14169 0.09149 0.06191 -0.17434 -0.08265
-0.36042 0.04454 -0.30531 0.20901 -0.13559 0.07931 -0.13134 0.12841 -0.07407 0.18239 0.09582 -0.20117 -0.07448 0.11564 -0.06846 0.06705 -0.03378 -0.12273 -0.06462 0.21472 -0.39881 -0.06899 -0.09519 0.16838 0.14247 0.16983 -0.26038 -0.11657 -0.19669 0.18057 0.17047 -0.00207 0.10595 0.12906 0.06600 0.28710 -0.25091 0.14495 0.31854 -0.00553
-0.24835 0.15766 -0.24874 0.31115 0.15397 -0.13987 -0.03810 -0.15749 -0.11860 -0.02239 0.10912 0.18167 -0.05798 0.08805 0.04048 -0.12314 -0.09403 0.07972 0.13081 -0.09566 -0.19029 -0.18548 -0.05782 -0.16981 -0.03075 0.08153 -0.24538 -0.09574 0.06283 0.08719 0.12031 0.10250 0.14830 0.08899 0.10523 -0.15543 0.04468 0.03213 -0.11563 -0.14947
0.00930 0.32089 -0.06765 -0.17139 -0.02334 -0.03507 0.09711 -0.15068 0.00814 -0.11080 0.18030 -0.16815 0.09892 -0.03964 -0.05794 -0.05047 0.02806 -0.13421 0.19143 -0.02334 -0.03858 0.13454 0.06736 -0.10605 -0.33002 0.26395 0.12651 -0.12943 -0.18864 0.17752 0.00399 -0.05802 -0.18191 0.01423 0.03127 -0.10901 -0.18879 0.02116 0.12549 0.19545
0.03314 0.21260 0.18334 0.07623 0.06739 0.04821 -0.15122 0.01089 -0.03497 0.10348 0.13631 -0.07889 0.00178 0.09868 -0.19926 -0.16953 -0.02174 0.03538 0.13478 -0.21177 -0.08066 0.06683 0.05467 -0.31971 0.00705 0.02758 -0.01612 0.13312 0.15241 -0.04627 -0.28903 -0.20911 -0.20625 0.11200 0.05278 0.05326 -0.05580 0.14894 0.07857 0.06713
0.16533 -0.11936 -0.14885 0.13867 0.08634 0.11277 0.09828 0.24952 -0.19061 -0.03614 -0.01607 -0.04354 -0.03863 0.11024 -0.23224 -0.00799 -0.11160 0.07551 -0.12495 -0.03889 -0.06216 -0.09666 0.19021 -0.03381 -0.07712 0.20539 -0.14753 0.02859 -0.11934 0.07879 0.07914 -0.10548 -0.06589 0.02241 -0.19286 -0.02375 0.01588 0.21411 -0.11513 0.10278
-0.06980 0.09815 -0.11536 -0.01164 -0.10315 0.06237 -0.25562 -0.05862 0.05532 0.02962 -0.22947 0.01033 0.20453 0.02006 0.13756 0.05121 -0.06289 0.12261 -0.06517 -0.35272 -0.17694 0.04537 0.16136 -0.28801 0.23777 -0.21356 -0.06983 -0.06121 0.05527 0.08241 -0.02190 -0.06884 -0.11979 -0.12263 0.22669 0.01116 0.05088 -0.14578 0.06376 -0.11119
0.10071 -0.01107 0.13812 0.11110 -0.03171 -0.03656 -0.18701 0.20592 0.00685 -0.08502 0.01090 -0.22679 -0.13996 -0.08064 -0.10941 0.09430 0.16682 0.20054 0.08008 0.07537 0.20523 0.14848 0.36216 -0.21499 -0.13055 -0.00033 -0.26709 0.01268 -0.10741 -0.18278 -0.27071 0.01298 -0.19597 0.09128 0.00034 0.20054 0.18146 -0.09994 -0.02046 -0.23094
0.11010 0.14118 -0.02093 0.31751 -0.04509 0.04447 -0.20213 -0.09103 -0.30946 0.02206 -0.29930 -0.03347 0.09865 -0.20429 0.14054 0.06200 0.26063 0.03935 -0.19779 -0.17016 -0.04223 0.19888 -0.15497 0.01514 -0.23202 0.21199 -0.17458 -0.05986 0.14099 0.00511 -0.25943 0.29712 0.03104 0.00097 0.13881 0.03049 0.15276 0.07475 0.09929 0.07029
-0.02832 0.43041 -0.04641 -0.12206 -0.03305 0.12694 0.17130 -0.11200 0.26360 -0.04510 0.12812 -0.18104 0.00563 0.02710 -0.19950 -0.03095 -0.07361 -0.01769 0.19000 -0.11033 -0.04662 0.03955 0.02605 0.04850 -0.31071 0.24112 0.16693 -0.13469 -0.18552 0.13783 0.23293 -0.16910 -0.09538 0.01592 -0.02039 0.04874 -0.16233 0.01791 0.02723 0.24940
