-0.05342 -0.11196 -0.10347 -0.36667 0.02521 0.02879 0.14501 -0.14224 -0.12104 -0.11629 -0.01012 0.24733 0.12805 -0.01061 -0.27506 0.19567 0.02987 0.10333 0.06354 0.39612 0.03387 -0.14520 -0.08335 0.19102 0.19257 -0.15410 -0.07508 -0.12119 0.01301 0.12303 0.11528 -0.10294 0.15469 -0.00345 0.11022 0.10093 0.01041 -0.03481 -0.02040 -0.16874
-0.02435 -0.11910 0.06261 -0.15162 0.23991 0.24506 0.07380 -0.09169 0.16103 -0.09725 0.01880 0.13775 0.00963 0.12535 -0.15010 -0.01372 0.05601 0.16139 0.17831 0.40149 0.01644 -0.26376 0.16019 0.13705 0.11790 -0.19570 0.12431 -0.04345 -0.02930 0.16962 0.03830 0.12443 0.09728 0.00327 0.17988 0.05136 -0.03131 0.25812 -0.33833 -0.14221
0.03846 -0.03874 0.20484 0.20793 0.02546 -0.04993 0.11638 -0.06274 0.00975 0.28531 -0.00650 -0.32499 -0.14715 -0.00290 0.28245 -0.19475 0.03402 -0.19650 -0.11979 -0.36495 -0.03777 0.06222 0.10343 -0.27750 -0.02380 0.09126 0.08438 0.05584 0.16574 0.03687 0.00163 0.14251 -0.21878 0.02676 -0.26315 -0.21745 -0.10460 -0.37120 0.11305 0.04539
0.05029 -0.03995 0.18885 0.20243 0.01697 -0.06870 0.11341 -0.07895 0.01415 0.27668 -0.03378 -0.30761 -0.12834 0.00455 0.26424 -0.18153 0.03643 -0.21198 -0.14568 -0.35678 -0.02669 0.06216 0.08598 -0.25993 -0.03635 0.10112 0.06841 0.04806 0.16057 0.04289 -0.00547 0.11444 -0.19132 0.02147 -0.25366 -0.21885 -0.08905 -0.32965 0.14063 0.03781
-0.04453 -0.09694 0.03594 -0.18175 0.27948 0.20774 0.06732 -0.10366 0.10584 -0.10953 0.03054 0.16277 0.05857 0.12767 -0.19722 -0.00294 0.05677 0.18354 0.15443 0.44091 0.03767 -0.28501 0.15370 0.12858 0.11607 -0.16866 0.09770 -0.07628 -0.04805 0.14051 0.08993 0.12116 0.11652 0.01461 0.14866 0.07864 -0.02445 0.24084 -0.32084 -0.18299
-0.09900 0.07924 -0.09462 -0.06758 -0.02857 -0.13771 0.18042 -0.07339 -0.16835 0.06544 -0.06787 -0.00344 -0.03133 -0.15821 0.18600 0.14488 -0.14379 -0.14582 -0.04641 -0.32557 -0.27941 -0.02043 0.08314 0.08422 0.13428 0.02322 0.04811 0.15708 -0.05813 -0.10762 0.34236 0.12941 -0.36628 -0.11905 -0.10228 0.13938 -0.20751 -0.20409 -0.00459 0.09095
0.12170 -0.11687 -0.00345 0.25931 -0.24579 -0.07705 0.08670 0.06405 0.02356 0.00136 -0.11515 -0.02401 -0.27284 0.09896 0.21194 0.04370 0.05042 -0.23409 0.12397 -0.41737 -0.07600 0.23128 -0.24955 -0.13623 -0.06249 0.13687 -0.06401 0.13762 0.17259 0.04431 -0.03189 -0.06273 -0.18060 -0.13182 0.06055 -0.27946 0.11844 -0.07250 0.21457 0.20252
0.21978 -0.05886 -0.01305 0.14974 -0.13373 0.07764 0.04659 0.01093 0.08220 0.01522 0.00996 0.09915 -0.15457 0.11776 -0.01383 -0.03264 -0.02837 -0.03084 0.14068 -0.11661 0.04157 0.17880 -0.28095 -0.12524 -0.13007 -0.11742 -0.13862 0.00779 0.19400 0.12211 -0.15643 -0.05548 -0.03262 -0.06064 0.12171 -0.22085 0.19106 -0.12206 0.11766 0.16795
0.23354 0.17126 -0.07175 0.01724 -0.11140 0.01269 0.27899 -0.17552 0.03850 0.17727 0.03655 0.08707 -0.11804 0.05590 0.04737 0.05678 -0.09830 -0.16627 -0.05579 -0.19428 -0.05137 0.07717 0.02219 0.04515 0.05766 -0.17284 -0.04682 0.05870 0.16995 0.22604 0.04493 -0.01373 -0.10849 -0.14012 0.03795 -0.09825 -0.07869 -0.26110 -0.04140 0.13343
0.11398 -0.09359 0.11883 0.06589 -0.14662 0.02473 -0.21167 0.09746 0.15636 0.07712 -0.02531 -0.00013 -0.18403 -0.01190 0.07126 -0.16350 -0.09833 -0.34138 -0.05437 0.07174 -0.02225 0.29019 0.01491 -0.10052 0.10508 0.16586 -0.12561 0.01561 -0.05877 0.04058 -0.34233 0.03761 0.05163 -0.02576 -0.10958 0.08621 -0.01969 -0.04183 0.11961 0.19848
0.11766 -0.01836 -0.03253 0.19447 -0.21322 0.26024 0.08028 0.11258 -0.02414 -0.05995 0.10347 0.08981 -0.18242 0.06155 0.17154 0.05942 0.15524 -0.14464 0.37981 -0.13036 0.03813 0.06206 -0.09057 0.10479 0.09754 -0.12070 -0.01300 0.05665 0.06298 0.11612 0.02040 -0.21833 -0.03715 -0.14368 0.19260 -0.05047 0.05951 0.01805 -0.01174 0.25758
0.00499 -0.04914 -0.13659 -0.15230 -0.06138 -0.15715 0.17682 -0.00990 -0.20524 0.01110 -0.16207 0.16319 -0.01355 0.03023 -0.01853 0.25459 0.04590 0.00015 0.04459 -0.08619 -0.12882 -0.04745 -0.22016 0.11895 0.11637 0.04185 -0.05264 0.00937 0.03584 0.01720 0.29050 -0.01706 -0.14985 -0.16964 0.05900 -0.00477 0.04996 -0.07816 0.00359 0.06691
