0.09613 -0.01009 -0.03050 -0.05486 -0.30825 0.03812 -0.05273 0.11459 0.07393 -0.04452 0.23240 0.01211 -0.02476 0.03547 -0.21846 -0.12741 0.00066 0.05320 0.13309 -0.17493 -0.22451 0.25102 -0.02491 0.01009 -0.06080 -0.01689 -0.05812 0.04962 0.07552 0.07627 0.15710 0.20111 -0.21049 -0.02036 0.01270 0.07596 0.05626 0.08257 -0.14260 -0.04468
0.10494 0.17435 0.00034 -0.01356 -0.25826 -0.09831 -0.10203 -0.17723 0.24606 -0.28586 -0.00717 0.12834 -0.06777 -0.08523 -0.09807 -0.00772 0.10428 -0.31674 0.03706 0.11191 -0.16402 -0.17426 0.15102 0.01319 0.02672 0.05891 0.00566 -0.16146 -0.13220 -0.01114 -0.04408 -0.20094 -0.01343 0.23567 0.04189 0.07477 0.04691 0.08816 0.24447 0.02691
-0.00762 -0.03675 -0.12779 0.05131 0.26275 0.07621 -0.09321 -0.10556 -0.15295 0.10943 0.02948 -0.05031 0.06888 -0.00082 0.03599 0.02576 0.06286 0.04640 -0.22154 -0.14648 0.04278 -0.00005 -0.18490 0.29429 -0.27044 0.18223 -0.08709 -0.16276 0.22139 -0.12112 0.04838 0.05599 -0.05773 -0.16838 -0.14850 0.15898 0.05523 -0.01188 -0.01520 0.02666
0.17342 -0.23914 -0.06397 0.07890 0.08992 0.41404 -0.09179 0.04080 -0.24469 -0.06923 -0.21133 -0.02385 -0.09390 -0.14311 0.20621 0.19514 -0.28522 -0.00871 -0.14970 -0.20981 0.14000 -0.06062 0.00366 0.07100 -0.19853 0.24113 -0.03881 -0.17282 0.08264 -0.13545 -0.27085 0.00385 -0.10722 -0.17609 -0.23375 0.00033 0.08713 -0.12838 -0.21861 0.29397
0.05484 0.02095 -0.09850 0.03789 -0.34807 0.06611 -0.02279 0.00999 0.02896 -0.05942 0.37187 0.03573 -0.01357 0.08531 -0.23622 -0.03410 -0.01649 0.04086 0.17193 -0.03062 -0.27897 0.27871 -0.04954 0.05773 -0.06312 0.06489 -0.07344 0.03484 0.11227 -0.03541 0.21673 0.24045 -0.17123 -0.01142 -0.00656 0.15179 -0.00376 0.06780 -0.03397 -0.10873
0.01741 -0.18051 0.00329 -0.22324 0.17844 0.17908 -0.04555 0.09518 -0.15846 0.10456 0.01861 -0.21011 -0.00705 0.04658 0.04477 -0.08694 0.00376 0.04905 -0.02084 0.07345 0.14734 0.02716 -0.15284 0.11579 -0.19069 0.15073 -0.04171 -0.05114 0.15302 -0.03201 -0.17327 -0.03691 -0.00604 -0.13182 -0.03483 0.05410 -0.10595 0.13003 -0.10918 0.14829
0.21297 0.30048 0.15758 -0.15435 -0.03380 -0.26362 0.24538 0.20358 0.06500 -0.21515 -0.01640 -0.30923 0.10433 -0.23890 -0.06311 0.17636 0.25041 0.06740 -0.01265 0.25299 -0.25036 0.03697 0.08527 -0.01938 0.01820 0.25888 -0.00041 -0.03262 0.14532 0.01612 0.42839 -0.04816 -0.19369 -0.30809 -0.07211 -0.13201 -0.00729 -0.23740 0.04987 -0.06478
0.16297 0.18041 -0.09443 0.06922 -0.26714 -0.06562 0.00982 -0.19747 0.14883 -0.29933 0.07596 0.18617 -0.10970 -0.07692 -0.09473 0.08718 -0.00904 -0.30770 0.07753 0.19596 -0.04360 0.02485 0.21020 -0.26202 0.10150 -0.01324 -0.14461 -0.02410 0.15461 -0.24345 -0.05538 -0.12979 0.02202 0.03637 0.00945 -0.13663 0.10014 -0.09124 0.25688 0.07782
0.16821 0.14831 -0.12315 0.13061 -0.29286 -0.14840 -0.04387 -0.22237 0.02040 -0.15132 0.09340 0.22170 0.05093 -0.09539 -0.04201 0.04642 0.05214 -0.30132 0.00329 0.14986 0.01667 -0.03779 0.29569 -0.00666 0.08780 -0.09137 -0.02647 -0.02833 0.11996 -0.20100 -0.05143 -0.16621 -0.03845 0.00639 -0.05190 -0.15754 0.02172 -0.06100 0.19496 0.04929
-0.03703 -0.12384 -0.13233 0.02452 -0.24465 0.09897 -0.26332 0.09659 -0.00568 -0.21144 0.33416 0.11718 -0.12884 -0.03049 -0.25407 -0.20482 -0.09275 -0.03702 0.24144 -0.11027 -0.28136 0.16875 0.01493 -0.09648 0.06061 -0.12500 -0.13750 0.07264 0.17156 0.17600 0.08195 0.13080 -0.17402 0.09652 -0.08670 0.25616 0.01978 -0.01733 -0.13278 -0.05664
-0.03006 -0.12808 -0.07870 -0.06810 -0.33948 0.00533 -0.11694 0.10924 -0.01034 -0.16391 0.20617 0.02890 -0.04693 0.05500 -0.29077 -0.15731 -0.03419 -0.00949 0.17278 -0.17686 -0.24344 0.16594 -0.05311 -0.14987 0.06645 0.01986 -0.00822 0.09205 0.10020 0.05994 0.21248 0.18988 -0.12052 -0.02354 -0.08335 0.21512 -0.05422 0.06220 -0.09305 -0.03328
0.14178 -0.24625 -0.22396 -0.27528 0.21576 0.22182 0.10300 -0.01851 0.13356 -0.02816 -0.00621 0.23088 0.32289 0.10001 0.10854 -0.04013 -0.13860 -0.15422 0.20911 0.02273 0.14241 -0.28181 0.23513 0.07580 -0.09402 0.07697 0.04040 -0.24002 0.26211 -0.10264 0.10060 0.20407 -0.12426 -0.01171 -0.04472 0.01152 -0.10555 0.05208 -0.04302 -0.00855
-0.03450 -0.07672 0.06946 -0.10486 0.27046 0.35463 -0.11363 0.01633 -0.04985 -0.02087 0.01874 -0.14326 0.05180 0.07999 0.12724 -0.01242 -0.06665 0.18577 -0.16389 0.04841 0.16913 0.01305 -0.17184 0.09661 -0.30145 0.16162 -0.03106 -0.08443 0.18381 0.01321 0.00266 0.21340 -0.01793 -0.07786 -0.08840 0.00643 -0.01774 0.15346 -0.05182 -0.01238
0.04410 -0.07575 0.08234 0.06173 0.21457 0.23215 -0.10435 0.11287 -0.24111 -0.01041 -0.11705 0.08779 0.17582 0.19787 0.26042 -0.15757 -0.08182 0.25933 -0.01236 0.02548 0.19676 -0.04917 -0.04011 0.16416 -0.20084 0.05669 -0.03328 -0.17689 0.21453 0.04934 -0.25613 0.00792 -0.00087 -0.15094 -0.12817 0.15466 -0.08858 -0.05298 -0.13548 0.11295
-0.09017 -0.15425 0.00422 -0.11210 0.23548 0.30387 -0.05437 -0.03495 -0.11451 0.08110 -0.01450 -0.11709 0.01165 -0.04581 0.19654 0.02211 -0.03690 0.17124 -0.12338 -0.00869 0.23394 0.10456 -0.11066 0.06256 -0.17300 -0.01347 -0.01772 -0.20826 0.21616 -0.05293 -0.15191 0.10981 0.01048 0.08035 -0.11186 0.14800 -0.09409 0.11130 -0.04342 0.04800
0.00635 -0.04686 -0.03911 0.05427 0.28317 0.34176 -0.01349 -0.06171 -0.13230 0.26070 -0.12171 -0.10433 0.04572 0.18750 0.22235 -0.03422 -0.13555 0.20203 -0.11975 -0.11615 0.16771 0.03826 -0.11471 0.11079 -0.16568 0.03034 0.01430 -0.13260 -0.00481 0.11540 -0.23953 0.11122 -0.02942 0.06681 -0.04865 -0.01300 -0.22898 0.12200 0.05451 0.10427
0.08630 -0.18303 -0.00367 -0.18000 0.27000 0.29427 -0.21823 0.05815 -0.19882 0.22016 -0.08582 0.05034 0.09681 -0.08164 0.25706 0.10269 -0.11121 0.23625 -0.25850 0.05846 0.08950 -0.04155 -0.10378 -0.00069 -0.22246 0.08349 -0.11358 0.02679 0.19231 -0.06027 -0.15828 0.13474 0.03251 -0.03346 -0.19852 0.15034 0.07926 0.02398 -0.09551 0.20561
0.10971 -0.16551 -0.07920 -0.16548 0.24881 0.27522 -0.07508 -0.07215 -0.31037 0.22075 -0.20595 -0.04179 0.21321 -0.00559 0.11605 0.04072 -0.09003 0.17927 -0.09345 -0.12766 0.14367 -0.08449 -0.21607 0.11344 -0.26455 0.06191 -0.12293 -0.10443 0.05721 -0.03538 -0.12035 0.09827 0.13791 -0.02421 0.01925 0.08822 -0.07752 0.11876 0.01458 0.14945
-0.03862 -0.25025 -0.04739 -0.12182 0.24057 0.06522 -0.00399 -0.05723 -0.17622 0.06850 -0.02870 -0.07724 0.22688 0.03730 0.20827 0.03674 -0.10760 0.13672 -0.18522 -0.10269 0.13428 -0.04356 -0.20726 0.09162 -0.26611 0.27904 0.03270 -0.05983 0.22813 0.01091 -0.21432 0.10158 0.01520 -0.01962 0.03540 -0.06826 0.07206 0.10705 -0.07174 -0.07331
-0.01369 -0.06455 0.11747 -0.15006 0.17403 0.29155 0.07049 -0.13720 -0.16233 0.06803 0.02804 -0.06233 0.05192 0.13368 0.22454 -0.04579 0.05553 -0.01114 -0.24834 -0.02934 0.18345 -0.01233 -0.20411 0.09858 -0.15611 0.11433 -0.02478 0.05805 0.05455 -0.15771 -0.05148 0.14961 -0.17930 -0.15808 -0.13439 0.03518 0.02797 0.05263 -0.23591 -0.03667
-0.05032 -0.11144 0.00378 -0.07273 0.01330 -0.11646 -0.23901 -0.09071 0.08941 0.09058 0.14573 0.38990 0.00533 0.10123 0.15428 -0.01387 0.00858 0.00325 -0.04927 0.06861 -0.17200 -0.24407 -0.22877 0.16432 0.27398 0.14666 0.16094 0.01147 -0.02440 -0.00268 -0.00559 -0.13327 0.12295 0.32487 0.10254 -0.24208 0.16320 0.03433 -0.10366 -0.02056
-0.06391 0.07986 0.01457 0.10187 0.05043 -0.09610 0.01343 -0.13896 0.09354 0.21393 0.02778 -0.12086 0.03293 -0.07783 -0.01448 0.13763 0.05785 -0.04514 0.17050 -0.08060 0.24584 -0.03643 0.03169 -0.00578 -0.07820 -0.30660 -0.15133 0.02339 0.12637 -0.11110 -0.11812 0.01808 0.07806 0.19944 0.05413 -0.18118 -0.11297 0.00595 0.14963 -0.04020
0.15233 -0.01972 0.22246 -0.19332 -0.14677 0.03001 -0.08953 0.18331 0.05646 0.08002 0.11094 -0.04137 -0.23211 -0.17687 -0.26803 0.28454 0.19629 -0.11103 0.28865 0.16975 -0.29961 0.13487 -0.01424 0.01816 -0.09074 -0.02890 0.06485 -0.23561 -0.07478 0.21929 -0.10615 0.32405 0.05578 0.08609 0.01479 0.09160 -0.03301 -0.12953 -0.13446 0.18405
-0.13233 -0.07541 -0.10928 -0.02266 -0.30145 0.04496 -0.09693 0.12730 -0.01686 -0.11788 0.21380 0.10100 -0.02780 -0.03466 -0.18449 -0.21250 -0.01406 0.04771 0.13907 -0.17490 -0.22439 0.18429 -0.02768 -0.04133 0.05728 0.03537 -0.03751 0.09543 0.03470 0.11684 0.03378 0.13309 -0.07713 0.06610 -0.00365 0.22356 -0.06807 0.08915 -0.07425 -0.01265
0.18330 0.16037 -0.11756 0.10600 -0.22437 -0.09133 -0.08828 -0.28871 0.15904 -0.30236 0.00737 0.19109 -0.02486 -0.22297 -0.13676 0.11327 0.05879 -0.11626 0.09889 0.03865 -0.00731 0.01478 0.12507 -0.18934 -0.07383 -0.06610 0.00612 -0.11055 -0.01315 -0.18418 -0.08166 -0.17988 0.03637 0.15229 0.04816 0.08120 0.01060 -0.18324 0.15489 -0.05690
0.13318 0.19705 0.14574 0.09821 -0.28329 -0.14498 0.05760 -0.06675 0.06207 -0.37159 0.09582 0.19107 0.08722 -0.18803 -0.06564 0.11087 0.14528 -0.20758 0.02475 0.17012 -0.14906 -0.07440 0.11435 0.00521 -0.06223 0.14626 -0.09654 -0.01532 0.07216 -0.21543 0.17093 -0.11194 -0.14193 -0.18461 -0.08036 -0.12523 0.18030 -0.15729 0.06740 -0.02444
-0.07987 0.22495 -0.01766 0.08890 -0.17520 -0.09828 0.04859 -0.06696 0.18009 -0.22429 -0.09980 0.14852 -0.00008 -0.27243 -0.24432 0.07339 0.12440 -0.09860 0.04766 0.06191 -0.12561 -0.08143 0.17304 -0.11234 -0.04934 0.01790 -0.15939 0.04125 0.14126 -0.24718 -0.02002 -0.12408 -0.03730 -0.13970 0.03142 0.08286 0.01598 -0.18195 0.21053 -0.09437
0.22362 0.25161 -0.01914 -0.01895 -0.06034 -0.28684 0.29114 0.03171 -0.07810 -0.28340 -0.04787 -0.19528 0.14216 -0.25775 -0.08185 -0.04254 0.04934 0.02349 -0.08031 0.10311 -0.13885 0.15467 0.23258 0.12132 0.07230 0.12833 -0.07411 0.07486 0.05774 -0.06488 0.32449 0.01771 -0.17046 -0.35632 -0.05591 -0.09569 0.04364 -0.15557 0.00349 -0.21627
0.23415 0.24052 -0.00445 -0.00555 -0.11267 -0.18075 0.02754 0.02789 0.09841 -0.33384 -0.05496 -0.18174 -0.02573 -0.20738 -0.01158 0.06952 -0.00839 0.14877 -0.17168 0.08948 -0.20571 0.10385 0.06388 0.10564 -0.04480 0.07670 0.01573 0.03089 0.09644 -0.08127 0.43929 -0.03131 -0.19653 -0.19012 0.02048 -0.09590 0.03544 -0.17697 -0.02991 -0.29093
0.06745 -0.13666 -0.11234 0.05997 0.17518 0.10844 -0.09190 -0.12558 -0.12112 0.22702 -0.00503 -0.18259 0.08100 0.11687 0.19498 -0.07547 -0.17698 -0.03489 -0.07268 -0.12782 0.31707 0.04698 -0.04141 0.24769 -0.06208 -0.02368 0.12527 -0.00569 -0.04541 0.04824 -0.04703 0.02771 -0.09174 -0.00225 -0.15086 -0.13365 -0.02311 0.04176 -0.21287 0.03785
0.10212 0.05842 -0.09292 -0.03038 0.15470 0.13073 0.02484 0.01430 -0.22074 0.26736 0.00756 -0.11242 0.11476 0.16577 0.18994 0.06373 -0.20362 0.04846 -0.08400 -0.14533 0.05176 0.18016 -0.17799 0.09235 -0.09425 0.00998 0.13571 -0.01564 0.00695 -0.17230 -0.18244 0.02722 0.05035 -0.12857 -0.08891 0.06058 -0.16058 0.15778 -0.21375 0.14676
0.09486 -0.24133 -0.01870 -0.14519 0.35344 0.38960 -0.20714 0.01604 -0.36411 -0.00761 -0.02596 -0.24418 -0.05290 -0.09023 0.35005 -0.13391 -0.19732 0.04564 -0.24176 -0.12530 0.22451 0.04063 0.02446 0.24576 -0.27299 0.05295 0.08338 0.01146 -0.07071 0.17164 -0.36006 -0.14833 -0.12948 0.04549 -0.10253 0.14275 0.14583 0.02313 -0.23207 0.16275
0.03122 -0.07305 -0.12515 -0.03806 0.01589 -0.11491 -0.26712 -0.16119 0.08429 0.10162 0.24322 0.34879 -0.04918 0.15837 0.05446 -0.08244 0.02925 -0.02791 -0.13167 0.10654 -0.12800 -0.22109 -0.17635 0.16293 0.28290 0.12358 0.18630 0.00564 0.05118 -0.01990 -0.00514 -0.14558 0.12551 0.29711 0.13028 -0.23825 0.13399 0.01995 -0.07789 -0.15103
-0.06051 -0.22841 -0.09834 -0.13800 0.07349 -0.06949 -0.31402 -0.09482 0.02280 0.16082 0.19718 0.28702 -0.07976 0.10638 0.11168 -0.15006 -0.02231 0.02974 -0.14505 0.14017 -0.08433 -0.17816 -0.22011 0.01465 0.29271 0.09354 0.08417 0.11320 -0.00718 -0.02064 0.00605 -0.19923 0.15703 0.23101 0.15402 -0.28404 0.12867 -0.00827 -0.13289 -0.04847
0.05684 -0.02690 0.06561 -0.19419 -0.03280 0.03724 0.13727 -0.03413 0.16283 -0.22170 0.05575 0.01526 -0.22435 0.03247 -0.10014 0.08526 0.24040 0.06693 -0.32777 0.15018 -0.13859 -0.03902 -0.05320 -0.13859 0.01510 -0.12959 -0.05545 0.25234 0.10026 -0.20790 -0.02635 0.00653 0.06043 -0.14803 0.03258 0.16206 -0.21021 -0.25891 -0.29932 0.02573
0.06695 -0.24838 0.02451 -0.25218 0.20929 0.22047 0.03926 0.17443 -0.25306 0.06095 -0.23976 -0.14471 0.06862 -0.01893 0.19118 -0.10327 -0.26238 0.34113 -0.07324 -0.18024 0.28283 -0.02239 -0.11009 -0.14930 -0.21050 -0.04867 -0.19083 -0.10933 -0.04438 0.13220 -0.15220 -0.12995 -0.07105 0.07170 0.01875 0.14855 -0.17972 0.00621 -0.17652 0.16591
-0.29595 0.08204 -0.02145 0.16000 -0.06412 0.12015 -0.02194 -0.00982 -0.07801 -0.07033 0.02597 -0.16418 0.03405 0.22699 -0.24117 0.05470 0.00362 -0.01450 0.33421 0.03133 0.23038 -0.24174 -0.11081 0.03687 0.02560 -0.32660 -0.00105 -0.05672 -0.22994 0.02977 -0.02846 0.25741 -0.10952 0.08449 0.09604 0.11355 -0.17493 0.11886 0.13632 0.25461
0.10977 -0.09585 -0.05903 0.21632 0.14267 0.03327 0.07312 0.02690 0.30234 0.06390 0.08947 0.21516 -0.00929 0.19999 0.11291 0.04853 -0.05362 0.09989 -0.14148 0.00582 0.27132 0.07662 0.15003 -0.06085 -0.04583 -0.22191 0.00917 -0.07719 -0.02208 -0.10834 -0.08340 0.06353 -0.25063 -0.02275 -0.22436 0.13292 -0.02340 0.07242 -0.10618 -0.19512
0.24194 0.08027 0.11875 -0.18169 -0.11081 -0.22079 0.10302 0.08285 0.20317 -0.14448 -0.07284 0.07131 -0.14337 0.21765 0.04353 -0.20637 -0.13831 -0.19684 -0.07138 -0.01066 -0.05216 -0.08912 0.19987 -0.21100 0.15791 -0.08515 0.08277 0.22735 -0.29944 0.03502 0.01191 0.14094 -0.11641 0.29073 0.08036 0.10171 0.13180 0.10538 0.00156 -0.11063
0.32752 0.28566 0.05353 -0.00021 -0.18055 -0.12097 0.19389 0.11038 0.04245 -0.14814 -0.02724 -0.14490 -0.07753 -0.16868 -0.12597 0.02810 0.10606 -0.11942 -0.09553 0.12994 -0.19176 0.08579 0.22914 -0.02373 0.09029 0.15703 -0.10956 0.06199 0.01562 -0.18568 0.37947 0.06601 -0.21939 -0.20633 0.06504 -0.04829 -0.01895 -0.06186 0.10910 0.00659
0.18269 0.30169 0.05582 -0.03910 -0.15208 -0.16626 0.12874 0.04542 0.15621 -0.27584 -0.08528 -0.22352 0.03822 -0.20205 -0.06090 0.02080 0.28852 -0.07462 -0.06220 0.09195 -0.22180 0.16821 -0.07842 0.08219 -0.02473 0.12905 -0.08367 -0.02734 -0.02060 -0.05364 0.45070 -0.04005 -0.10439 -0.17249 0.14279 -0.11759 0.03915 -0.01212 -0.06977 -0.26392
-0.28102 0.17333 0.03885 0.17132 0.02036 0.07027 0.02973 0.03926 -0.15034 -0.05112 0.04147 -0.28609 0.02798 0.27452 -0.23913 0.05112 0.11836 -0.02672 0.20395 -0.02228 0.05689 -0.15568 -0.06544 0.01704 0.00331 -0.20627 -0.07424 -0.10190 -0.23776 0.17821 -0.03023 0.21856 -0.08678 0.03947 0.07533 0.08910 -0.10082 0.10596 0.15485 0.23855
