-0.07160 -0.12583 0.16145 -0.02657 0.23708 -0.15965 0.07434 -0.01357 0.24390 0.06113 -0.11978 -0.01821 0.00367 -0.23299 -0.14139 0.28437 -0.17663 -0.28387 0.09317 0.06044 -0.08256 -0.24770 0.03286 0.09911 0.15658 0.18276 -0.26150 0.15676 0.13095 0.11023 0.00234 0.26293 -0.17098 0.02344 -0.07014 -0.20099 -0.06905 0.15945 -0.14703 0.04914
0.07594 -0.23430 -0.16454 0.20641 -0.02615 -0.25837 -0.23076 -0.03461 0.00306 0.11009 -0.11864 -0.20110 -0.07722 -0.00688 0.25757 -0.09420 -0.26165 0.12885 -0.10506 0.06061 -0.01921 0.14868 -0.23145 -0.10492 0.22201 -0.09987 -0.12389 0.13349 -0.10898 -0.12983 -0.06506 0.25211 -0.12224 -0.21780 0.04699 -0.07903 -0.06247 0.17924 -0.00645 -0.20130
0.08234 -0.11610 0.23018 -0.04495 0.12201 -0.00340 0.10211 0.18110 -0.07449 -0.13208 -0.03078 0.18931 0.07144 0.17790 0.02367 -0.03075 0.26155 0.19317 0.20970 0.14208 -0.19617 0.00906 0.06523 0.34604 0.19812 -0.15979 0.15925 0.09777 0.08476 -0.08984 -0.15058 0.48374 0.06466 -0.04969 -0.01927 -0.23404 -0.23272 0.01097 0.02666 -0.07033
-0.20421 0.02117 0.21544 -0.04051 0.17664 0.14988 -0.19389 0.15687 -0.07752 0.06049 -0.22146 -0.12758 -0.00442 -0.12093 -0.00021 0.16946 0.25588 -0.07057 0.06962 0.02415 0.14931 -0.18886 -0.21500 -0.13743 0.03662 0.07384 -0.16274 -0.06840 -0.07165 0.18141 -0.16372 -0.15043 0.05217 -0.14958 -0.06659 -0.23051 0.10571 0.05314 -0.23774 0.08955
0.06928 0.17029 -0.04054 0.08294 0.21358 -0.01445 0.03961 -0.14064 0.03904 0.08841 -0.15898 -0.18907 -0.15074 -0.15961 0.05850 -0.16500 0.01590 -0.14121 0.12685 -0.00276 0.16425 -0.14812 0.07325 -0.07151 -0.04601 0.17460 -0.02185 0.11675 0.02842 -0.03792 -0.11425 0.26114 0.02226 -0.03339 0.02126 -0.15620 0.00896 0.01721 0.21467 -0.03634
0.15090 -0.10997 0.14999 0.13017 0.14102 -0.10214 0.05773 -0.20301 0.12786 0.20073 -0.18111 -0.08182 0.03466 0.00969 0.13010 -0.09145 -0.17316 0.03668 0.36642 -0.16054 0.18547 0.04547 0.17306 0.08323 0.17304 0.02615 -0.09651 -0.03789 -0.16355 -0.16017 -0.20355 0.23199 -0.12535 -0.11808 0.19552 0.04834 -0.07390 -0.11078 0.00056 -0.19834
0.26062 0.17386 -0.18922 0.02675 0.09109 0.37652 0.22446 -0.06058 -0.25163 0.08682 0.04004 0.05234 -0.09543 -0.18457 -0.15280 0.12169 0.09484 0.12396 -0.30537 0.18877 -0.17734 0.15553 -0.02349 -0.04425 -0.27647 0.15368 -0.02303 -0.12387 -0.16003 0.05178 0.04706 -0.34240 0.00423 -0.08199 0.03806 0.16047 -0.14406 -0.01477 -0.19500 0.09064
0.20207 0.01089 0.00822 -0.10620 -0.19445 -0.00797 0.02460 -0.09461 0.24759 -0.14846 -0.00778 0.10528 -0.07491 0.14671 0.19858 -0.01528 -0.07987 -0.33674 0.14701 0.12718 -0.05480 -0.11357 -0.05457 0.00600 0.09101 0.06770 -0.03816 0.09493 -0.06859 -0.10644 0.14633 0.19647 0.14303 0.11717 0.10832 -0.16505 0.14412 -0.06149 -0.14457 0.18793
-0.31117 0.16355 0.20734 -0.22629 -0.04994 -0.10949 0.08662 -0.26053 0.26539 -0.27113 0.17717 0.04253 0.11553 0.03511 -0.11961 0.02595 -0.08584 -0.21470 0.09050 0.03800 0.19480 -0.14860 0.08225 -0.12996 -0.10947 -0.26920 -0.25184 0.11765 0.06248 0.17353 -0.02361 -0.11282 0.03343 0.01857 0.10861 -0.00639 0.06447 -0.32785 0.04678 0.13603
-0.00404 0.26056 -0.01753 0.01858 0.20651 -0.05945 0.08372 0.14751 -0.01342 0.03122 -0.07320 -0.01769 -0.10324 0.07954 0.02516 -0.06878 0.00666 -0.17772 0.14011 -0.06453 0.18914 -0.18480 0.10574 0.08972 0.07530 0.12234 0.11452 -0.19478 0.02465 -0.03969 0.28742 0.01439 0.11583 -0.01946 0.10180 -0.15323 -0.15915 0.03311 0.22707 -0.19067
0.30457 -0.10286 -0.00689 0.20016 -0.08767 -0.16526 -0.07815 0.06971 0.12062 -0.01098 0.05595 0.00861 0.08766 -0.04171 -0.11517 -0.05551 -0.12930 0.09615 0.10301 -0.34155 -0.20178 -0.28244 -0.10141 -0.02153 0.02996 0.11266 0.04690 -0.21862 -0.07042 -0.26603 -0.26733 0.12783 -0.21358 -0.09679 -0.21874 0.12923 -0.16172 0.22552 -0.03602 -0.12775
0.23856 0.22399 -0.09049 -0.27903 -0.15980 0.07276 -0.18734 -0.08593 -0.15249 -0.12170 -0.06370 0.05545 0.02030 0.06001 -0.13422 -0.06176 0.04581 0.01449 0.26228 -0.05279 0.01061 0.03174 -0.07138 0.03245 0.02709 0.21942 0.17027 -0.11174 0.12323 -0.29749 -0.19192 0.25195 0.11945 -0.00019 -0.15841 -0.17531 -0.17862 0.08482 0.02865 0.03939
0.09910 0.08590 -0.01784 0.27864 -0.05962 -0.17685 -0.30409 0.38865 -0.01163 0.15315 0.23370 -0.15102 0.11917 0.06077 -0.04608 -0.05439 0.01990 -0.13862 -0.25126 -0.20215 0.01105 -0.12304 0.04202 0.09911 -0.05829 0.00820 0.18675 -0.25318 -0.20960 -0.27350 0.19524 0.01234 0.08365 0.04120 -0.25337 0.27653 0.16883 -0.10856 0.20601 -0.23968
0.05772 0.19016 0.20429 0.11097 0.00749 0.01051 -0.04545 0.01244 -0.01981 0.08459 -0.13800 0.04723 0.02726 -0.01609 -0.01170 0.14817 -0.13029 -0.16211 0.09315 -0.06599 -0.12799 -0.01397 -0.08725 0.02181 0.09669 0.00395 0.20855 0.02772 0.02583 -0.08137 0.07800 0.08405 0.08470 0.15590 0.11887 0.22303 -0.11865 0.01509 -0.06610 -0.18772
0.01017 -0.13362 0.23802 -0.02821 0.15011 0.03721 0.14017 0.17741 -0.10575 -0.15254 -0.04430 0.21317 0.07068 0.16976 0.01445 -0.05973 0.29760 0.24277 0.14052 0.16724 -0.21737 0.08442 0.04288 0.31218 0.21767 -0.19547 0.16019 0.12625 0.07622 -0.04281 -0.11561 0.48541 0.02583 -0.10728 0.00292 -0.22138 -0.22342 -0.02146 0.04914 -0.05984
0.01732 0.03960 0.21573 0.09232 -0.00534 -0.03310 -0.00081 0.12235 0.08487 0.09432 0.09975 0.04383 -0.00479 -0.09933 0.20766 0.28373 0.00203 0.03631 0.11416 -0.22662 0.04544 -0.12541 0.14598 0.08159 0.02573 0.03348 0.05882 0.01032 -0.18505 0.20702 -0.09899 0.13330 0.01277 0.23706 0.05962 -0.26177 -0.03711 0.11196 -0.02096 -0.30128
0.25566 0.25181 -0.28091 0.14343 0.09340 0.25597 0.09617 -0.23627 -0.24620 0.17535 0.09980 0.05821 -0.12937 -0.20922 -0.18160 0.10537 0.01417 0.06275 -0.19763 0.15742 -0.12681 0.18242 -0.04660 0.03921 -0.23657 0.15693 0.02167 -0.16991 -0.15738 0.01601 0.02850 -0.15596 -0.07197 -0.13263 -0.02442 0.04627 -0.18822 -0.06133 -0.07382 0.03451
0.28143 0.14891 -0.18818 0.03908 0.02392 0.33696 0.14037 -0.02744 -0.27608 0.14540 -0.03324 0.00516 -0.05713 -0.08247 -0.15743 0.19688 0.14272 0.09354 -0.27261 0.22483 -0.16565 0.21854 -0.04687 -0.00900 -0.28219 0.12269 -0.08287 -0.10674 -0.19733 0.08003 0.03610 -0.32897 -0.01249 0.00274 0.02747 0.14187 -0.10871 -0.00087 -0.15347 0.14091
-0.24722 0.18691 0.11549 -0.13842 -0.06740 -0.13446 0.18457 -0.32170 0.31950 -0.28655 0.17852 0.00347 0.10326 0.01359 -0.11757 0.00750 -0.08931 -0.20666 0.11524 0.04904 0.16313 -0.03845 0.04803 -0.15324 -0.21684 -0.18351 -0.18838 0.13490 0.09591 0.21311 0.01036 -0.04507 0.04108 -0.03098 0.13650 0.10987 0.05024 -0.33576 0.17570 0.11745
-0.24755 0.17951 0.12417 -0.19342 0.07195 -0.11843 0.15476 -0.31386 0.28223 -0.35045 0.06980 0.02266 0.16239 -0.03285 -0.10313 -0.05643 0.03340 -0.24077 0.06193 0.05979 0.17010 -0.14011 0.08005 -0.07847 -0.17747 -0.15727 -0.25363 0.20641 0.03997 0.16999 0.01626 -0.06515 0.03373 0.04976 0.13665 0.01086 -0.01208 -0.35811 0.17934 0.09922
-0.27273 0.16180 0.17840 -0.22370 0.01842 -0.16818 0.14869 -0.25395 0.28284 -0.37848 0.01883 0.03881 0.00273 0.08464 -0.09287 -0.08769 -0.04358 -0.23630 0.18449 0.03385 0.18953 -0.14456 0.12683 -0.17223 -0.12992 -0.29808 -0.20405 0.07804 0.06959 0.15479 -0.00727 -0.00911 0.11944 0.10841 0.10445 0.00761 -0.01696 -0.33737 0.16854 0.14911
0.10432 0.05378 -0.07407 0.28949 -0.06508 -0.19053 -0.28810 0.37996 0.00667 0.14955 0.20988 -0.14795 0.10712 0.09675 -0.06056 -0.07510 0.08867 -0.11099 -0.21348 -0.16737 -0.02809 -0.10409 0.01570 0.11214 -0.02968 -0.00828 0.19899 -0.17125 -0.19562 -0.28766 0.20572 0.00291 0.02802 0.06049 -0.24787 0.22949 0.13949 -0.06532 0.16477 -0.21747
-0.22779 0.05685 0.20367 -0.20793 -0.14843 -0.05660 0.18388 -0.20753 0.33758 -0.36239 0.07649 -0.06654 0.16374 0.00641 -0.12464 -0.00303 -0.05725 -0.22322 0.10686 0.00694 0.13069 -0.08033 0.00024 -0.18604 -0.19841 -0.24013 -0.27043 0.16395 0.11282 0.20529 -0.02474 -0.05405 0.01848 -0.04013 0.19236 0.07409 0.02106 -0.27038 0.10034 0.06197
0.02569 -0.20788 0.03328 -0.11694 -0.03676 -0.15834 -0.17954 0.04068 -0.11735 0.09991 0.06903 -0.02104 0.05739 0.24158 -0.03947 -0.13808 -0.05965 0.06071 0.05700 -0.21722 -0.13722 -0.27781 0.02600 0.14570 0.17783 0.19267 0.32304 -0.17234 -0.00379 -0.04983 -0.15217 0.21563 -0.10758 -0.06913 -0.18699 -0.03589 -0.19278 0.14146 0.10712 -0.04640
-0.16857 -0.20117 0.00039 -0.19294 0.21191 -0.14676 0.08856 0.01535 -0.15674 -0.01035 -0.24227 -0.11957 0.07156 -0.04494 0.05917 -0.14780 0.13560 -0.13470 -0.03475 -0.11209 -0.07212 -0.04935 0.00596 0.04632 -0.09694 0.11640 0.03519 0.14056 0.15236 0.11948 -0.13552 0.15852 0.09251 0.03877 -0.13060 -0.34252 -0.24709 0.09445 0.09524 0.08138
0.30478 0.14600 -0.20013 0.07725 0.12483 0.35969 0.15655 -0.11802 -0.27722 0.11800 0.06787 0.09782 -0.03648 -0.11251 -0.19453 0.10383 0.09269 0.12983 -0.26910 0.18917 -0.21902 0.20534 -0.02968 0.06487 -0.26093 0.22042 0.04123 -0.15750 -0.19651 0.02831 0.05094 -0.37184 0.04110 -0.13940 -0.01243 0.14289 -0.12379 -0.00848 -0.21495 0.06332
-0.28411 -0.00717 0.18082 0.00264 0.28721 -0.14837 -0.06745 0.03608 -0.00269 0.09688 0.12526 0.05588 -0.19933 0.24508 0.06784 -0.24176 -0.27109 0.03666 0.19115 -0.20553 0.15238 0.11352 -0.16662 -0.11956 0.17494 0.11067 -0.14051 0.22473 -0.19846 -0.23003 0.04851 0.11012 0.14895 -0.01157 0.10303 -0.22749 0.16898 0.21765 0.13964 0.03321
0.01260 0.16360 0.12502 0.06200 -0.06693 -0.25588 -0.13840 0.08722 0.28632 0.09718 -0.17047 -0.25537 -0.06733 0.09838 -0.05146 0.12116 -0.01482 0.03739 0.02073 -0.03124 0.01038 -0.28434 0.01005 -0.01472 0.02630 0.17516 -0.07449 0.20318 0.14577 -0.16598 -0.17108 0.00131 -0.07776 0.00907 0.09461 -0.04541 -0.02945 0.04036 -0.12429 -0.20073
-0.00981 0.10249 0.03798 0.03642 -0.15748 0.02145 -0.07852 0.17525 -0.13441 -0.08950 -0.07162 -0.22522 -0.16609 -0.04270 0.12009 0.23863 -0.07714 -0.00786 -0.08123 0.11278 -0.14797 0.16476 0.16411 -0.00869 -0.03152 -0.06596 -0.32889 0.03071 -0.13594 -0.00746 0.24130 0.10666 -0.06339 0.18717 0.04906 -0.01853 0.00905 0.18039 0.15277 0.25547
-0.23126 0.15244 0.25943 -0.06597 0.05533 -0.06535 0.04554 -0.10380 -0.01026 -0.10244 -0.01991 -0.12284 -0.17443 -0.22450 0.14755 -0.07073 0.08437 -0.25145 -0.11004 -0.05182 0.08828 -0.25643 0.02326 -0.18593 -0.02376 0.03502 -0.14935 0.13360 -0.08955 0.02514 0.09431 0.08310 0.02659 0.17819 0.05756 -0.26048 0.05902 -0.15970 -0.10189 -0.05674
-0.05727 0.10793 0.26229 -0.24604 0.05186 -0.03307 0.18983 -0.18771 0.03337 0.12514 0.03009 -0.01184 -0.22127 0.04522 0.13682 -0.09630 -0.26793 -0.07555 0.13854 -0.09903 0.17051 0.08724 -0.05760 0.04689 0.21391 0.15485 0.06734 0.05546 0.19531 -0.27851 0.20203 0.15101 -0.16118 -0.18641 -0.11362 0.05116 -0.19575 0.07070 0.27088 0.01745
-0.13319 0.03661 0.20764 -0.03712 0.26783 -0.02808 -0.04821 -0.14688 0.17918 0.05594 0.01343 -0.06291 0.13850 -0.10300 -0.14798 0.12133 -0.08195 -0.31371 0.21778 -0.16621 0.08023 -0.11818 -0.09953 0.27001 0.13347 0.05546 -0.02795 -0.00694 -0.22819 0.00846 -0.03097 0.28852 -0.07596 -0.01735 0.06986 -0.07066 -0.10552 -0.03209 0.19291 -0.12130
