-0.01910 -0.12931 0.27447 -0.02780 0.09222 -0.13222 0.03076 0.07902 -0.12764 0.30140 -0.31014 -0.15748 0.14415 0.06072 0.07326 0.10575 0.21791 -0.20965 -0.21433 0.25853 -0.17599 0.28772 -0.20646 0.14040 -0.11304 -0.12794 -0.07960 0.20155 -0.09456 -0.05053 -0.04741 0.01686 -0.08181 0.20066 0.00446 0.08160 -0.12016 -0.11300 0.15909 0.01219
0.05575 -0.05975 0.16172 0.17626 0.02477 0.06960 0.06215 0.05401 -0.15341 0.12451 -0.03006 0.08049 0.07256 0.14740 -0.02847 -0.17358 -0.11771 0.01257 -0.10776 -0.10788 -0.25373 0.11016 -0.00711 -0.13945 -0.05418 -0.12880 0.06943 -0.18214 -0.04503 0.06485 0.00048 -0.15346 0.04020 0.08190 -0.19003 0.16260 -0.19611 0.13041 -0.07976 -0.07103
-0.14173 0.04776 0.16398 0.11199 -0.03748 0.10777 -0.02356 0.13950 -0.15091 0.28389 -0.12379 0.12986 0.03782 0.12581 -0.10555 -0.09439 -0.13086 -0.05375 -0.20585 0.04733 -0.15104 0.16627 -0.02346 -0.07361 -0.02881 -0.09113 -0.09658 0.03024 -0.07609 0.26350 -0.14473 0.08860 0.02018 -0.09473 -0.41572 0.16964 -0.11636 0.04457 -0.00251 -0.11162
-0.00892 0.15066 0.02240 0.26440 -0.10634 0.02247 0.06566 0.07850 -0.04700 0.38109 -0.05190 0.05581 -0.02408 0.11441 -0.11663 -0.18643 -0.19895 0.00345 -0.27579 -0.05043 -0.17713 0.23429 -0.12792 -0.14768 -0.00257 -0.22696 0.05855 0.02963 -0.09388 0.03136 0.03395 0.12586 0.14053 -0.07764 -0.28106 0.18579 -0.27134 0.03399 -0.10466 -0.03231
-0.07777 0.07913 0.04781 0.21165 0.01626 0.08761 -0.18325 0.06638 -0.19622 0.30057 0.02643 0.25160 -0.04445 0.10190 -0.20795 -0.06992 -0.07627 -0.16543 -0.21432 0.08154 -0.25289 0.14830 0.08325 -0.09041 0.00863 -0.20824 0.11498 0.03368 -0.11565 0.22694 0.02243 0.13161 -0.04004 -0.14169 -0.24280 0.30690 -0.17246 0.01616 -0.09899 0.14655
0.08508 0.09819 -0.25693 -0.10920 -0.22892 -0.17032 -0.12495 0.00256 0.07718 -0.50150 0.10795 -0.13817 -0.03664 -0.20154 -0.01969 -0.04543 0.28286 0.00957 0.17951 -0.18616 0.17038 -0.06658 -0.07040 0.11811 0.07138 0.22234 0.03517 -0.19406 0.19791 -0.03047 -0.08975 0.23510 0.00956 -0.02209 0.29717 -0.20621 0.06436 -0.02906 -0.01308 0.01939
0.08906 0.13632 -0.27627 -0.11352 -0.20802 -0.16123 -0.10620 -0.00408 0.07121 -0.48526 0.09044 -0.12838 -0.03561 -0.15333 -0.03796 -0.06600 0.29772 0.02673 0.17838 -0.17196 0.15960 -0.04981 -0.08727 0.14108 0.07521 0.24122 0.05249 -0.21793 0.19736 -0.02491 -0.12790 0.20756 0.04012 0.01489 0.24540 -0.19095 0.03257 -0.04642 -0.02304 -0.02371
0.11387 0.24692 -0.24270 0.03727 0.08471 -0.02770 0.09972 -0.12511 -0.08644 -0.01428 0.02018 -0.10638 0.01156 0.13863 -0.14255 -0.02793 0.22049 0.15806 0.08540 0.08619 -0.00547 0.10380 -0.23458 0.17826 0.09942 0.16848 0.11753 -0.04865 -0.04985 -0.11847 -0.21555 0.09714 0.13927 0.03115 0.05303 0.07008 -0.15006 -0.31258 0.06654 -0.19299
-0.05982 -0.17908 0.33712 0.09371 -0.08002 0.06366 -0.18434 0.08377 -0.00118 0.17058 0.35004 -0.08497 0.12984 -0.37788 0.08499 0.14121 -0.04741 0.15528 -0.31742 -0.10102 -0.01636 0.01310 0.08999 -0.12246 0.03858 -0.09907 -0.05762 0.11804 -0.23331 -0.08827 0.19622 -0.04310 -0.12366 0.11351 0.11090 0.26845 -0.11689 0.14066 -0.04770 -0.04270
-0.06713 -0.26830 0.07128 -0.03445 -0.11146 -0.04048 -0.19263 -0.07672 0.15366 0.00817 0.19616 -0.08959 -0.05162 -0.44351 0.16909 0.28726 -0.26400 0.03557 0.03098 0.06597 0.19021 -0.19766 0.19265 -0.02878 -0.06244 -0.06645 0.03446 0.18836 -0.07983 -0.20201 0.33176 -0.05977 -0.09090 -0.16321 0.30474 -0.14947 0.24864 0.11963 0.06573 0.24983
-0.01283 0.13052 0.14145 0.10762 0.23652 0.10323 0.25295 -0.00128 -0.14556 0.29234 0.00117 0.00326 0.12779 0.30703 -0.14380 -0.04217 -0.02733 0.05737 0.05061 0.02740 -0.05104 0.10792 -0.04556 -0.12236 0.11016 -0.16474 -0.14621 0.04298 -0.01203 0.12188 -0.17907 0.01784 -0.00318 -0.07028 -0.23586 0.19209 -0.07445 -0.00095 -0.02702 -0.00323
-0.08816 -0.24065 0.03602 -0.04535 -0.12865 -0.01496 -0.16919 -0.08071 0.17036 0.01778 0.17904 -0.11287 -0.01297 -0.42555 0.15999 0.24828 -0.22424 0.07518 0.04686 0.04364 0.17753 -0.18105 0.19557 -0.03389 -0.05955 -0.10879 0.05245 0.16160 -0.10389 -0.20158 0.33079 -0.10015 -0.08428 -0.17020 0.29841 -0.16786 0.22358 0.11700 0.06465 0.21923
0.07108 -0.29115 0.21089 0.00497 -0.08659 -0.13433 -0.05611 -0.00585 0.01711 -0.06430 0.14916 -0.08264 -0.10964 -0.40656 0.12146 0.20718 -0.29406 -0.09058 -0.07582 -0.04178 0.17233 -0.09202 0.06098 -0.12797 -0.10229 0.02636 -0.12039 0.20382 0.06648 -0.11798 0.19127 0.21369 -0.06664 -0.14490 0.29561 -0.05920 0.22530 0.14566 0.10183 0.27581
