0.24668 -0.19202 -0.13623 -0.12245 0.02661 -0.13867 -0.05596 -0.19273 0.04946 0.03324 -0.10190 -0.08293 0.24105 -0.37277 -0.22161 0.00323 -0.03983 0.20566 -0.16655 0.00913 0.03815 0.01865 0.16516 -0.24463 -0.15798 0.03981 -0.30752 -0.14797 -0.08550 0.13047 -0.43064 0.01711 -0.08360 -0.04548 0.13916 0.17317 -0.01481 -0.27332 -0.00277 -0.00611
0.24686 -0.17033 -0.14783 -0.10918 0.01723 -0.17430 -0.08556 -0.23608 0.05930 0.01549 -0.11322 -0.05501 0.17542 -0.38469 -0.21231 0.00543 -0.06219 0.18067 -0.23589 0.06254 0.00960 0.01208 0.17505 -0.24875 -0.12379 0.03578 -0.27898 -0.16955 -0.04869 0.08424 -0.42825 -0.00652 -0.05545 -0.03493 0.16716 0.21099 0.00452 -0.29629 0.03081 -0.00765
0.26527 -0.16606 -0.14493 -0.09106 0.03832 -0.15180 -0.07294 -0.21836 0.05663 0.05368 -0.11785 -0.05906 0.19022 -0.36449 -0.20613 0.03057 -0.05284 0.19638 -0.24035 0.04908 0.00672 0.02013 0.14039 -0.23594 -0.10194 0.03455 -0.30260 -0.14694 -0.03401 0.11836 -0.41299 0.03327 -0.06078 -0.05400 0.17205 0.19545 -0.00413 -0.31374 0.00042 -0.01197
-0.00599 0.15467 -0.11760 0.20084 0.27352 0.15518 0.19824 0.05415 -0.04371 0.15864 -0.14700 0.25099 -0.04919 0.11720 -0.21557 -0.07081 -0.26324 -0.02450 0.19586 0.08537 -0.17018 0.05063 -0.00620 0.12857 0.17858 0.17301 -0.07768 0.00723 0.13334 0.12969 0.24372 0.21264 -0.31166 0.21591 -0.06149 -0.14277 0.23301 -0.05523 0.01345 0.10030
0.01366 0.06145 0.16327 0.13658 0.24561 -0.08168 0.21421 0.15810 -0.11914 -0.07005 -0.19650 0.22957 0.04100 -0.00391 0.10622 -0.11003 -0.16380 0.22917 0.22143 -0.04009 0.00688 0.15497 0.11890 -0.03560 0.06024 -0.02947 0.04609 -0.00565 0.23792 -0.21032 -0.07836 0.02126 0.10345 -0.18084 -0.00290 0.13939 0.21146 0.10311 0.03623 -0.01547
-0.15343 0.17048 -0.04785 0.02008 -0.27042 -0.02852 -0.25846 0.02753 0.02737 0.12605 0.03779 -0.04945 -0.23191 0.03650 0.26676 -0.35298 0.22591 -0.28120 0.22198 -0.11213 -0.28465 0.01643 -0.10895 0.17928 0.18040 -0.03612 0.19034 0.02936 -0.30446 0.16032 0.12499 0.00937 0.02384 0.04023 -0.12298 0.12615 -0.18781 0.14985 0.36803 0.04348
-0.37598 -0.00631 0.14990 0.28292 -0.04341 0.10941 -0.14528 0.00986 -0.15544 -0.15959 0.06347 0.01331 0.14731 0.05085 -0.00223 0.08412 0.40442 -0.09923 -0.11261 0.17086 0.13492 0.00229 0.14357 0.05373 -0.12782 0.00327 0.25899 0.19981 0.01970 -0.23633 -0.02024 -0.02433 0.20901 0.10557 0.23263 -0.19167 -0.06399 -0.09457 -0.08507 -0.02569
-0.38565 0.08843 0.15052 0.25789 -0.08284 0.10665 -0.14343 -0.04555 -0.13963 -0.14861 0.08174 -0.00305 0.08368 0.03986 0.07449 0.05977 0.40574 -0.13387 -0.07845 0.13232 0.09207 0.03919 0.13330 0.10258 -0.05320 -0.02113 0.29916 0.18178 -0.02599 -0.19933 -0.03870 -0.05189 0.22135 0.10819 0.20102 -0.16680 -0.09509 -0.06743 0.01330 0.01056
-0.43367 0.10415 0.16299 0.25452 -0.10516 0.14669 -0.16063 0.00565 -0.15000 -0.19109 0.11267 -0.00153 0.08398 0.09321 0.07664 0.05556 0.45511 -0.16324 -0.08778 0.15941 0.10086 0.03004 0.14533 0.10938 -0.07399 -0.00907 0.29402 0.22714 -0.02367 -0.21952 0.00543 -0.04147 0.22220 0.12020 0.19759 -0.23278 -0.11842 -0.04429 -0.03616 0.00781
0.06204 0.17316 0.06198 -0.21504 0.00411 0.00540 0.28526 0.18170 0.12036 0.02612 0.19485 0.07302 -0.11198 0.29751 0.03172 -0.01100 -0.12968 -0.14627 0.28796 -0.06337 -0.07822 -0.02287 0.07769 0.06286 -0.02030 0.07138 -0.13551 0.05381 0.06694 0.13570 0.22500 0.13017 -0.16094 0.05275 -0.17349 -0.12638 0.33332 0.16119 -0.08924 -0.06552
0.18816 0.19553 0.02618 0.12156 0.13003 -0.18753 0.11685 0.07859 0.11573 0.06859 -0.12912 -0.15925 -0.20106 0.20204 0.05732 -0.10406 -0.30456 -0.14569 0.16393 -0.07592 -0.15627 0.07297 -0.13626 -0.10325 0.07950 0.23315 -0.18470 0.18637 0.20583 0.05269 0.26961 -0.10768 0.07332 -0.07965 -0.28327 -0.10477 0.20499 -0.04602 -0.25392 0.10869
0.27218 0.12772 0.10071 -0.17594 0.03677 -0.02225 0.30156 0.26372 0.12539 -0.05310 0.30690 0.14255 -0.04603 0.23672 -0.02760 0.05904 -0.11194 -0.02944 0.18911 0.11427 0.03753 0.03371 0.08140 0.19207 0.05750 -0.00872 -0.13638 0.16041 -0.02416 -0.08974 0.24438 0.04513 -0.16685 0.14777 -0.21425 -0.18344 0.38530 0.16785 -0.15622 0.06493
0.15457 -0.07812 0.10792 -0.10515 0.19193 0.15196 0.24816 0.07754 0.27944 0.16828 0.28550 -0.04029 0.18220 0.22439 0.11918 -0.21847 0.15889 -0.03458 0.23020 -0.09032 -0.31842 0.03268 -0.05496 -0.00255 0.20745 0.08115 -0.04401 0.17710 -0.04871 0.26496 0.11196 0.08577 -0.06660 0.04079 -0.18834 -0.01766 0.29183 0.23994 -0.06198 -0.13482
-0.16276 0.14837 -0.02224 0.05360 -0.25454 -0.03761 -0.25666 0.02734 0.01863 0.11679 0.01169 -0.04151 -0.20451 0.01815 0.24786 -0.32893 0.23495 -0.26805 0.21742 -0.10010 -0.26723 0.02097 -0.06854 0.14858 0.15372 -0.03316 0.19472 0.04652 -0.26831 0.12803 0.10755 0.00624 0.04650 0.03719 -0.10670 0.13994 -0.17723 0.13215 0.34033 0.01699
0.09129 0.11476 0.07460 0.09751 -0.00283 0.00770 0.01398 0.04102 0.08787 0.13963 0.29286 -0.10397 0.05875 0.19967 0.23860 -0.18144 0.24373 -0.22627 0.25224 -0.02846 -0.19473 0.12614 -0.03872 0.21942 0.18689 0.13967 0.02796 0.14460 -0.35579 0.20817 0.14750 0.06166 -0.13246 0.14824 -0.01384 -0.11296 0.09130 0.13322 0.10263 0.11360
0.32592 0.11098 0.06043 -0.09579 -0.01977 0.01486 0.17364 0.21048 0.08662 -0.02113 0.28717 -0.05067 0.02428 0.22262 0.01089 0.02857 -0.04518 -0.16328 0.15210 -0.06574 -0.08009 0.15692 -0.13448 0.18620 0.14335 0.12861 -0.04260 0.08353 -0.02338 0.11548 0.22866 -0.03954 -0.06464 0.13700 -0.09923 -0.19681 0.22032 0.15941 -0.18870 0.13405
-0.27541 0.39048 -0.07283 -0.27767 -0.21429 0.15139 0.13350 -0.11247 -0.04753 0.00349 0.08127 -0.03689 -0.44607 0.06294 0.17858 0.02707 -0.17807 -0.14360 0.10095 -0.12701 -0.15090 0.03294 -0.13249 0.21718 0.10536 -0.20577 0.16705 -0.09004 0.07137 0.02125 0.08728 -0.13702 0.07964 -0.12104 -0.07957 -0.07554 -0.11338 0.09345 0.20536 0.10603
-0.30075 0.44360 -0.03783 -0.21745 -0.23291 0.10346 -0.00730 -0.09726 -0.09287 -0.03137 0.07753 0.01582 -0.46245 0.05931 0.23258 -0.01926 -0.09396 -0.16322 0.04241 -0.16110 -0.12586 0.07598 -0.17836 0.23627 0.11780 -0.21232 0.18076 -0.11677 -0.05294 0.07494 0.07032 -0.14805 0.04269 -0.11659 -0.11880 -0.10275 -0.16000 0.03615 0.27239 0.16005
