0.12142 -0.39545 0.26733 0.14959 -0.48255 0.16489 0.14544 0.04533 -0.01663 -0.11299 0.30333 0.15942 0.01533 0.15783 -0.09642 0.00179 -0.03092 -0.11144 0.18719 -0.04169 -0.01675 0.18024 -0.11262 -0.17473 -0.06099 0.00043 0.16255 0.04321 0.06503 0.10398 -0.07321 0.05319 -0.10790 -0.01644 -0.09022 0.18988 0.11046 0.01819 -0.01115 -0.10982
0.02885 -0.38055 0.19202 0.18423 -0.44890 0.23482 0.22297 0.08335 0.08602 -0.01156 0.31957 0.04639 0.01969 0.10380 -0.07819 0.03531 0.00638 -0.07953 0.13321 0.09800 -0.02871 0.10177 -0.16747 -0.20123 -0.02898 -0.00004 0.17607 -0.01677 0.13598 0.09743 -0.05804 0.09158 -0.18237 0.07238 -0.20304 0.19554 -0.01044 0.04317 -0.01816 -0.11144
0.09317 0.28202 -0.04717 0.27013 0.28654 0.02926 -0.06262 0.05896 0.22516 0.14916 -0.22626 -0.27593 0.01494 -0.08506 0.05762 -0.11495 0.03486 0.06893 0.02085 0.21176 0.07361 -0.25784 0.10102 -0.12242 -0.03996 0.20678 -0.05353 -0.11418 0.18105 -0.00984 -0.02149 -0.23555 0.05662 0.09345 0.05419 -0.22047 0.09037 0.02458 -0.01515 0.01132
0.10935 -0.33305 0.21017 0.09022 -0.46423 0.16230 0.21354 0.09019 -0.00315 -0.08918 0.34975 0.11890 0.05864 0.17219 -0.09068 0.03150 -0.02702 0.02440 0.26494 -0.02111 -0.05582 0.10335 -0.28488 -0.25877 -0.05462 0.04047 0.15217 -0.04882 0.03946 0.07477 -0.05046 0.10302 -0.15579 -0.04780 -0.18462 0.21061 0.01374 0.10374 -0.12511 -0.05200
-0.13178 0.17196 0.00695 -0.04198 -0.09738 -0.01320 0.02643 -0.10938 0.00744 0.07474 -0.03235 0.01453 -0.02441 -0.12998 0.27685 0.17751 0.06281 -0.11866 -0.14121 0.27663 0.11672 0.04684 0.09376 -0.20377 0.00890 -0.09252 -0.11090 -0.20900 -0.07745 0.04165 0.21075 -0.06454 -0.01714 -0.01636 0.10717 -0.03783 -0.09237 0.10929 0.04225 0.15822
-0.07223 -0.24353 0.17939 -0.12831 -0.10338 -0.13016 0.03341 -0.01501 -0.14562 0.09050 -0.12798 -0.00829 0.08552 -0.23858 -0.00413 0.27650 -0.00712 -0.06147 0.10828 -0.20880 -0.15199 -0.05575 0.03632 -0.05120 -0.15901 -0.13914 0.00097 -0.17033 -0.06904 -0.09327 0.19802 0.02832 -0.17019 -0.21518 -0.05181 -0.10410 0.02262 0.09727 -0.14362 0.04702
-0.15999 -0.02959 -0.14199 -0.23777 0.06658 -0.35558 -0.00586 0.17372 -0.13705 -0.32280 -0.14001 0.04275 -0.04702 -0.16399 -0.06462 0.21949 -0.02556 -0.04826 -0.05709 -0.07270 0.06552 -0.16805 0.17655 0.12511 0.16581 -0.02673 -0.06008 -0.04352 0.06835 -0.14327 -0.08648 0.07042 -0.19113 -0.18819 -0.06078 -0.01524 0.00901 -0.02701 -0.01408 0.10096
-0.02316 0.10495 0.39219 0.02511 0.04581 0.26023 0.01395 -0.02971 0.21538 0.15679 0.11189 -0.08299 0.19936 0.17098 0.12695 -0.00910 -0.21195 0.10913 -0.06316 0.00210 0.01223 0.04205 -0.01659 -0.25489 0.15833 -0.00453 0.00808 0.01638 0.09306 0.18416 0.19741 0.17035 0.01436 0.10682 0.12061 -0.01739 -0.06950 -0.01678 -0.14250 0.06968
-0.21836 -0.13129 0.23940 -0.08471 0.15397 -0.04079 -0.18216 -0.13621 -0.12833 0.11682 -0.02730 -0.26687 -0.07441 -0.00244 0.04838 0.15941 -0.00453 -0.09570 0.16804 0.34570 0.03160 0.20438 -0.03579 0.01484 0.05334 -0.23008 0.04473 -0.08836 0.07482 -0.19727 0.01761 -0.10836 0.21570 0.24237 0.21943 0.01516 0.02733 -0.23457 0.05333 0.13357
-0.21145 -0.10673 0.18515 -0.01103 0.11318 -0.01323 -0.14548 -0.10450 -0.06599 0.10561 -0.07481 -0.29429 -0.03442 -0.00426 0.11018 0.21035 -0.02595 -0.12570 0.10934 0.37821 0.03538 0.15469 0.01935 0.00423 0.09283 -0.21673 0.00939 -0.06786 0.06139 -0.15156 0.04071 -0.11644 0.19414 0.24096 0.16860 0.00190 0.03749 -0.21737 0.03202 0.15470
0.08329 0.04432 -0.04684 -0.12521 -0.00727 -0.10980 -0.08905 0.06135 -0.09161 0.11821 -0.15397 -0.02242 -0.10051 -0.26236 0.21485 -0.05919 0.26353 0.05067 0.16858 -0.25568 0.24782 0.07307 0.19297 -0.23881 -0.07610 0.14368 0.22356 -0.00107 0.01149 0.15326 -0.23265 -0.22239 0.17386 -0.07525 0.16473 0.21339 -0.14926 0.06063 -0.00490 0.02608
0.08126 0.26243 0.09011 0.01939 0.31649 0.21128 -0.19887 0.27268 -0.12410 0.08679 -0.21208 0.17693 -0.20959 0.04142 -0.02824 0.19079 0.03034 0.05021 -0.09820 0.00765 0.04117 -0.17347 0.08276 0.00520 0.07496 -0.20371 -0.11835 0.07889 0.07136 -0.09755 -0.18910 -0.25196 0.24563 -0.06916 0.00665 0.10611 -0.15643 0.09647 0.00954 0.33621
-0.08024 0.06774 0.23085 0.16096 0.07517 0.12947 -0.11815 -0.08300 -0.06583 -0.03380 -0.08946 -0.13155 -0.07981 0.02433 0.13682 -0.02933 0.23714 -0.13536 0.15644 0.10217 -0.07051 -0.28911 0.13416 -0.15633 -0.02049 0.15827 0.02235 -0.17575 -0.06287 0.18054 0.07666 0.08826 0.04795 -0.01638 0.03847 -0.22057 0.00723 0.11158 -0.08403 0.11621
0.07541 0.17681 0.05787 0.10280 0.13012 0.34695 -0.03618 0.23362 0.04066 0.05837 -0.13560 0.14167 -0.16587 0.03385 0.08124 0.21216 -0.09671 -0.02800 -0.07246 0.12110 0.04862 -0.19593 -0.00706 -0.05329 0.07224 -0.21767 -0.14307 0.01779 0.17551 -0.14991 -0.11618 -0.31535 0.23429 -0.05323 0.12565 0.05131 -0.05194 0.07621 -0.00826 0.21510
-0.08883 0.02961 -0.18323 -0.07128 0.15367 -0.39525 -0.01540 0.07067 -0.11781 -0.18482 -0.23419 0.11805 -0.03130 -0.14292 0.05786 0.09545 0.01097 0.02635 0.02452 0.04631 0.03919 -0.12881 0.22097 0.28576 0.08116 0.01627 -0.05411 -0.04892 -0.12033 -0.16333 -0.02719 0.07147 0.02116 -0.11597 0.06451 0.00860 0.08315 -0.03742 -0.03274 0.04981
-0.25928 -0.04504 -0.07335 -0.11499 0.15961 -0.28941 0.00859 0.05099 -0.33703 -0.29185 -0.13469 0.02355 0.08574 -0.09451 0.15669 0.10322 -0.06442 -0.14393 0.08436 -0.13462 -0.03618 -0.01113 0.30315 0.20687 0.11309 0.07416 -0.00401 -0.10007 -0.06515 -0.15698 -0.07286 0.09091 -0.11264 -0.05758 -0.03605 -0.02176 0.10045 -0.16726 0.15752 0.02302
-0.14146 0.02576 -0.13657 -0.12011 0.08378 -0.43508 0.00769 0.07452 -0.13529 -0.27862 -0.21939 0.10141 0.00112 -0.12279 -0.05526 0.06161 0.07135 -0.01703 -0.06145 0.01287 0.00685 -0.12040 0.18616 0.30549 0.05459 0.00948 -0.14479 -0.07169 -0.13367 -0.13437 -0.00546 0.15110 -0.06977 -0.18328 0.01972 -0.06631 0.04776 -0.13577 -0.08924 0.02701
-0.29606 0.11694 -0.19404 -0.03510 0.04149 -0.38368 0.05874 -0.00341 -0.23585 -0.31029 -0.23813 -0.05903 -0.11625 -0.23198 -0.04721 0.08715 -0.03557 0.07332 -0.08846 0.04610 0.04295 -0.14131 0.22066 0.33926 0.16758 -0.04626 -0.08226 0.14685 0.00024 -0.08310 -0.01617 0.11856 -0.08023 -0.07747 -0.16972 0.01833 0.08680 -0.13828 -0.04429 0.09942
-0.30405 0.02367 -0.07096 -0.04828 0.09086 -0.25822 0.07547 0.14424 -0.11069 -0.30116 -0.15425 0.02585 -0.05253 -0.16698 -0.00144 0.10685 -0.11535 0.04997 -0.06865 -0.10706 -0.08859 -0.13224 0.08595 0.20657 0.10777 0.03450 -0.03823 -0.17190 0.01076 -0.15528 0.03906 0.11382 -0.30375 -0.08752 -0.08212 -0.07530 0.11998 -0.01234 0.13247 0.09030
0.11802 -0.29435 0.14372 0.17259 -0.38655 0.08901 0.11825 0.11477 -0.00620 -0.06857 0.29571 0.10156 0.15241 0.13496 -0.04989 0.09465 -0.03413 -0.01522 0.21261 0.00032 -0.01051 0.06916 -0.13027 -0.16303 0.06068 0.08521 0.14343 -0.03908 0.01190 0.14532 0.01632 0.17444 -0.28400 -0.02561 -0.21712 0.17983 0.03671 0.04726 -0.02521 -0.10344
0.06766 0.29365 -0.03431 0.22570 0.19266 0.04219 -0.01963 0.00090 0.24866 0.12582 -0.22998 -0.28067 -0.01305 -0.11293 0.07224 -0.15902 0.01908 0.09166 0.05563 0.27987 0.05590 -0.29596 0.07714 -0.14632 -0.08215 0.24595 -0.07128 -0.11517 0.20473 0.03498 0.00874 -0.15026 0.08127 0.07061 0.04887 -0.26240 0.10461 -0.01075 -0.10434 0.02544
0.20184 -0.28590 0.15666 0.12785 -0.49170 0.23725 0.21803 0.01995 0.11200 -0.06597 0.32766 0.18302 0.00735 0.13178 -0.25158 -0.03561 -0.01323 -0.08732 0.25812 -0.02418 -0.07468 0.26511 -0.22797 -0.15212 -0.07509 0.00624 0.08155 0.07045 -0.03560 0.04383 -0.03077 0.03319 -0.15459 0.11010 -0.19695 0.12576 0.00056 -0.02899 0.01370 -0.12546
0.22118 -0.37170 0.20006 0.15896 -0.51084 0.18643 0.22291 0.07089 0.06114 -0.00081 0.33717 0.11748 0.03429 0.17605 -0.17046 -0.01707 0.01466 -0.05725 0.12558 0.04901 0.02394 0.07907 -0.13322 -0.15516 0.01297 -0.03579 0.13262 0.02117 0.07762 0.09384 -0.17754 0.01882 -0.19786 0.03160 -0.13100 0.20918 0.06265 0.00067 -0.01700 -0.08827
-0.31468 0.08997 -0.27113 -0.19407 0.11833 -0.25385 0.07971 0.14026 -0.23380 -0.22296 -0.15879 -0.13371 -0.07263 -0.19741 0.03516 0.03260 0.02487 0.10805 0.01471 -0.16237 -0.00878 -0.13588 0.17056 0.04642 0.12617 0.06158 0.02929 0.00719 -0.14086 0.01181 0.03288 0.23417 -0.09893 -0.16856 -0.19503 0.02309 -0.02474 -0.04981 -0.09631 0.00236
0.05827 -0.00127 -0.21693 -0.14761 -0.02914 -0.18560 0.00038 0.07022 -0.08936 -0.12634 -0.15680 -0.21575 0.28917 0.04232 0.19842 0.16909 0.10357 0.06921 0.08006 0.10339 -0.03393 -0.19921 0.17695 -0.23424 0.03779 0.12938 -0.21006 -0.34933 0.00826 -0.02358 0.02148 0.10667 -0.04805 -0.09125 -0.08955 -0.00784 0.00647 0.00766 0.11237 -0.04329
-0.20252 0.01684 -0.15647 -0.02899 0.14373 -0.32033 0.15742 0.12128 -0.12391 -0.30127 -0.22847 0.00809 0.01301 -0.13142 0.11445 0.15641 0.08743 0.03750 0.06734 -0.03936 0.00424 -0.13918 0.26011 0.16191 0.00264 -0.00701 0.05413 -0.13138 -0.09383 -0.04817 0.07168 0.05555 -0.02414 -0.14649 -0.02076 0.03594 0.01703 0.06207 -0.04719 0.07972
-0.07410 0.08814 0.24069 -0.08555 0.04648 0.19571 -0.02887 -0.17471 0.14528 0.02857 -0.00669 -0.20941 -0.25255 0.04355 0.07231 0.00616 -0.18325 -0.14802 0.06692 -0.02312 0.00286 -0.20502 0.21971 -0.08577 -0.13058 0.05478 -0.09787 0.00636 -0.07033 0.12631 -0.12098 -0.04710 0.13011 0.20366 -0.04929 -0.21326 0.11236 -0.19422 -0.12475 0.15935
0.01153 0.17716 0.01791 -0.14173 0.06261 0.08420 0.16662 -0.21120 -0.13730 0.14639 0.00279 -0.29409 0.13015 -0.19929 0.01518 -0.02628 0.20804 0.01877 -0.08292 0.00411 0.11016 -0.20922 0.06264 -0.24537 -0.05849 0.17166 -0.02708 -0.01784 0.00466 0.20733 0.07306 -0.14596 0.03560 0.06114 0.15240 -0.17390 -0.11976 0.07204 -0.24882 0.07230
-0.07000 0.07885 0.34268 0.11079 -0.04039 0.29791 0.06116 -0.08619 0.21706 0.17994 0.11797 -0.13121 0.08392 0.12723 0.20747 -0.01572 -0.22779 0.10446 -0.06615 0.12299 -0.07072 -0.01756 -0.03432 -0.24144 0.02078 -0.01330 -0.04211 -0.03544 0.09904 0.10358 0.15777 0.09492 -0.02107 0.13221 0.09168 -0.13947 -0.01357 0.00406 -0.15634 0.06174
0.13374 -0.33517 0.29907 0.16434 -0.45494 0.16393 0.18043 0.04801 0.05638 -0.00502 0.33972 0.10565 -0.04962 0.24187 -0.08604 -0.05209 -0.03265 -0.06230 0.20539 0.06873 -0.03778 0.06818 -0.14876 -0.16785 -0.07570 0.08709 0.07661 -0.00755 0.04211 0.06546 -0.09135 -0.01342 -0.12243 0.03744 -0.15044 0.18482 0.12396 0.05328 -0.11271 -0.05201
-0.21478 -0.01321 -0.14592 -0.00547 0.19268 -0.30880 0.04435 0.23506 -0.23906 -0.19057 -0.17286 0.04434 0.02793 -0.16980 -0.03391 0.11833 -0.03761 0.00327 -0.09878 -0.07063 0.01133 -0.09383 0.26937 0.21559 0.18464 -0.04434 -0.16526 -0.01480 -0.04677 -0.09792 -0.05618 0.07322 -0.16969 -0.09324 -0.13174 -0.02929 0.07610 -0.07904 0.08649 0.11049
