-0.16555 -0.15187 0.01231 -0.14842 -0.22715 0.17829 0.08306 0.14180 0.02676 -0.24211 -0.01098 0.22455 0.07272 0.00281 -0.31145 0.10881 -0.13935 -0.11925 -0.16432 -0.04986 0.11567 -0.13118 0.07870 -0.13294 -0.10732 0.02040 0.10246 -0.08059 0.07940 -0.07126 0.05189 0.12473 0.18923 0.22192 0.26862 0.18159 -0.15888 -0.09402 -0.26715 -0.05444
-0.01320 0.29479 0.02094 -0.04816 0.25349 -0.02714 -0.14391 -0.20379 -0.31910 0.07971 0.03042 -0.11348 0.00517 -0.03871 -0.04442 -0.16715 0.04630 0.26053 0.01002 0.18560 -0.15356 0.17477 -0.05310 0.04233 -0.09638 0.15803 0.24573 0.07907 -0.04594 -0.06077 -0.03462 -0.17478 0.02027 0.14872 -0.10669 0.03647 0.13600 0.03370 -0.13095 0.16893
0.11278 0.00954 0.08015 -0.12647 0.00820 -0.06143 0.17041 0.30466 0.12171 -0.13900 -0.07095 0.10509 -0.00953 0.09814 0.09546 -0.02466 -0.10679 -0.21374 0.03024 -0.13932 -0.14409 0.01784 -0.09007 -0.01105 -0.09765 0.11589 -0.31733 -0.25669 -0.05915 -0.17856 -0.03799 0.02171 -0.18643 -0.22335 -0.16464 0.15333 0.16895 0.11896 0.04552 0.01651
0.02728 0.09247 0.17758 -0.29750 -0.09552 0.03252 -0.13978 0.09818 -0.03149 -0.16712 0.04000 0.09981 0.14071 0.02034 -0.14638 0.28799 0.22117 -0.07696 0.00574 -0.02774 0.11833 0.14513 -0.24949 0.14708 -0.01597 -0.28275 -0.03666 -0.17284 -0.21847 -0.13866 0.07840 -0.13346 -0.22315 0.23616 0.31994 -0.07200 -0.05309 -0.01156 0.27774 0.02076
0.06793 -0.05082 0.13985 0.14480 0.17184 -0.01814 0.07601 0.10736 -0.11510 -0.05654 -0.00160 -0.25041 0.10121 0.11922 -0.02832 0.15291 -0.08480 0.05296 0.02159 0.13419 0.18360 -0.07003 0.19719 0.09408 0.10607 -0.02857 0.11449 -0.14504 0.00587 0.12351 0.11904 0.00869 -0.06697 -0.07666 0.05207 0.08959 0.07531 -0.01909 -0.12545 -0.01369
0.25241 -0.11050 0.25195 0.23221 0.07544 0.33052 0.05424 -0.03331 0.16236 -0.19279 -0.00148 -0.23219 -0.05771 -0.21643 -0.17437 0.16428 0.20289 -0.00720 -0.11796 -0.01676 0.02101 -0.16847 -0.08934 -0.04485 0.18852 -0.10423 -0.04560 -0.17761 0.21634 0.07462 -0.27768 0.05305 -0.00344 -0.04556 0.00828 0.00108 -0.03084 0.13718 0.27921 0.11516
0.28174 -0.04508 0.22182 0.19579 -0.02823 -0.04866 -0.03135 0.04109 0.04031 0.12278 0.09662 -0.03012 -0.01747 0.12156 -0.05622 0.05856 0.10288 -0.00764 0.01661 -0.01407 0.01035 -0.05514 0.00932 0.16176 -0.06813 -0.15703 -0.22379 -0.28416 0.00882 0.01067 0.28751 -0.05858 -0.25789 0.13879 0.25590 0.06317 -0.03547 -0.14968 -0.12702 -0.17756
0.23193 0.00458 0.15719 -0.15365 0.14691 -0.06849 0.09748 0.25018 -0.14978 -0.12231 -0.09929 -0.18123 -0.19737 -0.13718 0.04428 -0.05526 -0.05767 -0.17290 0.16584 -0.06245 0.04135 -0.04376 0.13930 0.05445 -0.14754 -0.00416 -0.19882 -0.04298 -0.06584 0.24373 0.09296 0.10808 -0.01283 -0.01323 -0.21524 -0.12929 -0.18612 -0.21940 0.01530 0.01553
0.27242 0.02393 0.11697 0.27614 0.14249 0.35753 -0.09569 0.09958 -0.12159 -0.02237 0.06719 -0.07351 -0.25648 -0.19176 -0.19800 0.34352 -0.09122 0.00267 0.03988 0.03380 -0.14113 0.03876 0.23891 0.19645 -0.01506 -0.01170 -0.20147 -0.00972 -0.03664 0.25313 0.16943 -0.11366 -0.06926 0.20119 -0.09388 0.08058 0.12354 -0.30014 -0.10583 -0.33519
-0.35443 -0.08107 -0.01368 -0.27735 -0.17700 -0.11780 -0.07674 0.04957 -0.07319 0.27372 0.20095 0.17221 0.09232 0.05900 -0.28497 0.32399 0.22899 -0.01021 0.17125 0.16236 0.04078 -0.03535 0.15552 -0.17716 -0.23562 -0.04670 0.09028 0.30325 0.17436 -0.04282 0.13925 -0.14842 -0.17843 0.16324 0.02200 -0.08403 -0.02255 0.17067 0.05425 -0.01538
0.04799 -0.00950 0.13880 0.20188 0.18894 -0.03287 -0.07154 0.32625 0.24310 0.25208 -0.02812 0.09542 0.00994 -0.09114 0.31193 0.18672 0.19259 -0.01889 0.13680 -0.04288 -0.14346 0.03026 -0.10160 -0.19491 0.22226 -0.03727 0.14502 -0.19396 0.02206 -0.15671 0.25062 0.10463 0.05489 0.13774 0.11817 0.27604 -0.15117 0.06701 -0.08310 0.08141
0.22378 0.25968 0.18256 0.15630 0.17477 0.26132 -0.23650 -0.00528 0.07500 0.08756 0.27367 -0.01111 0.03759 -0.04311 0.13037 -0.04632 0.04951 -0.07465 0.15937 -0.13549 0.07373 -0.27284 0.24099 0.31861 -0.12124 -0.16585 0.02062 -0.03148 -0.06400 -0.06200 0.08417 -0.01601 -0.03506 0.23140 0.05928 0.17310 0.00294 -0.15733 -0.15657 -0.21915
0.17216 0.08463 0.03356 0.13052 -0.03447 0.26713 -0.00926 0.02862 -0.15134 -0.05041 0.08277 -0.18857 -0.06033 0.17551 0.03403 0.26335 -0.02373 -0.20939 -0.07657 -0.02025 -0.06464 0.00835 0.30239 0.34824 -0.12495 0.04054 -0.09512 -0.30321 0.09319 0.34798 -0.04257 -0.07748 0.06899 0.11136 -0.18626 0.05544 0.04670 -0.09191 0.00293 0.02153
0.10219 0.09272 0.13730 0.05307 -0.32995 -0.13072 -0.15410 -0.03693 0.01768 -0.11180 0.03222 -0.15510 -0.00283 0.00487 -0.04615 -0.08880 0.07367 -0.04430 -0.01967 -0.29397 -0.07763 0.11666 0.08053 0.20679 -0.05220 -0.16662 -0.14457 -0.27447 -0.10425 0.28516 0.05931 0.06438 0.20192 -0.10213 0.03218 -0.14439 0.13384 -0.07229 0.14517 -0.25389
-0.00519 0.15211 -0.09444 -0.16599 -0.03133 0.25604 0.17596 -0.03621 0.18874 -0.12405 -0.24789 -0.13093 0.09779 0.02493 0.14413 -0.06065 0.04737 -0.12798 0.10233 -0.01437 0.21210 0.27665 -0.17220 0.04550 -0.31838 -0.21434 -0.15275 0.18498 -0.11020 0.04699 0.01812 0.11693 -0.27187 0.01517 0.03462 -0.10236 -0.05153 -0.04187 0.04365 -0.19080
0.01190 0.15694 -0.12483 -0.06556 -0.03233 0.21542 0.23557 -0.13454 0.04474 -0.04910 -0.26352 -0.13986 0.06603 0.11345 0.11199 -0.00194 0.09479 -0.13361 0.12813 0.02927 0.25867 0.16508 -0.16974 0.13917 -0.38016 -0.27139 -0.13036 0.25132 -0.11674 -0.06177 0.04979 -0.00502 -0.19959 -0.07650 0.07839 -0.12133 -0.11310 -0.01133 0.13121 0.00106
0.13056 0.00806 -0.18340 0.10897 0.26036 -0.09067 0.08694 -0.09074 0.05363 0.11448 0.26014 -0.00063 0.21223 0.38727 0.04390 0.24432 -0.12329 -0.05979 0.07292 0.00865 -0.15396 -0.08527 -0.01376 -0.19758 0.05683 0.05048 0.17764 0.13211 -0.04111 -0.08138 0.10619 -0.14247 0.30213 0.00366 -0.07322 0.08237 0.05089 -0.07392 0.12788 -0.06663
0.20532 0.02378 -0.23700 0.09740 -0.05876 0.00540 0.08121 0.24965 -0.00977 0.07095 0.16241 0.20899 -0.06822 0.04682 -0.10614 0.21639 0.04528 -0.23552 0.32858 -0.28525 0.11244 0.07995 0.30258 -0.17977 0.26252 0.12704 -0.28841 -0.00177 -0.21239 -0.08577 0.24013 0.08219 -0.12001 -0.24473 -0.04835 -0.13101 -0.03587 0.29151 -0.14295 -0.15317
-0.00932 -0.03784 0.05653 -0.24500 -0.18192 -0.05060 0.19872 0.25172 -0.06955 0.08876 -0.22874 -0.24714 -0.07226 0.36252 0.17354 -0.03730 0.00185 -0.18474 0.03637 -0.03502 -0.05264 -0.00856 -0.05894 0.11716 -0.24363 -0.04397 -0.30630 -0.20988 -0.05303 0.08527 -0.00328 0.10280 -0.14461 -0.29936 0.19231 -0.18317 0.27006 0.20752 0.11064 0.15274
0.07826 -0.09581 -0.12854 0.10479 0.36025 -0.16083 0.11878 -0.19715 0.08610 0.04260 0.22893 0.09814 0.13915 0.49335 0.02139 0.22496 -0.05760 -0.05770 0.21559 -0.05672 -0.19614 0.10566 -0.10550 -0.06934 0.01893 -0.04777 0.11341 0.07417 -0.08482 -0.06083 0.03149 -0.08760 0.30604 0.09906 -0.20499 0.06000 0.00995 -0.06683 0.17366 -0.25117
0.12574 0.26179 -0.04527 -0.06033 0.16767 -0.00179 -0.22106 -0.26671 0.02938 0.00427 -0.25265 0.04202 0.05699 -0.07940 -0.20770 -0.07203 -0.08147 0.07804 -0.05823 0.03526 -0.05410 -0.01616 -0.07775 0.01705 -0.06317 0.03102 0.16946 0.27814 -0.14208 -0.05132 0.05263 -0.06588 0.17002 -0.07585 -0.21053 -0.13229 0.07397 0.01429 -0.16954 0.20028
0.01841 0.37652 0.09443 -0.15608 0.17777 -0.06173 -0.17618 -0.26526 -0.10261 0.07770 -0.01489 0.04002 0.15382 0.20977 -0.08159 -0.32395 0.07961 0.07868 -0.04297 0.11324 -0.00534 0.09557 -0.23900 -0.14415 0.06029 0.19936 0.25721 0.22262 0.01336 -0.07344 0.05350 -0.05808 0.09106 0.15074 -0.15273 0.03755 0.02728 -0.06422 -0.19689 0.23658
0.15779 0.28116 0.05242 -0.13375 0.00868 0.12817 -0.14395 0.20050 0.11518 0.04937 -0.00495 0.07956 0.06435 0.27079 0.04695 0.25643 0.03214 0.00207 0.30919 -0.19228 -0.17661 0.01936 -0.05285 0.30925 -0.09602 -0.17391 -0.05883 -0.20796 -0.00712 0.17492 0.00624 0.09219 0.16666 0.16473 -0.01886 -0.12069 0.09819 -0.23052 -0.13673 0.00389
0.16141 0.04305 -0.00693 -0.18330 -0.21467 0.30747 -0.02207 0.24428 -0.09597 0.35000 0.11159 -0.02818 -0.21304 -0.02345 0.03722 0.18697 0.06571 0.11752 0.32819 -0.04132 -0.00002 -0.00302 0.21221 -0.08494 -0.06036 0.03315 -0.15934 -0.19115 0.09177 0.15765 -0.07479 -0.01846 -0.08307 0.00720 0.20173 0.13396 -0.18440 -0.21427 -0.24504 -0.29616
-0.13013 -0.11989 0.17623 0.07101 -0.02791 -0.04309 -0.18988 -0.21075 0.25208 0.28329 -0.15996 -0.25133 0.04895 0.07459 0.08311 0.05483 0.17832 0.06656 0.36004 0.01317 0.00954 0.13685 0.10578 0.01933 0.05173 -0.03494 -0.26960 0.16762 -0.12473 -0.13785 0.00037 -0.11223 -0.14764 0.13402 -0.12144 0.05666 0.17838 0.10725 0.25918 0.15809
-0.34545 -0.15884 -0.10464 -0.10225 0.06321 -0.15585 0.03819 -0.12833 0.06682 -0.20504 -0.16264 0.11860 -0.10775 0.04539 0.03104 -0.10557 -0.18930 0.19445 -0.05753 0.15845 0.09196 -0.04468 0.15941 -0.16363 0.13622 -0.08409 -0.20848 0.11470 -0.00299 -0.06342 0.15424 0.10410 -0.27326 0.08568 -0.02720 0.24904 -0.21246 0.26067 -0.11610 -0.03967
-0.05814 -0.33737 0.05741 0.21078 0.11280 -0.30175 -0.24231 0.03080 0.00823 -0.24909 0.07405 -0.05951 -0.09295 -0.17077 0.22729 -0.34847 0.23612 0.30617 0.26455 -0.04774 0.21455 0.02276 -0.04216 0.00258 0.20769 -0.25611 0.39908 0.13739 -0.03666 0.20919 -0.29881 -0.14322 0.01596 0.06643 0.29485 0.04410 0.03500 -0.19956 0.05312 0.19112
-0.06557 -0.08687 -0.17694 -0.23872 -0.13689 -0.23353 -0.20444 -0.26797 0.18973 -0.00923 -0.08140 -0.12572 -0.13578 -0.11785 0.25653 -0.23573 0.17626 0.06882 -0.15616 -0.12348 -0.08319 0.10444 -0.02363 -0.17483 -0.07694 -0.22861 -0.01650 0.03311 -0.25792 0.28431 -0.11726 -0.03320 -0.11578 0.07299 0.16454 -0.01705 -0.01599 0.31930 -0.22200 0.12414
-0.07476 0.13222 -0.15496 -0.03066 -0.09669 -0.07508 0.04025 0.14336 -0.06061 0.04172 0.14254 -0.14337 -0.10157 0.28957 0.09272 0.01798 -0.33006 0.08191 0.38868 -0.09580 0.10271 0.05283 0.21855 0.18933 0.17521 -0.03128 -0.18444 -0.18808 -0.19159 0.07583 -0.19255 0.00021 -0.21620 -0.18351 -0.01093 0.31219 0.04774 -0.12861 0.07028 -0.00200
-0.15953 0.23043 -0.03826 0.05276 0.20735 0.09887 -0.09180 -0.15249 0.14617 0.20917 0.04885 0.17134 0.29921 0.20479 -0.03937 -0.26032 0.28753 -0.19454 -0.02669 0.29735 0.10323 0.05641 0.15614 0.26864 -0.18146 -0.01965 -0.02511 0.13214 0.01163 -0.12626 -0.13849 0.40786 -0.02882 0.27178 -0.27704 -0.10884 0.25730 -0.26728 0.21290 0.19850
0.13854 -0.03286 0.26902 0.20153 -0.14103 0.35943 0.13749 -0.02757 0.23793 -0.03931 0.04994 -0.17944 -0.13968 -0.19774 -0.21849 0.17849 0.10826 -0.18114 -0.05764 -0.05815 -0.04303 -0.16305 -0.15075 0.06016 0.23210 -0.03637 0.03932 -0.26963 0.22276 -0.07028 -0.23736 -0.11524 0.04636 0.10322 0.14544 -0.03841 -0.23057 0.14974 0.29621 0.04403
0.01343 0.22730 0.08154 0.03409 0.09775 0.10089 -0.16505 -0.14184 -0.16051 -0.12363 -0.07976 -0.02160 0.11334 -0.16271 -0.09855 -0.22736 -0.15199 0.25041 -0.09941 0.17343 -0.04499 0.17350 -0.26855 -0.03351 0.15585 0.23843 0.23855 -0.01240 0.04585 -0.09455 -0.06362 -0.00403 0.01554 0.04865 -0.26723 0.14544 0.22097 0.01575 -0.23079 0.10112
0.13724 0.20178 0.04612 -0.08640 -0.02633 -0.06958 0.12678 0.29961 0.22403 -0.17861 -0.10297 -0.21415 0.03882 -0.17650 -0.32471 0.12512 0.02164 -0.05230 -0.16730 -0.10983 -0.22499 -0.29391 -0.15651 -0.03702 0.19852 -0.08064 0.07085 -0.14047 0.03980 0.32911 0.01153 -0.08413 -0.09066 -0.05249 -0.27357 0.01519 -0.28847 -0.12416 0.00829 -0.25041
0.01046 0.19698 0.11246 -0.09340 0.03574 -0.09106 -0.10338 -0.09534 -0.11375 0.10356 -0.24309 -0.04779 0.19562 -0.04230 -0.12936 -0.05991 -0.03485 0.16626 -0.09669 0.01587 -0.23880 -0.01074 -0.04598 0.03639 -0.13323 0.31528 0.25659 0.31963 -0.05327 -0.02074 -0.05666 -0.13502 -0.05391 -0.09163 -0.19264 0.01356 0.14156 0.22119 -0.24973 0.17892
-0.07215 -0.05988 0.07340 0.21792 0.03396 0.29459 -0.18748 0.06985 0.07678 0.10052 -0.16377 -0.10110 0.09993 0.16104 -0.00664 0.16805 -0.10266 0.00107 0.07050 0.01168 0.26232 0.15719 0.09141 0.10572 -0.12462 -0.04146 -0.25224 -0.17586 -0.20751 0.19715 -0.02900 -0.02480 0.21661 0.00747 0.15405 -0.28564 0.20444 -0.10165 0.10720 0.05043
-0.11438 -0.18573 -0.09308 -0.21088 -0.20910 0.14006 -0.01142 0.16771 -0.15107 -0.24527 0.00476 0.23055 0.03649 0.18964 -0.29418 0.14771 -0.22003 -0.09383 -0.11160 -0.06826 0.17844 0.03445 0.13904 -0.05741 -0.02430 0.01936 0.18497 -0.13917 0.04490 -0.02104 -0.03360 0.15303 0.18262 0.14789 0.27090 0.12609 -0.11243 -0.11379 -0.20428 -0.12857
0.04198 0.13378 0.04687 0.18590 -0.06081 -0.08355 0.01496 0.11422 0.01603 -0.12009 0.14364 0.00608 0.11599 -0.09186 0.02360 0.08238 0.04135 0.10295 -0.01409 0.13278 0.17762 -0.08168 0.07038 0.15158 -0.24561 -0.15417 0.07465 -0.10566 0.00555 0.10655 0.42875 -0.23800 0.09137 -0.09882 0.03756 -0.06326 -0.13918 0.05978 0.10749 0.05121
0.01850 0.16816 0.23759 -0.10747 -0.31379 0.13818 0.01686 -0.06651 -0.06036 0.00183 -0.12504 -0.24115 -0.15612 -0.08555 -0.16782 -0.17262 0.05416 0.13712 0.26244 -0.12298 -0.19594 -0.14613 -0.00621 0.09091 -0.12503 -0.24648 -0.03715 -0.28107 0.17900 0.36718 0.13097 0.19749 0.08680 0.07350 -0.05557 -0.26525 0.14937 -0.31101 0.19379 0.05809
-0.16894 -0.10868 -0.06570 -0.00068 0.03249 -0.19117 0.05511 -0.05781 0.08280 0.13623 0.05670 0.18599 0.11672 -0.18003 0.08247 -0.20001 0.13352 -0.21205 -0.33776 0.20642 -0.02443 0.04077 0.16969 -0.23034 -0.06893 -0.08921 0.14758 -0.13658 0.02811 -0.29450 0.10835 0.06483 0.06564 -0.39215 -0.12990 0.06031 -0.03105 -0.24204 -0.01668 0.39101
-0.28169 0.12967 0.11345 -0.27110 -0.09013 -0.31680 -0.30840 0.21538 -0.30273 0.07855 0.08982 -0.02698 -0.22978 -0.33421 -0.12116 -0.26459 -0.21562 0.19734 0.18896 -0.25250 -0.23249 -0.19606 0.14115 0.17741 -0.07125 0.20914 0.22160 -0.07701 -0.03498 0.22100 0.06996 0.11612 -0.00544 0.00861 -0.10778 -0.23559 0.29311 -0.34569 -0.08966 0.24561
0.15223 -0.01525 0.05069 0.18757 -0.14330 -0.05760 -0.00945 -0.07824 0.18196 0.07273 0.19255 0.06258 0.06666 -0.06587 0.23683 0.24758 -0.28760 0.21358 0.05714 0.09277 0.11211 -0.20304 0.28488 0.18031 0.02714 -0.14099 0.06396 -0.18489 0.09192 0.25037 -0.01896 -0.06446 0.06112 -0.05509 0.10013 -0.03906 -0.05930 -0.17547 -0.24031 -0.30936
-0.01735 -0.04744 0.29149 0.12707 -0.12769 0.24571 0.21090 0.03330 0.06360 -0.00135 -0.07204 -0.17900 -0.28101 -0.25585 -0.21044 -0.01496 0.07043 0.03770 0.19718 -0.03827 -0.01271 -0.25576 -0.25371 0.06301 0.26926 -0.06962 -0.04136 -0.02935 0.15959 0.03711 -0.17239 -0.10537 -0.06237 -0.06585 0.09371 0.04616 -0.09391 0.06631 0.20565 0.00086
-0.02371 -0.03346 0.26120 0.05631 -0.12947 0.38261 0.17230 0.12046 -0.03310 -0.08712 0.05301 -0.26423 0.02340 -0.06960 -0.14398 0.17746 0.26097 0.01015 -0.04778 0.16855 0.00172 -0.25067 -0.12508 0.11186 0.02922 -0.18289 -0.12065 -0.22357 0.02304 0.00570 -0.12282 -0.02988 0.11160 0.17957 0.23044 0.05428 -0.18052 0.03062 0.16997 -0.04562
0.09372 0.25343 -0.06886 -0.15425 0.06613 0.00040 -0.10152 -0.19721 -0.18457 0.05675 -0.03075 -0.07628 0.01281 -0.15917 -0.07753 -0.09973 -0.11771 0.17461 -0.01775 0.08090 -0.13404 0.11723 -0.17643 -0.23072 0.09821 0.30004 0.14582 0.02270 -0.23365 -0.16025 -0.05230 -0.10037 0.20127 0.12785 -0.13837 0.06306 0.12338 -0.04093 -0.09493 0.13531
-0.10036 0.09320 0.00779 -0.21004 0.16133 -0.05145 -0.12418 0.27223 -0.00866 0.14279 0.17513 0.07254 -0.14418 0.11549 0.13870 0.19835 -0.24901 0.05631 0.26049 -0.17159 -0.11561 0.04653 -0.00305 -0.02572 -0.10864 0.07792 -0.17271 -0.26614 0.08956 0.30837 -0.14885 0.08827 -0.14827 -0.02775 0.09719 -0.13394 -0.14431 -0.02491 0.26138 -0.08903
-0.32979 -0.12884 -0.13043 -0.02293 0.07286 -0.24724 0.17271 -0.06718 0.07894 -0.04583 -0.14688 -0.00898 -0.04386 -0.05954 -0.00152 -0.05979 -0.10508 0.08795 -0.03829 0.23887 0.07355 -0.10377 0.15505 -0.19002 0.03084 -0.00481 -0.24278 0.24767 -0.00117 -0.05761 0.14536 0.20215 -0.23132 0.09031 -0.08270 0.27019 -0.22917 0.19394 -0.08043 -0.03035
-0.08841 0.12152 0.04077 -0.09618 -0.01356 0.11082 -0.08654 0.37556 0.09250 -0.14986 -0.15703 -0.05771 -0.03578 0.01086 -0.04398 0.15094 -0.05694 0.09788 0.15059 -0.00453 0.23001 -0.16011 -0.01051 0.06285 -0.27022 0.07517 -0.22715 0.00991 0.00479 0.05501 -0.03668 0.03858 -0.15334 0.00885 -0.07159 -0.20615 -0.09568 0.14095 -0.15284 -0.16681
-0.01740 -0.21796 -0.09740 -0.23274 -0.16304 -0.19356 -0.20041 -0.16560 0.21678 -0.07855 -0.15167 -0.00196 -0.11935 -0.13399 0.14897 -0.30878 0.01567 -0.01328 -0.19617 -0.05553 -0.04554 0.07826 -0.05320 -0.24428 -0.08015 -0.25715 -0.17949 -0.12164 -0.25113 0.28575 -0.03565 -0.03952 -0.23499 0.16355 0.15027 -0.02895 -0.06231 0.33792 -0.27442 0.05188
-0.13659 0.31075 0.08872 0.03398 0.21515 0.17180 -0.22821 0.03757 -0.23014 0.01809 0.02283 -0.08840 0.05160 -0.16577 -0.10927 0.04272 -0.16208 0.12177 0.06285 0.03398 -0.00342 0.14358 -0.14530 -0.12660 0.04567 0.16825 0.27350 -0.03149 -0.23843 0.07932 0.13251 -0.02362 0.20687 0.31836 -0.11067 -0.05867 0.16918 0.14440 0.01463 0.00282
0.12686 0.32668 0.18517 0.10280 0.23293 0.06769 -0.01080 0.00231 -0.02892 -0.09369 -0.16071 0.04168 -0.02465 0.08336 -0.03844 0.00942 0.15118 0.13449 -0.29161 0.15426 -0.04477 0.23215 -0.16374 0.17491 -0.24237 -0.04766 0.07201 0.08085 0.08462 -0.13277 0.25328 -0.09515 0.02140 0.34098 0.00239 -0.18745 -0.04138 -0.23006 -0.14720 0.12830
0.07364 -0.00212 -0.09555 0.07781 0.08594 0.09978 -0.20209 0.02705 -0.04289 -0.09447 0.12438 0.15934 -0.03133 0.20372 -0.13630 0.04033 -0.01183 -0.03258 -0.02194 0.06672 0.15535 -0.30099 0.19857 0.42544 -0.10133 -0.08420 -0.03456 -0.04475 0.14378 0.19656 0.21604 0.08934 0.10170 0.03272 0.22758 0.25174 0.01341 -0.00914 0.00145 -0.10362
0.25549 0.17274 -0.11037 -0.09195 0.20160 0.02412 0.24957 0.23193 -0.12274 -0.14354 0.07843 0.06831 0.18087 0.00036 0.11503 0.06370 -0.00780 -0.11178 0.30338 0.18127 -0.20415 -0.17063 0.23170 0.16246 0.25367 0.11149 -0.31969 -0.31652 -0.12001 0.19676 -0.18478 -0.14069 -0.05607 0.14244 -0.03352 0.16367 -0.06069 -0.07027 0.03447 -0.05834
0.04367 -0.24141 -0.13515 0.10720 -0.01132 -0.22929 -0.05107 -0.11152 0.09099 0.13961 0.13503 0.23228 0.03033 -0.21795 0.06867 -0.17175 0.23017 -0.02227 -0.21533 0.14107 -0.03629 -0.04821 0.11306 -0.03364 0.01692 -0.03672 -0.07137 -0.02305 -0.14227 -0.16667 -0.16139 0.25605 0.00498 -0.35570 -0.06064 0.25784 0.10309 -0.27336 -0.02308 0.34974
0.09549 0.36130 -0.08381 0.00461 -0.11869 0.25797 -0.15218 0.25962 -0.01321 0.03236 0.20486 -0.26554 0.19216 -0.13694 0.05020 -0.22573 -0.20811 -0.06024 0.37457 -0.00149 -0.01195 -0.32845 -0.09863 0.08842 -0.19757 0.22460 -0.13736 0.04862 0.02473 -0.19559 -0.01682 0.03843 0.03717 -0.03111 -0.21731 0.24182 0.21792 0.11784 -0.07270 -0.17728
-0.01646 0.06276 0.05588 -0.14411 0.11360 -0.28674 0.19529 0.00457 -0.06590 -0.03221 -0.00872 0.24176 -0.14936 -0.00802 0.09655 -0.09732 -0.10940 -0.12825 0.03504 0.21799 0.06001 0.03637 -0.15100 0.11577 -0.27019 -0.18617 -0.03126 0.01767 0.17353 -0.00321 -0.05508 -0.30953 -0.19124 -0.15345 0.21360 -0.23696 -0.26395 -0.05392 0.27153 0.12717
0.16213 0.21535 0.20705 -0.24832 -0.22985 0.00737 -0.11656 0.24266 -0.21164 -0.15006 0.07729 0.05549 0.29917 0.17640 -0.03068 0.31423 0.35449 -0.22419 0.13476 0.09796 0.12755 0.19383 -0.29827 0.03082 -0.03947 -0.20334 0.00079 -0.06183 -0.15462 -0.11651 0.12174 -0.17363 -0.20854 0.12574 0.20903 -0.08802 -0.15609 0.11818 0.21191 0.12683
-0.11852 -0.13102 -0.14903 0.16650 -0.06202 -0.05918 0.08211 -0.04724 0.02015 0.11841 0.11329 0.17997 0.13944 -0.20147 0.11423 -0.15569 0.23830 -0.23183 -0.25354 0.04744 0.04113 -0.12611 -0.00470 0.00378 -0.07818 0.08602 -0.04985 -0.18820 0.04768 -0.29591 -0.09204 0.03933 0.18099 -0.38085 -0.14616 0.06009 -0.04640 -0.27604 0.02460 0.36855
-0.18176 0.22577 -0.08254 -0.16817 -0.11273 0.01347 -0.04253 0.10731 0.07025 -0.18524 0.18810 0.00301 0.09852 -0.11768 -0.07110 0.09472 -0.13801 0.26241 -0.00203 -0.06520 -0.10179 -0.07163 -0.06838 -0.26011 0.09952 0.02129 0.18711 0.25700 0.25838 0.08212 -0.17024 0.24066 -0.27723 -0.20228 0.06094 -0.00442 0.19480 0.00769 0.17324 0.17547
-0.08323 -0.03526 0.24494 0.15576 -0.03542 -0.10647 0.00080 0.16284 -0.17012 0.41315 -0.05786 0.21649 -0.14159 -0.00027 0.14198 0.16681 0.16691 -0.04352 0.13316 -0.09182 -0.06982 -0.10652 -0.01584 -0.12905 0.38153 -0.02463 0.13289 0.11286 -0.20705 -0.01126 -0.09902 0.28890 0.09681 -0.08944 -0.01078 0.02131 0.01334 0.04675 -0.05258 0.12783
-0.08504 -0.01355 0.08575 0.12908 0.18195 -0.03384 0.26455 0.19226 0.25804 0.05169 0.15689 -0.08762 0.11734 -0.14718 0.05392 -0.18478 0.05138 -0.20194 0.30186 -0.17091 0.04445 0.13880 -0.00393 -0.17690 -0.08213 0.25263 -0.10029 0.14916 0.20750 0.13150 0.14225 0.10609 -0.27191 0.32396 -0.11665 0.13366 -0.25786 0.09865 0.23861 0.09511
0.08985 0.05696 0.08120 0.32129 -0.12060 -0.00578 -0.01733 0.27367 -0.14484 -0.09231 -0.05940 -0.18775 -0.09154 0.16318 0.06932 0.23459 -0.16497 0.15672 0.01814 -0.10246 0.26719 -0.19003 0.06644 0.12430 -0.04888 0.09739 -0.16537 -0.00443 0.02199 0.09571 0.22890 -0.00606 0.12135 -0.15576 0.13589 0.00204 -0.03699 0.06363 0.11594 -0.25954
0.19544 -0.13259 0.18713 0.10236 -0.01060 -0.15435 0.06814 0.13377 -0.05274 -0.30472 0.27745 0.17814 0.17381 -0.06053 0.14569 -0.09887 -0.17211 -0.13997 0.02620 0.10361 -0.08155 0.06563 -0.16108 -0.11869 0.09392 -0.02976 -0.19828 -0.22662 -0.09472 -0.29410 0.12524 -0.06614 0.19398 -0.01427 0.09818 -0.23400 -0.06451 -0.10402 -0.04779 0.09845
-0.02035 -0.26514 -0.09761 -0.22683 -0.05035 -0.06235 -0.25795 -0.02918 -0.15492 -0.29626 -0.13942 -0.12772 0.09196 -0.12397 -0.00394 0.08136 -0.16401 -0.04800 -0.01850 0.06453 -0.27922 -0.05427 -0.26243 -0.21523 -0.16351 0.15641 0.18015 0.08119 -0.22626 -0.16679 0.11617 0.19132 -0.10086 -0.05572 -0.14869 0.08228 0.19862 -0.19613 0.02527 -0.16901
-0.09580 0.25997 0.01413 -0.05846 0.00416 0.12682 -0.09937 -0.19761 -0.16725 -0.11692 -0.16139 -0.06188 -0.02183 -0.00077 0.06091 -0.14048 -0.00804 0.22616 -0.10540 0.17958 -0.12216 -0.06296 -0.03944 -0.01507 -0.00548 0.25320 0.31655 0.19712 -0.04280 -0.18360 -0.10464 0.04274 0.15941 0.07279 -0.16308 0.20787 0.08492 0.13378 -0.11564 0.07445
