-0.27861 0.00728 0.21256 -0.15915 -0.06666 0.11268 -0.15605 -0.03500 0.18558 0.00072 0.11213 -0.17794 -0.08338 -0.13689 -0.04067 0.09612 -0.06303 0.09797 0.01593 -0.01920 0.11189 0.18092 -0.11496 -0.07742 -0.27451 0.10196 -0.03865 0.25215 -0.22653 0.16888 0.02790 -0.06796 0.20819 0.12508 0.01826 0.05962 -0.18202 0.17902 0.14126 -0.16084
0.24282 0.05757 0.05821 -0.03589 0.02340 0.10503 -0.08044 0.24405 -0.00290 -0.06551 0.14813 -0.01799 -0.14967 -0.16708 0.10116 -0.15495 0.09543 0.03367 -0.09868 -0.14348 0.01770 -0.09318 0.16151 0.03892 0.21189 -0.06208 0.13592 -0.12856 -0.08403 -0.13395 0.05920 0.14375 -0.26927 0.03601 0.15281 -0.07059 -0.04671 0.15444 -0.38243 -0.08632
-0.17712 -0.09071 -0.10945 -0.15233 -0.10359 -0.08175 0.07966 0.06261 0.03554 0.02728 0.07819 0.03835 -0.06745 0.14835 0.04925 0.06963 -0.04246 -0.11515 -0.14451 -0.21524 0.06803 0.09688 0.08631 0.01282 -0.00843 -0.08018 0.03146 0.11238 -0.03594 0.23120 -0.07897 0.07888 0.11179 -0.09634 -0.42292 0.10328 -0.01281 -0.02918 -0.10054 -0.14932
0.14969 0.17070 0.00733 -0.18250 -0.01751 0.06471 -0.07552 0.18808 -0.00808 0.16420 0.13318 -0.11195 0.25190 -0.25427 0.04735 -0.16082 0.35360 0.07441 0.28742 0.15839 -0.25356 -0.09811 0.13503 0.00116 0.07729 0.15247 0.04829 0.18392 0.15379 -0.22597 0.03982 0.10410 -0.13992 0.11412 0.23845 -0.11713 0.15679 0.00845 -0.01357 0.04007
-0.18837 0.22127 0.02532 0.04711 -0.22675 -0.22091 -0.07334 -0.14342 0.07345 -0.25948 -0.10788 -0.07799 -0.23556 -0.17150 -0.06147 -0.17979 0.04658 0.17115 -0.24910 0.21725 -0.05374 -0.11046 -0.24700 -0.27329 0.00231 0.02722 0.24829 -0.12307 0.30090 0.24430 0.09686 -0.11662 -0.06944 0.00557 -0.10587 0.08188 0.04929 -0.00182 0.04415 0.19517
-0.10072 0.04695 -0.10308 -0.23983 0.03391 0.02881 -0.06951 -0.17265 -0.04422 -0.18631 -0.12512 0.04697 -0.19182 0.27856 -0.14085 0.14711 -0.16899 -0.11133 0.05414 0.01832 0.17668 0.26993 -0.12151 -0.03281 -0.27119 -0.09126 -0.07209 0.08648 -0.08239 0.27804 -0.08268 -0.08859 0.12258 0.04950 -0.41589 -0.10841 -0.24351 -0.05109 -0.04842 -0.07075
0.27679 0.07977 0.05713 -0.08506 0.03434 0.09559 -0.09833 0.19284 0.00352 -0.08079 0.15271 0.00797 -0.14865 -0.13469 0.07715 -0.17409 0.09100 -0.00136 -0.11122 -0.15898 0.00298 -0.14177 0.18450 0.04413 0.24757 -0.05661 0.14837 -0.11438 -0.14195 -0.14548 0.09035 0.14255 -0.27593 0.05355 0.19238 -0.12423 -0.01545 0.17728 -0.29222 -0.05534
-0.36834 0.03883 0.05086 -0.04750 0.23179 0.01005 -0.18619 -0.00292 0.02145 -0.07421 -0.01163 -0.03806 -0.17942 0.10792 0.01699 -0.01669 -0.15509 -0.07544 -0.15621 -0.09152 0.02226 0.00646 0.11868 0.07598 -0.14344 0.06532 -0.11355 0.15277 -0.23439 0.16416 -0.15812 -0.01230 0.34066 0.02760 -0.10081 -0.11913 -0.08638 0.13890 0.10845 -0.05808
-0.26902 0.08122 -0.04149 -0.01523 0.13246 -0.26502 -0.00190 -0.05622 0.06373 -0.08847 0.01051 0.05890 -0.21127 0.12744 0.01891 -0.13751 -0.08329 0.00995 -0.02157 0.07677 -0.03426 -0.01156 0.01926 -0.09549 -0.07844 0.07610 0.00558 0.22269 0.12690 0.21723 -0.05791 -0.07287 0.09653 0.00428 -0.45641 -0.02028 -0.19061 0.07582 0.02640 0.04942
-0.25145 0.02293 0.08334 -0.02072 -0.03262 -0.22592 0.06593 0.02917 0.09896 0.08719 -0.08458 -0.04772 -0.08515 0.06083 0.04951 -0.14384 0.00723 -0.09444 0.02890 0.08092 0.09103 -0.15041 0.06189 -0.12577 -0.18350 0.16315 -0.08107 0.17361 0.02840 0.12756 -0.20446 0.05146 0.24071 0.18653 -0.22985 0.02833 -0.10147 0.21213 0.22307 0.04951
-0.04061 -0.07173 -0.07407 0.21308 -0.17947 -0.15573 -0.10880 0.08225 -0.02559 0.15507 0.24667 0.07784 0.32638 0.00147 -0.14424 -0.25767 0.09882 0.09686 0.11733 -0.05937 -0.25144 -0.17858 -0.16530 -0.09996 0.13941 -0.07168 0.18496 0.04928 -0.04788 -0.23047 -0.00213 0.09574 -0.08902 0.18239 0.26186 -0.01636 0.27341 0.02750 0.07843 0.02683
0.03559 -0.08480 -0.05953 0.21666 -0.23443 -0.16897 -0.06814 0.07798 -0.01041 0.12117 0.21461 0.13666 0.32888 -0.06976 -0.12454 -0.20998 0.08232 0.08457 0.10805 -0.03069 -0.22915 -0.12090 -0.20685 -0.07065 0.14804 -0.00215 0.21692 0.02200 -0.04004 -0.23574 0.03257 0.11558 -0.17619 0.16311 0.28525 0.03745 0.31023 -0.01151 0.09045 0.07041
-0.27439 0.05683 0.13575 -0.15324 0.17833 0.00062 -0.04665 -0.12859 -0.01604 0.07629 0.02916 -0.03183 -0.18448 0.10265 0.04767 0.00912 -0.03711 -0.02373 -0.00820 -0.11401 0.00380 -0.08121 0.01022 -0.07756 0.04545 -0.13064 -0.06460 0.19350 -0.11236 0.16113 -0.18966 -0.13495 0.18351 -0.03815 -0.37401 -0.15508 -0.20036 0.06437 0.03786 -0.21220
-0.22536 0.11452 0.03079 0.05997 0.08735 -0.11587 -0.09088 -0.08529 0.06046 0.02396 -0.01818 0.16057 -0.18752 0.16300 0.02266 0.08326 -0.09473 -0.16351 0.03435 -0.00673 -0.03831 -0.01481 0.14518 -0.01660 -0.14618 0.05670 -0.16931 0.18661 -0.04454 0.11671 -0.10795 -0.01006 0.24356 0.08582 -0.16973 0.27426 0.05547 0.18676 0.09961 0.01194
-0.17996 -0.06237 0.02147 -0.21078 0.21457 0.07056 0.14099 -0.17510 0.07529 -0.02776 0.17974 0.00763 -0.07481 0.18174 -0.06110 -0.10110 0.00275 -0.17686 -0.23328 0.05614 0.12584 -0.03813 0.19435 0.10399 -0.08845 -0.01157 -0.02116 0.17467 -0.08340 -0.03431 0.08365 0.14186 0.06714 0.16656 -0.40629 -0.06112 -0.04965 0.13984 -0.15157 0.10546
-0.13803 0.06078 -0.01580 0.17895 0.25309 0.14778 -0.02093 0.07905 -0.03275 0.10450 -0.01888 -0.18827 -0.15287 0.20372 0.02051 0.09161 0.11063 -0.16305 0.01735 -0.07362 0.06348 -0.19370 0.04913 0.24433 -0.08633 -0.13260 -0.29868 -0.00096 0.02181 0.10213 -0.03293 -0.05440 0.32161 -0.07286 -0.30160 0.23045 0.06143 0.19255 -0.07376 0.00924
-0.19518 -0.04568 -0.20501 -0.12241 0.03228 -0.08673 0.03102 0.00439 0.13510 0.03738 0.06115 0.14289 -0.15238 0.12363 -0.18733 -0.10038 -0.02935 -0.02351 -0.09388 -0.04513 0.09403 0.09845 0.03480 -0.07565 0.11998 0.15177 0.11882 0.21497 0.01843 0.19070 0.01046 0.00016 0.15688 -0.02409 -0.14400 0.03113 -0.05652 -0.09789 0.14908 -0.02676
-0.25404 0.09007 -0.03025 0.03240 -0.11035 -0.22387 -0.04224 0.13641 0.05189 -0.05328 0.04217 -0.01025 -0.20636 0.07297 0.08350 0.33788 -0.16906 -0.14353 -0.05788 0.00979 0.05465 0.19547 0.07438 0.06181 -0.19673 -0.02647 -0.21452 0.03427 -0.04179 0.27210 -0.01054 -0.03513 0.14579 0.00038 -0.49153 0.04326 0.08806 -0.11794 -0.07112 -0.02237
0.13424 -0.11603 0.12441 -0.01453 -0.01777 0.01213 0.05310 -0.18079 0.13682 0.05096 -0.01269 0.21281 -0.29112 0.03346 0.18965 0.04107 -0.09897 -0.04517 -0.14995 0.07729 -0.13890 -0.04910 -0.16574 0.04001 0.22362 0.04522 0.30392 -0.15213 0.03455 0.03239 0.02301 0.04727 -0.24860 0.01445 0.06914 -0.09991 0.17373 -0.09377 -0.10015 -0.09318
0.17938 0.02131 -0.22814 0.07092 0.14770 0.23783 -0.03409 -0.04130 -0.06355 0.02447 0.10996 0.26649 0.18681 -0.34993 -0.06350 -0.13674 0.07627 0.30874 0.21434 -0.03018 -0.08451 0.03257 0.03260 -0.16843 0.16819 -0.12597 -0.06653 0.02320 0.10024 -0.08399 0.13742 0.06565 -0.22297 -0.00154 0.19866 0.08444 -0.18245 0.23554 0.10706 -0.17064
-0.31957 0.04953 0.01476 -0.00846 0.14872 -0.04776 -0.10421 -0.17316 -0.01483 -0.05177 0.01699 -0.03064 -0.13151 0.17548 -0.09665 -0.00109 -0.04018 -0.06091 -0.02087 0.07370 -0.07528 0.08442 0.08307 -0.04691 -0.07134 0.06848 0.04986 0.22425 -0.08532 0.10056 -0.01675 -0.01420 0.17587 0.02212 -0.29748 -0.08584 -0.14435 0.04997 0.02429 -0.00465
-0.27166 0.05381 0.07226 -0.06384 0.02042 -0.03373 -0.05073 -0.04913 0.07721 -0.06912 -0.00354 -0.09738 -0.18271 0.11048 -0.08901 0.01993 -0.13706 -0.03416 0.02432 0.01585 0.05426 0.15935 0.05699 -0.08160 -0.19166 -0.06092 0.02723 0.05406 -0.04197 0.23882 0.03085 -0.04032 0.24346 -0.02167 -0.40403 0.02238 -0.12703 -0.16612 -0.13667 -0.04785
-0.34325 -0.07602 0.15537 -0.02890 0.13293 0.01822 -0.16446 0.03686 0.07975 -0.06360 -0.05527 0.03011 -0.20465 0.20235 -0.04787 -0.16550 -0.12954 -0.01203 -0.10171 -0.08522 0.01968 0.16519 0.11877 -0.00026 -0.05956 0.09612 -0.21317 0.09330 -0.02168 -0.02522 -0.22364 0.08960 0.18858 -0.03459 -0.04016 0.25656 -0.22068 0.23799 0.05620 -0.05868
-0.28263 0.06182 0.05741 -0.09084 0.20165 0.11969 -0.33309 -0.07259 0.08846 0.02654 0.01552 -0.09844 -0.00134 0.17559 0.12940 -0.01072 -0.05060 -0.08079 0.04381 0.03956 -0.08166 -0.17747 0.18663 0.11971 -0.01212 -0.06371 -0.08065 0.22793 -0.23778 0.16867 -0.04130 -0.09417 0.01445 0.09582 -0.26952 0.03953 -0.10460 0.14861 0.05685 -0.06685
0.12737 0.19687 -0.00790 -0.16906 0.09386 0.14130 -0.02448 0.23559 -0.02126 0.10855 0.13802 -0.14762 0.15734 -0.17372 0.13784 -0.10561 0.31192 0.03658 0.24441 0.15771 -0.20066 -0.14885 0.19448 -0.00371 0.10331 0.09588 -0.05202 0.12644 0.17772 -0.06304 0.00592 0.05757 -0.27965 0.14753 0.13702 -0.08915 0.07603 0.08137 -0.20182 0.00280
0.10229 0.15020 -0.02319 -0.12382 0.01646 0.11835 -0.09947 0.20298 -0.06382 0.11861 0.15171 -0.15990 0.13262 -0.24194 -0.00895 -0.13035 0.32069 0.03023 0.23545 0.09817 -0.24801 -0.14198 0.17982 0.04016 0.04876 0.12360 0.00112 0.20001 0.16228 -0.05787 0.00548 0.08841 -0.16827 0.13249 0.24171 -0.11236 0.08915 -0.01437 -0.03689 0.02624
0.08994 -0.02205 -0.14661 0.07543 0.12149 -0.00564 -0.16169 -0.11854 0.02480 -0.11346 0.25557 -0.03042 -0.02964 -0.12637 -0.01954 -0.19437 -0.12701 0.08419 -0.13129 0.13205 -0.06316 -0.08347 0.22434 -0.04725 0.01144 0.10422 -0.08517 0.10743 0.06339 0.09909 0.00925 0.02579 -0.04001 0.00211 0.11066 0.15581 0.08188 0.07671 -0.01914 0.13725
-0.25680 -0.08025 0.01889 -0.18146 -0.15610 -0.15353 -0.04799 0.04842 -0.11949 0.00775 0.07867 0.05778 -0.17992 0.19270 0.06766 0.17131 -0.00818 -0.13122 -0.14871 -0.05599 -0.04163 0.21887 0.14071 0.14004 -0.19299 0.14000 -0.13750 0.06069 0.15533 0.10158 0.08855 -0.02212 0.32607 -0.03766 -0.38257 0.00779 -0.15404 0.09307 -0.09998 0.07776
0.15740 0.15302 -0.03493 -0.15988 0.03918 0.07232 -0.07191 0.23723 -0.04004 0.09570 0.06067 -0.12588 0.14213 -0.20248 0.07802 -0.10988 0.30398 0.02609 0.30310 0.18648 -0.22844 -0.17218 0.18712 -0.04471 0.00693 0.14386 0.04903 0.13467 0.22540 -0.16746 0.03400 0.05532 -0.22642 0.12564 0.15987 -0.12192 0.04198 0.02321 -0.09407 0.14202
0.09240 0.08972 0.03437 -0.16610 0.08529 0.13704 -0.07693 0.23064 -0.11871 0.08615 0.23041 -0.10855 0.08083 -0.14546 -0.07671 -0.19330 0.26909 -0.00851 0.20299 0.03036 -0.28310 -0.15257 0.14485 0.05452 0.09899 0.14272 -0.03975 0.17857 0.07289 -0.13689 0.15549 0.15953 -0.24112 0.11478 0.14758 -0.07522 0.06016 0.06249 -0.08672 0.00748
-0.08875 -0.13871 -0.11750 0.00551 -0.07013 -0.22500 0.20842 -0.20045 -0.05807 -0.11191 0.20096 -0.04593 -0.06713 0.00109 -0.16349 -0.08887 -0.01574 0.01019 0.05405 -0.07631 0.03215 0.02538 -0.04883 0.08924 -0.22452 0.02911 0.02316 0.17571 0.16903 0.01036 -0.29759 -0.07877 0.43440 -0.05318 -0.06105 0.17920 -0.12193 0.13278 0.03468 -0.07958
-0.06746 0.08055 -0.12470 0.05612 -0.10174 -0.12387 0.18443 0.01147 0.04415 -0.00760 0.08566 -0.07978 -0.14853 -0.04572 -0.07787 0.04750 0.00677 -0.24692 -0.18633 -0.18317 -0.00885 0.04984 -0.12210 0.08968 -0.06068 0.22206 -0.09107 0.17222 -0.04376 -0.03688 -0.15276 0.08166 0.24928 0.07785 -0.26376 0.12872 0.01510 -0.00586 -0.10586 -0.09298
-0.23146 0.10415 0.06538 -0.21674 0.08658 -0.03916 -0.07660 0.05137 0.13021 0.05690 -0.05414 0.05203 -0.22308 0.33472 0.12110 -0.07952 -0.05212 -0.03611 -0.10935 0.09930 0.01065 -0.05359 0.03648 0.15829 -0.17882 0.06602 -0.25416 0.13732 -0.09652 0.01996 -0.24395 0.08136 0.13896 0.05565 -0.31427 0.05011 -0.07557 0.18509 -0.02489 0.05683
-0.08330 0.26576 -0.05298 -0.02154 0.03980 0.04250 0.15226 -0.01794 -0.03148 0.03542 0.07845 -0.17124 -0.16983 -0.08112 0.04066 -0.01447 -0.10021 -0.06013 -0.02971 -0.02464 -0.07232 -0.08480 0.15781 -0.21882 -0.10830 -0.10460 -0.17702 0.18034 -0.04035 0.20363 -0.07929 -0.01766 0.16169 -0.12814 -0.15027 0.09369 -0.08231 0.16370 -0.05974 -0.11583
-0.04683 -0.05571 -0.05271 0.15879 -0.04685 0.29685 -0.01843 -0.07069 -0.11422 -0.20752 0.30549 -0.15244 -0.18624 -0.17287 -0.06847 -0.26102 -0.18844 -0.19539 0.19979 0.26263 -0.26840 -0.18861 -0.08373 0.08191 -0.09545 0.16219 -0.14679 0.08827 0.09356 -0.15645 -0.05492 0.04262 0.07638 -0.12148 0.19767 -0.03982 0.03370 0.09479 0.06558 0.21528
0.02757 -0.04815 -0.14441 0.00986 0.08565 0.03139 0.07218 0.13087 -0.04350 0.01207 0.10235 0.05362 0.09768 -0.17762 0.14609 -0.13411 0.00564 -0.00205 -0.05198 -0.01963 -0.08269 -0.21081 0.20753 0.08090 0.11246 -0.03596 0.01979 0.03632 0.12162 0.09927 0.05918 0.07557 -0.14350 0.00992 0.11331 0.04220 -0.07885 0.02304 -0.09991 -0.02784
-0.19042 0.12214 -0.02637 -0.13251 0.03189 -0.05067 -0.18260 -0.04161 -0.01543 -0.00077 0.05256 -0.12408 0.03697 -0.00619 -0.00955 0.07696 0.00379 -0.05321 0.05818 0.04389 0.05910 -0.04833 0.16158 -0.12330 0.00450 -0.03426 -0.06797 0.23756 -0.08121 0.12193 0.01399 -0.04314 0.28047 0.00089 -0.22775 -0.05560 -0.06197 0.19636 -0.01492 -0.11310
