0.08252 -0.11675 0.14045 -0.25636 -0.15173 -0.16206 0.01445 -0.06631 -0.13465 0.13851 -0.08275 0.17265 -0.02110 0.02591 -0.09406 -0.10302 0.05360 0.16021 0.04616 -0.14685 -0.01011 -0.06266 0.18638 -0.06067 0.08813 0.15243 -0.19746 0.16083 -0.01335 -0.13407 0.02282 0.06753 0.01542 0.07508 -0.09110 0.00725 0.04770 -0.05086 -0.12371 0.28408
-0.03730 -0.01296 -0.37575 -0.16082 0.16774 0.04228 0.09469 0.00435 -0.30741 -0.12931 -0.02603 -0.17649 0.10988 -0.30052 0.25455 0.14638 0.09640 -0.00848 0.37612 -0.20567 0.04448 0.13795 -0.14585 0.14033 -0.08225 -0.08013 0.07936 0.19929 -0.11871 -0.09830 -0.09255 -0.01565 0.09668 0.09480 0.14035 -0.03775 -0.04204 0.02113 -0.15874 -0.01532
0.10894 0.18025 -0.28264 0.06402 0.25102 0.07626 -0.18332 -0.09302 -0.07400 0.25366 -0.03620 -0.08007 0.08318 -0.13135 0.09572 0.34900 0.02052 -0.03010 0.06653 -0.15530 0.26521 -0.09463 0.01534 0.01233 -0.06836 -0.15188 0.17809 0.12013 -0.14831 0.02477 -0.12480 -0.08358 0.22322 -0.21353 -0.17236 0.24459 -0.04071 -0.03619 -0.03479 -0.29374
0.05001 0.26497 -0.22081 0.18396 0.17502 0.02026 -0.16104 0.03975 0.02323 0.17945 0.01569 -0.03518 0.06884 -0.03380 0.06581 0.07517 0.14536 -0.06810 0.07317 -0.07608 0.29003 -0.15143 -0.31373 0.09239 -0.01606 -0.05125 0.07156 -0.07953 -0.00394 0.10348 -0.17938 -0.02537 0.09283 0.02937 0.08854 0.20537 -0.15053 -0.01179 -0.07359 -0.20499
-0.10043 0.16179 -0.18371 0.01970 0.31413 0.10294 -0.15620 -0.01831 -0.19211 0.11021 0.10618 0.03916 0.10912 -0.21516 0.13373 0.18966 -0.04447 -0.27542 0.17124 -0.11977 0.20164 -0.14365 -0.17563 0.04697 -0.03140 -0.11671 0.01380 -0.06088 0.00829 0.04737 -0.18136 -0.01573 0.16459 0.01574 0.05322 0.08840 -0.18363 -0.01149 -0.07632 -0.25087
0.01371 0.23447 -0.21792 0.13060 0.23813 0.09359 -0.10732 0.01071 -0.19515 0.22755 0.04171 -0.16701 0.16538 -0.03976 0.01675 0.19888 0.10306 -0.12264 0.13688 0.01993 0.11287 -0.21149 -0.03812 -0.01264 -0.11417 -0.05790 0.06985 -0.00348 -0.05050 0.04873 -0.14662 -0.01030 0.16888 -0.09027 -0.07893 0.21398 0.00145 0.03831 -0.15077 -0.25612
-0.04095 0.26988 -0.22443 0.14259 0.20752 0.05313 -0.12911 0.03803 -0.07484 0.06634 0.07455 -0.19813 0.15579 -0.01354 0.06552 0.21252 0.09599 -0.11652 0.20516 -0.05164 0.13320 -0.13444 -0.17243 -0.02832 -0.00766 -0.11547 0.12166 0.05254 -0.13571 0.10046 -0.19275 -0.07368 0.14835 -0.03986 0.14510 0.22508 -0.15433 0.11721 0.03410 -0.35261
-0.02221 0.15891 -0.15012 0.00884 0.23330 0.03432 -0.18039 -0.04573 -0.17910 0.19183 0.02216 -0.04209 0.11437 -0.08749 0.06826 0.19607 0.08084 -0.17003 0.14462 -0.03361 0.21602 -0.07444 -0.06105 0.00399 -0.07267 -0.08154 0.09647 0.07552 0.04051 0.06931 -0.26174 -0.10970 0.12222 -0.08797 -0.03311 0.19661 -0.04301 0.12262 -0.11349 -0.24321
-0.05411 0.22287 -0.11623 0.21508 0.31816 0.15108 -0.13732 -0.03343 -0.12355 0.07933 0.02928 -0.10407 0.08343 -0.05087 0.01864 0.25364 0.03038 -0.13127 0.21050 -0.03575 0.10133 -0.13789 -0.09586 0.03089 -0.13105 0.01323 -0.00610 -0.06615 -0.00582 0.00968 -0.17849 -0.07699 0.06220 0.04168 -0.06876 0.23021 0.07222 0.05071 -0.08045 -0.26043
-0.00135 0.28109 -0.19146 0.05943 0.29325 0.07485 -0.10706 0.01016 -0.05524 0.09827 0.08623 -0.14095 0.06088 -0.13007 0.07011 0.20977 0.10049 -0.11266 0.24065 -0.10655 0.19784 -0.04560 -0.14296 -0.06578 -0.07153 -0.05866 0.07326 -0.04955 -0.02316 0.04139 -0.21054 -0.09914 0.07433 -0.03084 0.01091 0.18006 -0.03681 0.12841 -0.04957 -0.28881
-0.01949 0.12941 -0.21674 0.13445 0.32095 0.08158 -0.02894 0.01654 -0.20453 -0.00903 0.09675 -0.11744 0.03454 -0.08924 0.26562 0.27682 -0.01472 -0.16837 0.33105 -0.04872 -0.03510 -0.06511 -0.13467 -0.04844 -0.08109 -0.10000 0.02963 -0.01388 -0.09781 -0.09847 -0.13405 -0.12878 0.09049 -0.06140 0.10104 0.04995 -0.06915 0.01032 -0.21401 -0.05398
-0.10927 -0.00470 -0.06011 -0.06393 -0.13222 -0.13430 -0.00398 -0.07924 0.07576 0.05958 0.04941 0.15798 -0.13718 0.12428 -0.18657 -0.25155 -0.01582 0.04669 -0.15180 0.10138 -0.01570 0.03500 0.14588 -0.23786 0.13086 -0.18790 -0.06279 -0.04421 0.05354 -0.04332 0.06555 0.09339 -0.07823 -0.12383 0.05732 -0.02929 -0.16369 -0.14049 0.14129 0.07573
0.22270 -0.03099 0.19152 -0.10930 -0.20484 -0.27218 -0.00531 0.05883 0.02292 0.12660 -0.06929 0.05405 -0.05309 0.20167 -0.07029 0.05504 -0.09628 0.02855 -0.06702 0.09575 -0.05358 -0.05280 0.21028 -0.12516 0.09079 0.06159 0.07138 0.21369 -0.15530 0.10962 0.14990 0.28408 -0.04605 -0.14385 -0.03324 0.10914 0.02829 -0.29807 -0.08339 0.15280
-0.01290 0.29573 -0.22873 0.23834 0.42171 0.28244 -0.13682 -0.16794 0.00501 -0.01035 0.01440 0.02221 -0.01703 0.01361 0.06909 0.19731 0.09564 -0.08672 0.21922 0.03148 0.16940 -0.16961 -0.02692 -0.10297 -0.22309 -0.04183 0.04429 -0.06279 0.03586 0.00558 -0.17997 0.02591 -0.02258 -0.02849 -0.14628 0.05230 0.09089 0.06094 -0.04317 -0.29079
0.13583 0.19227 -0.14552 0.14581 0.27600 0.00446 -0.13411 -0.08923 -0.19580 0.10155 0.09879 -0.07277 0.09244 0.05974 -0.07963 0.14354 -0.03517 -0.04789 0.20671 0.08447 0.04846 -0.00320 -0.24491 -0.07672 -0.02592 -0.02475 -0.02056 -0.00344 0.01592 -0.01092 -0.21964 -0.10119 -0.04151 -0.10894 0.07153 0.24166 0.03975 0.06159 -0.11663 -0.27678
-0.02208 0.15956 -0.32254 0.25561 0.28111 0.16970 0.12291 0.05694 -0.21479 0.06923 -0.10474 -0.09844 0.14834 -0.18414 0.19916 0.20212 0.04200 -0.01463 0.24418 -0.05488 0.03050 -0.12865 -0.02712 -0.07567 -0.04909 -0.07540 0.05970 -0.01011 -0.18897 0.09561 -0.13569 -0.00510 0.12500 0.07106 0.13642 0.06180 -0.02156 -0.06635 -0.17460 -0.15907
-0.05728 -0.09653 0.21565 -0.07140 -0.31989 -0.12325 0.20787 -0.15134 0.08448 0.04069 0.02837 0.11651 0.13532 -0.20859 0.08975 -0.10653 -0.10077 0.03353 -0.24606 0.11550 0.09338 0.10248 -0.10099 0.19669 -0.00286 0.07707 0.04501 0.04761 0.06788 0.16293 -0.07428 -0.10462 -0.22141 0.13119 -0.00791 0.13114 -0.13607 -0.03928 0.10422 0.25941
0.27075 -0.09952 0.06857 -0.15419 -0.30923 0.00188 0.14283 0.15507 0.13636 0.05968 -0.06095 0.14631 -0.19890 0.00669 -0.32854 -0.19458 -0.20105 0.00611 -0.20653 0.23050 -0.18371 -0.04212 0.03880 -0.11017 0.26296 0.12534 -0.02462 -0.10946 0.04499 -0.05161 0.11110 0.21212 0.08365 -0.05946 0.00078 -0.14891 -0.01777 -0.20821 0.03311 0.21165
0.06526 0.24529 -0.21572 0.10353 0.19483 0.09828 -0.10776 -0.11939 -0.19495 0.18244 0.01873 -0.06659 0.13310 -0.06530 0.16033 0.15184 0.05040 -0.24961 0.02455 -0.04947 0.19521 -0.04982 -0.05182 0.08548 -0.07165 -0.06745 0.15211 0.04390 0.02990 0.02348 -0.30693 -0.15069 0.11869 -0.10166 -0.06779 0.21183 -0.11319 0.02293 -0.03978 -0.16261
0.00414 0.27802 -0.17968 0.06705 0.30337 0.20108 -0.08759 -0.12914 -0.12863 0.00590 -0.04016 -0.11027 0.04364 -0.19397 0.03892 0.07746 0.04851 -0.20516 0.26006 -0.12925 0.11245 -0.09320 -0.01455 -0.00942 -0.13813 -0.15718 0.16930 -0.09088 -0.03873 0.03923 -0.16247 -0.06347 0.09398 -0.06100 -0.09704 0.18281 -0.05331 0.05559 -0.21239 -0.24709
0.07835 0.17318 -0.20828 0.26526 0.30840 0.19017 -0.10149 -0.01892 -0.09152 0.06792 0.08751 -0.09509 0.05592 0.00452 0.10669 0.12288 0.09250 -0.16632 0.22093 -0.06607 0.16025 -0.20382 -0.10728 0.08588 -0.05178 -0.00009 0.11019 -0.01646 -0.12956 0.00510 -0.12189 -0.06220 0.00709 -0.03180 -0.05416 0.25759 0.05206 0.07758 -0.19539 -0.19398
-0.00710 0.27242 -0.21026 0.17880 0.37686 0.17723 -0.08289 -0.06063 -0.07979 0.03400 0.09006 -0.03041 0.13901 0.02625 0.05016 0.09170 0.14650 -0.17502 0.23664 -0.05805 0.12582 -0.20936 -0.19782 -0.02776 -0.10088 -0.03198 0.09266 -0.08978 -0.00779 0.01055 -0.17733 -0.02805 -0.04270 -0.09702 -0.11649 0.20275 -0.04101 0.02941 -0.14864 -0.18543
-0.06378 0.10086 0.09561 -0.11165 -0.18812 -0.09343 -0.17044 -0.13069 -0.06590 -0.12369 -0.05366 -0.04638 0.08273 0.24540 -0.06281 -0.13719 0.24060 0.22584 -0.00625 -0.00989 -0.13219 -0.06754 0.12956 -0.02166 -0.03932 -0.00104 -0.15843 -0.00503 0.24776 -0.03319 0.10412 0.11885 -0.13035 0.04692 -0.10165 -0.00254 0.11628 0.07886 0.05768 0.15846
0.14410 -0.18666 0.13905 -0.11082 -0.16570 -0.01012 -0.06744 0.12174 0.17324 -0.06515 -0.00521 0.11358 -0.20317 0.12031 -0.16450 -0.05001 0.00427 -0.02115 -0.04894 0.18867 0.08307 0.16665 0.17787 -0.08355 0.02431 -0.07791 0.14668 -0.10054 0.03773 0.07054 0.17143 0.11488 0.07470 -0.02877 -0.08318 -0.07172 -0.11479 0.05849 0.15522 0.07288
-0.23381 0.05048 0.08415 0.10163 -0.00607 0.14173 -0.06330 0.16447 -0.17160 -0.17715 0.11540 0.01351 0.10695 0.15733 0.17394 -0.07679 0.02135 0.08750 -0.30942 -0.11761 -0.16889 -0.02711 -0.00047 0.19015 0.00195 -0.02491 -0.02682 -0.18816 0.28000 -0.17586 0.04619 -0.11780 -0.19690 0.13873 0.05023 -0.12232 -0.15760 -0.06532 0.10804 0.04137
0.07968 0.26158 -0.25892 0.20556 0.37436 0.06451 -0.01257 0.00020 -0.17229 0.02704 0.11577 -0.12959 0.06736 -0.04658 0.05738 0.08130 0.11466 -0.08013 0.32212 0.02171 0.06403 -0.12662 -0.25371 -0.02374 -0.09219 -0.06456 0.05476 -0.03096 0.02305 -0.01326 -0.12183 -0.09312 -0.00653 -0.06116 0.06760 0.18399 0.07224 0.05318 -0.16830 -0.27594
0.18786 -0.17222 0.12023 -0.15377 -0.34094 -0.03117 0.21262 0.10293 0.16438 0.06647 -0.09368 0.12593 -0.21092 0.04240 -0.23017 -0.26586 -0.21291 0.06502 -0.26111 0.21365 -0.17695 -0.05178 0.09015 -0.12695 0.20508 0.09815 -0.06137 -0.03622 0.01170 -0.01451 0.07153 0.21155 0.07040 -0.06691 -0.04208 -0.17503 0.00575 -0.21786 0.00346 0.27727
-0.03883 0.05228 -0.01755 0.16989 -0.02756 -0.02376 0.04129 -0.01644 -0.03075 -0.10304 -0.03896 0.04587 -0.19434 0.12464 0.16830 0.00248 -0.09312 -0.25817 0.00091 -0.01902 0.03522 0.14732 0.11279 -0.06997 0.03022 0.02547 0.00110 -0.04475 -0.04495 0.04982 0.22880 -0.09876 0.00333 0.01410 -0.06453 0.03996 0.11006 -0.01628 -0.00303 0.17422
-0.14358 -0.01142 -0.33483 0.12923 0.25498 0.01805 0.07090 -0.14565 -0.25519 0.08441 -0.05641 -0.01862 0.18042 -0.05450 0.18958 0.12623 0.10897 0.07377 0.22384 -0.11090 0.10683 -0.13956 -0.05662 0.05888 -0.05887 -0.16208 0.01831 0.13422 -0.11310 -0.05359 -0.08241 0.03094 -0.14348 0.03005 0.01593 0.09519 -0.00052 0.09689 -0.12791 -0.03490
0.04466 0.14106 0.19146 -0.17011 -0.26443 -0.05008 -0.01405 0.15871 0.03019 0.09420 0.07352 -0.01130 -0.06008 -0.07361 0.14321 -0.03201 0.01625 -0.16364 -0.08189 -0.09334 -0.08412 0.14657 0.11530 0.00558 -0.18503 0.09475 0.03747 -0.02236 0.03772 -0.15468 0.29301 -0.09342 -0.04723 0.01889 0.01632 -0.08181 -0.07387 0.01747 0.13359 0.07101
0.18127 -0.10237 0.04451 -0.13048 -0.30231 -0.06732 0.10011 0.20328 0.11798 0.00450 -0.02205 0.11765 -0.28033 0.07477 -0.22900 -0.22346 -0.12217 -0.05034 -0.22726 0.19638 -0.22583 -0.02948 0.01199 -0.12283 0.35304 0.21246 -0.04429 -0.11037 0.12575 -0.08563 0.17224 0.16324 0.08516 -0.02167 -0.00032 -0.13353 0.02819 -0.10168 0.03438 0.30228
-0.19777 -0.01429 -0.09470 -0.03291 -0.00101 -0.06947 0.00195 -0.06991 0.00099 -0.22160 -0.23221 0.23310 -0.13545 -0.14127 -0.08971 0.04821 0.17226 -0.11326 -0.05229 -0.12405 0.14082 0.14759 0.30551 0.04379 -0.01052 -0.11413 0.13327 -0.22522 -0.05685 -0.04404 0.10665 0.14566 0.07179 0.09919 -0.00293 -0.18138 -0.17752 0.07788 0.24126 0.08862
