-0.39619 0.04652 -0.19557 -0.19058 -0.09170 -0.17485 0.12059 -0.20588 -0.12328 -0.06488 0.26251 -0.03639 0.19267 0.22448 -0.12033 0.01525 0.09323 0.08866 0.21004 -0.01772 -0.03909 0.09776 0.13464 -0.03884 -0.00861 0.06629 0.15029 -0.16393 0.19249 0.13499 -0.02071 -0.14101 -0.00767 0.24083 0.17200 0.14057 0.05648 0.12011 -0.27212 -0.00161
-0.05568 0.04339 -0.24150 -0.20056 -0.03302 0.07576 -0.00290 0.02495 -0.25412 -0.35945 0.37148 0.24706 0.09915 0.04343 0.01771 -0.21144 -0.02419 0.07038 0.00039 -0.08245 -0.12105 -0.07162 0.19684 0.10476 0.10434 0.00306 -0.05504 -0.02127 0.33227 -0.19041 -0.08650 -0.16693 0.04890 -0.02143 0.10423 -0.01791 0.13265 0.13742 -0.07376 0.12405
0.23902 -0.17267 0.31954 0.04345 0.15458 -0.04077 0.08222 -0.15154 0.13910 0.21334 -0.18961 0.11003 -0.13934 -0.00192 0.04369 -0.05733 0.08637 0.07467 -0.16439 -0.00544 0.04803 0.16690 0.14271 -0.04624 0.04693 -0.21449 0.08777 -0.21012 -0.13134 -0.12860 -0.16971 0.11741 0.00938 0.22513 -0.02372 -0.04889 -0.03776 -0.07638 -0.02827 0.10036
0.02639 -0.01767 -0.06882 -0.03878 -0.15542 -0.05021 0.15848 -0.13198 0.19452 0.22341 -0.05704 0.04331 0.02174 0.01269 -0.05774 0.03070 -0.03159 -0.01188 -0.03616 0.02957 -0.04125 0.03574 -0.06984 0.02151 -0.15773 0.34522 0.12182 -0.30881 -0.20642 0.00501 -0.10642 0.28521 -0.04976 0.02256 -0.09427 -0.03104 -0.14983 -0.10210 0.23256 0.17317
0.12338 0.22128 -0.02934 0.11402 -0.08384 0.24314 0.13009 0.26343 -0.11460 0.24613 -0.00951 0.01523 -0.28833 -0.05490 -0.07127 0.10807 -0.15652 0.14952 -0.24252 0.09373 0.12337 0.27112 -0.16910 0.12076 0.17448 -0.06674 -0.09075 0.10038 -0.15981 0.22935 0.13022 -0.02429 -0.19345 0.03911 -0.16544 -0.17874 -0.09739 -0.15511 0.16580 0.25682
0.16941 0.02871 -0.11059 0.03348 -0.08141 -0.10552 -0.17197 -0.23734 -0.17881 0.05429 -0.00567 -0.04666 -0.04643 -0.09927 0.11724 -0.09421 0.04015 -0.15231 -0.21127 0.00028 0.08051 -0.00844 -0.05792 0.07779 -0.14447 0.00480 0.04261 -0.02528 -0.03388 -0.18602 0.19087 -0.01628 0.04857 0.02517 -0.16192 0.17835 -0.11053 -0.02803 0.18323 0.12430
-0.00806 0.16165 0.19237 0.15148 -0.08770 -0.13430 -0.01565 0.20492 0.11675 0.04224 -0.15909 0.10514 -0.24119 -0.16424 0.07686 0.14833 0.15899 -0.21719 -0.09211 -0.03339 0.07103 0.24728 0.09869 0.11303 -0.06849 0.18932 -0.06944 0.24962 -0.16542 -0.11115 -0.09666 0.11425 0.15160 -0.01007 -0.20231 -0.04218 -0.23308 -0.11577 0.25655 0.04104
0.31600 0.03285 0.12809 -0.10995 -0.09202 -0.20643 -0.22750 -0.08112 0.23249 0.26049 -0.36014 0.02053 -0.07713 -0.01894 0.24572 0.09895 0.37072 -0.01151 -0.27681 0.00077 -0.06242 0.11722 0.16464 -0.02619 -0.17937 -0.24666 -0.15578 0.03132 -0.17019 0.06506 0.08724 0.27899 0.25511 0.19066 -0.06711 0.19226 0.11875 0.15458 0.10296 -0.28350
0.01215 -0.03774 -0.03260 0.00480 -0.00265 -0.15490 -0.13324 0.16928 0.21771 -0.05094 -0.18228 0.04065 0.11675 -0.07174 -0.00455 0.04618 -0.02533 -0.05591 -0.09504 0.00512 0.04906 -0.05624 -0.02215 -0.11747 0.06152 -0.02623 0.23116 0.06876 -0.17526 -0.20118 -0.06057 -0.12262 0.13669 -0.18915 0.02219 -0.02120 0.08390 -0.02583 0.24429 0.23624
0.21468 -0.00995 0.23273 0.09639 0.11414 0.23053 -0.14387 0.12661 0.20257 0.08736 -0.12497 0.16365 -0.16328 -0.27497 0.29205 -0.13850 -0.12468 -0.15823 -0.16688 0.14584 0.20632 -0.02738 0.08076 0.02429 -0.09037 -0.05311 0.29876 -0.07202 -0.19960 -0.00042 0.14973 0.12037 -0.01015 -0.23239 -0.00028 0.34722 -0.17520 -0.13274 0.11674 0.03101
0.21465 -0.09702 -0.18299 0.07674 -0.11601 -0.06116 -0.21873 0.23999 -0.00298 0.23947 -0.12861 0.06626 0.00332 -0.23335 0.08173 0.06147 0.12412 -0.27750 -0.14473 -0.05930 -0.07417 0.03904 -0.20003 -0.02190 0.14177 0.16249 0.10353 -0.08773 -0.00061 -0.11366 0.18573 0.09274 0.14647 -0.23459 -0.08073 0.04760 -0.25252 -0.01558 0.05148 -0.10239
0.04421 -0.02234 0.25229 0.09790 -0.06263 -0.13847 -0.13270 -0.03632 0.17701 -0.18982 0.00368 -0.05233 0.11375 0.00055 0.18075 0.00525 -0.11111 0.15182 -0.32170 0.02702 -0.03572 0.03126 -0.23401 0.24185 0.20444 -0.30260 0.02980 0.17830 -0.20153 0.08990 -0.03312 0.08950 -0.10263 0.08719 0.11880 -0.15989 -0.12910 0.13973 0.02486 -0.02570
0.22691 -0.16425 0.06257 0.00397 0.12010 0.07644 0.02764 0.01139 -0.09484 0.10877 0.06217 0.04183 -0.00862 0.04098 -0.14447 0.01788 0.01912 -0.27320 -0.17023 0.11258 0.17948 0.30260 0.01647 -0.10619 0.07373 -0.11059 0.08206 0.17171 -0.14845 -0.36782 0.28488 -0.11170 0.01661 -0.04190 -0.08478 -0.15669 -0.24602 -0.20047 -0.13421 0.09324
0.08215 0.02356 0.22638 -0.24427 -0.00891 0.27889 0.10089 0.11734 -0.00199 -0.03384 -0.25464 0.10013 -0.21570 -0.18903 -0.00465 -0.16332 0.03273 0.03878 -0.09143 -0.18069 0.18264 0.04009 -0.04123 0.13478 0.14062 -0.09030 0.16900 0.08633 -0.06565 0.37169 0.19822 0.02245 -0.00591 0.17220 -0.17236 0.14539 -0.08260 0.17848 -0.21696 0.28115
-0.36239 0.02626 -0.09847 -0.14369 -0.05907 -0.16018 0.08308 -0.18823 -0.13504 -0.08382 0.33419 -0.07790 0.14100 0.21877 -0.09463 0.03792 0.17688 0.09328 0.12612 0.02701 -0.11293 0.06192 0.09936 0.08307 0.00754 0.04279 0.10282 -0.12326 0.18559 0.15518 0.00120 -0.07955 0.01544 0.22298 0.28199 0.11023 0.07234 0.10192 -0.29254 -0.08536
-0.00431 0.02420 0.21406 0.12292 -0.14091 0.10416 -0.24717 0.07948 0.06721 0.30584 -0.25049 -0.08454 -0.35371 0.02481 -0.23642 0.23319 0.06449 0.13058 0.15647 -0.07613 -0.05372 0.12985 -0.05543 -0.08091 -0.19314 0.13556 -0.02560 0.13127 -0.22257 -0.01707 0.12316 0.18164 -0.12623 0.16144 -0.24713 0.18808 0.05393 0.07363 0.11130 0.26761
0.02368 -0.22181 -0.05241 -0.07083 0.21322 0.13975 -0.08021 0.22610 0.13111 0.22754 -0.05762 0.23643 -0.08602 -0.06876 -0.02939 0.09575 0.02264 -0.37056 -0.21422 0.11126 0.03396 -0.10293 -0.05383 0.32694 0.07061 -0.20834 0.00207 0.24346 0.14722 0.05425 -0.25025 -0.01928 -0.22555 0.20674 0.08618 -0.12022 0.09218 -0.00297 0.11931 0.07675
-0.36713 0.03557 -0.13949 -0.18611 -0.15567 -0.23515 0.09937 -0.26179 -0.14422 -0.03330 0.30686 -0.11489 0.14397 0.25198 -0.13099 -0.02276 0.17205 0.12978 0.15105 0.03983 -0.12640 0.05691 0.14099 0.05312 0.02600 0.05762 0.10206 -0.22098 0.15219 0.14009 -0.05356 -0.12038 0.05871 0.25144 0.25665 0.16425 0.06568 0.04195 -0.30582 -0.12520
0.16201 -0.09431 0.24247 0.10649 -0.13073 0.03107 -0.19823 -0.06680 0.33803 0.29926 -0.01280 -0.02953 -0.35944 -0.27700 -0.15843 -0.04126 0.07059 0.04370 -0.19991 0.04209 -0.07808 0.11813 0.10930 -0.19109 -0.10756 0.23364 0.25045 0.12892 0.13101 0.02504 0.02472 0.12962 -0.08650 -0.02714 0.01803 0.22911 0.07820 0.18587 -0.06133 -0.08877
0.16700 -0.17605 -0.08854 0.14689 -0.03840 -0.02499 0.09717 -0.15019 -0.10153 0.11386 -0.10353 -0.03911 -0.02005 -0.09129 -0.09798 0.12442 -0.02453 -0.09697 -0.13603 0.10170 -0.18473 0.19120 -0.14205 0.12074 0.03103 0.04236 0.04987 -0.10173 -0.11087 -0.01113 0.02418 -0.06441 -0.20419 -0.09610 0.03655 -0.14900 0.01927 0.09295 -0.15444 0.16534
0.14027 -0.15545 0.00670 0.05465 0.09221 -0.11523 0.17633 0.01152 0.15294 0.13394 -0.15360 -0.10211 -0.00877 0.08044 -0.06254 0.07395 0.10068 -0.10994 -0.01693 0.13446 0.11714 0.05143 0.08193 0.12503 0.24101 0.14197 0.15616 -0.17260 -0.03456 -0.09312 0.20223 0.10616 -0.02592 0.10525 -0.12322 -0.00141 -0.03764 0.11695 -0.09479 0.00193
-0.02423 0.02298 -0.23308 -0.22387 0.00316 0.03238 0.04170 0.04804 -0.22512 -0.38283 0.34783 0.25114 0.06952 0.04534 0.01703 -0.25513 -0.08286 0.06609 -0.04878 -0.09433 -0.10105 -0.07754 0.18332 0.15230 0.08770 -0.14583 -0.13669 -0.00118 0.31956 -0.23870 -0.09671 -0.15387 -0.00144 0.00898 0.14055 -0.05275 0.12553 0.15325 -0.08788 0.09790
0.25662 -0.11779 -0.13329 0.17210 -0.18621 -0.05071 0.13502 0.15518 0.04949 0.31379 -0.11395 -0.08981 -0.25696 -0.01484 0.03486 0.02270 -0.11368 -0.03305 -0.06879 0.12729 -0.19074 -0.08296 -0.11969 -0.00991 0.11798 -0.05988 0.14051 -0.17835 -0.22644 -0.10062 0.12571 0.08898 -0.27064 0.00040 -0.16971 -0.07757 -0.22660 -0.07005 0.22519 -0.11150
-0.09496 0.30812 0.05950 0.06642 0.09533 -0.04744 -0.02399 0.10168 0.14911 -0.10898 -0.29636 0.12621 -0.15898 -0.28732 0.02330 0.13537 0.09052 -0.09302 -0.07075 0.00799 -0.06262 0.02270 0.01986 0.08248 0.07664 -0.06032 0.24679 0.12373 -0.02104 -0.02155 -0.15151 -0.03008 -0.11176 -0.05908 -0.03870 -0.21928 -0.04398 -0.03897 -0.14838 0.15312
-0.15853 0.18051 -0.02324 -0.13266 -0.09590 -0.11200 0.03818 0.11594 0.17801 0.15095 -0.03899 0.07650 -0.22017 -0.23639 -0.14385 0.18177 0.21999 0.18612 0.11379 -0.10150 0.03229 0.12014 0.03423 0.02568 0.20841 0.09270 0.08199 0.08917 -0.07034 0.01293 -0.06765 0.18370 0.16681 -0.02539 -0.06074 -0.10374 -0.34176 -0.11785 -0.00728 0.10892
0.12476 -0.09544 0.07472 0.15010 -0.08407 0.05475 -0.09232 0.01103 0.05809 0.03106 -0.01847 -0.09329 -0.19235 -0.11323 -0.10947 0.14395 0.03731 -0.09121 0.03809 -0.14591 -0.09607 -0.00317 -0.03551 -0.22741 0.10303 0.04134 0.02883 0.07791 -0.01074 0.00697 -0.03891 -0.18882 -0.17498 0.05748 0.00744 -0.09611 -0.08664 0.08804 -0.03703 0.29064
0.18532 0.15642 0.27858 -0.01844 -0.01458 0.02637 -0.23703 0.19743 -0.05393 0.06695 -0.13041 0.04415 -0.20296 -0.20031 0.05132 0.03051 -0.09798 -0.13735 0.13175 -0.02801 -0.04465 -0.15195 -0.02343 0.23351 -0.03916 -0.20065 0.01545 0.17608 -0.03001 -0.10505 0.00854 0.10540 0.08387 -0.24688 0.16095 0.00926 -0.23288 0.02780 0.07751 -0.08036
0.16194 0.12400 -0.14151 0.13501 -0.11403 0.00387 -0.25959 0.04640 0.17414 0.05182 -0.21866 0.01591 -0.00857 -0.07990 -0.01885 0.09636 -0.02846 -0.12817 0.06414 -0.17406 -0.11453 0.09902 0.06057 0.01310 -0.06565 0.06039 0.03204 0.11949 0.03265 -0.25190 0.00693 -0.01384 -0.01715 0.07860 -0.31062 -0.17690 0.01693 -0.20182 -0.08277 0.27276
-0.13399 -0.17713 -0.05830 -0.02973 -0.02512 -0.15525 -0.11336 0.05327 0.19117 0.04341 -0.29840 -0.11547 0.04187 0.00799 -0.04482 -0.11859 -0.10623 0.04283 -0.14328 -0.20702 0.03544 -0.07398 -0.15704 0.11267 0.04969 -0.16103 0.02900 0.22660 -0.35162 0.06157 -0.05579 -0.02585 -0.06272 -0.02150 0.21322 -0.26990 -0.21981 -0.13786 0.06385 0.05661
0.04576 0.08157 0.20527 -0.02630 -0.15374 0.18565 -0.35450 -0.00543 0.29132 0.21975 -0.02365 -0.03061 -0.18489 -0.04788 -0.10217 -0.05213 -0.28198 0.13374 0.01742 -0.27866 0.04174 0.18008 -0.21561 0.26300 -0.10440 0.10761 0.24715 0.31128 -0.16413 0.18701 -0.15800 0.08817 -0.24646 0.15738 -0.09496 -0.19594 0.00836 -0.02500 0.25222 0.15297
-0.03935 -0.04392 0.04467 0.10610 0.06143 -0.12618 0.00954 -0.08065 0.10090 0.18068 -0.19148 0.05532 -0.09229 -0.14578 -0.11798 0.04001 0.04890 0.09738 0.08806 0.02918 0.03308 0.15236 0.00263 0.18173 0.30490 0.07536 0.05579 -0.14648 -0.12905 -0.14301 0.21750 0.11530 -0.09578 -0.08599 -0.05238 -0.22313 -0.10466 0.04888 -0.09332 -0.14877
0.12781 0.01460 0.09660 -0.18866 -0.01533 -0.07908 -0.09962 0.09289 0.04345 0.28410 -0.25581 0.03818 -0.13910 -0.13109 -0.21500 -0.05254 0.03283 -0.02660 0.07821 -0.10275 0.19449 0.22605 0.09724 -0.11349 -0.12149 0.02956 0.19426 0.08853 -0.24015 0.01405 -0.04733 0.02827 0.23863 -0.04338 -0.01067 0.08045 -0.07266 -0.06447 -0.00970 0.06888
0.16000 0.17244 -0.02187 -0.01886 -0.15183 -0.14043 -0.06077 0.16182 -0.21318 0.29281 -0.05983 -0.13363 -0.15418 0.20008 -0.16000 0.17373 -0.09057 0.29479 0.28028 -0.03822 0.27855 -0.14751 -0.21651 0.23628 0.00268 -0.04982 0.26497 -0.01719 0.01238 -0.02270 -0.20614 -0.02106 0.04707 -0.11177 0.16590 0.15745 0.05994 0.17599 -0.03970 -0.23270
-0.09060 -0.12377 0.14726 0.13195 -0.01666 -0.03285 0.12645 -0.11073 -0.02993 0.18315 0.03079 -0.05614 -0.06963 -0.15218 -0.27679 0.04455 0.09804 -0.11292 -0.14722 0.09352 -0.00346 0.30566 0.17494 -0.06635 0.06971 -0.07775 0.15387 -0.12831 -0.34075 -0.07331 0.01642 0.08290 0.08713 0.22816 0.04638 0.01106 -0.02699 0.07169 -0.00910 0.10169
0.03622 -0.12054 -0.15682 -0.02528 0.08451 0.14909 0.01969 -0.14726 0.09290 0.04757 0.22032 0.04685 0.09152 0.11649 -0.16677 0.04773 -0.00985 0.12856 -0.12023 -0.30014 0.03173 0.16888 -0.19712 -0.21955 0.10887 0.08314 -0.13832 0.04267 0.18502 -0.06470 -0.00368 -0.03473 -0.04181 -0.01093 0.00349 -0.13232 0.08810 -0.00965 -0.18044 -0.03882
0.12405 0.06797 0.07097 -0.00550 -0.05359 -0.10432 -0.00587 0.00793 0.08282 0.12210 -0.02358 -0.01450 -0.10986 -0.18709 -0.01309 -0.13124 -0.13841 -0.04184 0.14021 -0.03702 0.09321 0.10098 0.11784 -0.11440 0.27310 -0.04082 0.10299 -0.03205 0.07391 -0.05556 0.05722 0.20275 -0.13062 -0.09376 -0.11360 0.13347 0.04862 0.06034 -0.11956 0.02380
0.33891 0.00757 -0.25116 -0.14885 -0.18943 -0.03333 -0.10684 -0.04999 -0.14543 0.24736 0.12878 0.04272 0.21554 0.02678 0.03721 0.00594 -0.25778 -0.04194 -0.08902 0.10370 0.08873 0.05984 -0.09549 -0.12777 0.05469 0.21436 0.03683 -0.17957 -0.34597 0.10127 -0.09323 -0.05093 -0.11177 -0.07605 -0.09706 -0.22318 -0.06377 -0.25567 0.22089 0.03254
0.16318 0.04877 -0.10224 0.02807 0.17596 -0.14733 0.31586 0.13216 0.25801 0.29573 -0.18355 -0.13619 0.08729 -0.01001 -0.09388 0.03204 -0.03044 0.23958 0.06304 0.03596 0.13310 0.17558 -0.01615 0.12300 0.19319 -0.05880 -0.05936 0.08990 -0.31532 0.12505 0.02454 -0.14424 0.16906 -0.00548 0.05252 0.03425 -0.09335 0.06958 -0.02417 -0.19363
-0.21829 -0.00046 0.24032 -0.29789 -0.08494 0.15508 0.11649 0.17890 0.03228 0.05413 -0.17970 -0.06254 -0.29606 -0.12864 -0.09181 -0.22208 -0.03277 -0.14466 0.09348 -0.10427 -0.20592 -0.18854 -0.34131 -0.11821 -0.25303 -0.02179 0.20380 -0.21174 -0.07870 -0.23650 -0.26151 -0.17036 0.08798 -0.19463 -0.31340 0.22238 0.16298 0.15476 0.28687 0.08064
0.12284 -0.13261 0.02063 0.29329 0.02053 0.03745 -0.19986 -0.01883 -0.17781 -0.09444 -0.11369 -0.14341 0.15983 -0.01829 0.30620 -0.04122 -0.06642 0.13664 -0.18305 0.17037 -0.16320 -0.05534 -0.05124 -0.06961 0.10092 0.10901 -0.01459 -0.19631 0.06545 0.14461 0.26594 -0.30076 0.07670 -0.19233 -0.16634 -0.10159 -0.10200 -0.26526 0.33944 -0.24131
0.27585 -0.11293 -0.04715 0.27210 -0.02100 -0.17002 0.10510 0.02145 0.15161 0.25600 -0.00101 0.06040 0.02435 -0.36402 0.04897 -0.02474 -0.10438 -0.19460 -0.12201 -0.16819 0.07294 0.11776 0.05860 -0.09319 -0.01499 -0.06658 0.00010 0.04399 -0.20628 0.13289 0.14821 -0.19765 0.05331 -0.26293 -0.02706 -0.19628 0.04234 -0.00812 -0.16695 -0.12766
0.25162 0.03485 -0.04201 0.04477 -0.17757 0.06708 0.27749 -0.32081 -0.32957 0.17160 0.21196 -0.08614 -0.40988 0.02249 -0.23319 -0.00289 0.28224 -0.09628 0.10773 0.09070 -0.02332 0.12194 -0.03007 -0.21256 -0.23128 0.26964 0.01212 0.00476 -0.09145 -0.22624 0.07738 0.01210 -0.23935 -0.14752 -0.24284 0.03149 -0.14921 -0.13641 -0.08308 0.28788
0.02640 -0.05977 0.03368 0.13303 0.26534 -0.19006 -0.05856 -0.00357 0.09736 -0.30572 0.06503 -0.10723 -0.07290 -0.06484 0.09115 0.01508 0.09756 0.20362 -0.06783 -0.02130 -0.13115 0.09584 0.12011 0.03684 0.06607 0.11010 -0.03167 -0.09582 0.12349 -0.02938 -0.14060 0.03957 0.11155 0.00007 0.01476 -0.09494 0.14981 0.14926 0.07238 0.08366
0.20769 -0.13549 0.04481 0.06089 -0.03264 0.01334 0.06663 -0.07246 0.10542 -0.07219 -0.17528 -0.30865 -0.26697 -0.18199 -0.14789 -0.07966 -0.14379 -0.03546 -0.12279 0.05000 0.16253 0.04967 -0.29364 -0.06287 0.11892 -0.13519 -0.09490 0.17258 -0.17879 -0.24506 -0.17881 -0.02726 -0.11469 0.12867 0.09527 -0.00944 -0.25880 -0.20154 -0.05750 -0.16979
0.07226 -0.12246 0.16761 -0.20065 0.30398 0.13089 0.21306 -0.13753 -0.18414 0.08077 -0.02216 0.01832 0.25205 0.06208 0.31439 -0.37219 0.03584 0.05256 -0.34754 -0.27383 0.29719 -0.14816 -0.39264 0.06441 -0.11947 -0.22765 0.23421 0.24964 -0.14707 0.13970 -0.01691 0.06183 -0.33035 -0.19406 0.18071 -0.36840 -0.31417 -0.00420 -0.13505 -0.04360
0.02112 0.04698 0.24289 0.15471 -0.04781 -0.03636 -0.05051 0.13398 0.07975 0.08684 -0.33762 -0.14506 -0.13483 -0.00548 0.11675 0.21969 -0.23307 -0.12178 0.13852 0.01496 0.06761 -0.08779 -0.12509 -0.07422 -0.01555 0.01947 0.14088 -0.01692 -0.05987 -0.21272 -0.06368 0.21269 -0.28264 0.09457 0.17613 0.11446 -0.24829 -0.10280 0.20816 -0.03027
-0.01870 0.01990 -0.14667 -0.19211 -0.17662 0.01198 0.20403 -0.09921 -0.06021 0.27354 -0.11560 0.00671 -0.10167 -0.09808 0.09911 -0.10522 0.09972 -0.20532 -0.19854 0.11258 -0.04472 -0.13561 0.07040 -0.24979 0.15012 0.17586 0.15203 0.12561 -0.14833 -0.03273 0.23934 0.06537 0.03790 0.16097 -0.00635 -0.06750 -0.26094 -0.07773 0.28101 0.09644
0.13671 -0.05988 0.09315 0.07616 0.13429 0.01484 0.02094 0.01883 0.10115 0.04648 -0.25012 -0.13692 -0.14155 -0.04861 -0.09513 -0.04859 0.02262 0.12512 0.04497 -0.03768 0.14270 0.08653 0.05970 -0.15206 0.08265 -0.09643 -0.14338 -0.03406 -0.19027 -0.08227 0.13267 -0.11349 -0.07809 0.04719 -0.03307 -0.22211 -0.16962 -0.10727 0.10704 0.14770
0.14364 -0.04414 -0.04128 -0.02911 0.10411 0.13373 -0.17044 0.07691 0.07417 -0.02712 -0.25267 0.02818 -0.10555 0.08781 -0.08657 0.10401 -0.10492 -0.04202 -0.03359 0.07385 0.01531 0.13641 -0.13641 0.04163 0.02437 0.16244 0.09455 0.04244 -0.19423 0.06117 0.12931 0.02198 0.12082 0.11548 0.03148 0.10137 -0.13176 -0.14299 -0.06369 -0.02806
0.09053 0.08489 -0.02699 0.08403 0.15173 0.20842 0.06938 -0.08976 -0.02134 -0.18386 0.33465 -0.20376 -0.06068 -0.00622 -0.14865 -0.01142 -0.02375 0.22513 -0.06608 0.07592 0.07684 0.04468 0.09432 -0.07528 -0.16972 0.21459 0.01492 0.00413 0.16078 -0.19227 -0.07271 0.15659 -0.02607 -0.06563 0.22051 -0.00778 0.10678 -0.05572 -0.22463 -0.09408
0.03819 -0.18390 0.19963 0.05833 -0.04006 -0.19823 -0.15117 0.22198 0.17753 0.01132 -0.20332 -0.07771 -0.00942 -0.18161 -0.11721 0.09407 0.10565 -0.29967 0.11337 -0.05908 0.07083 -0.07040 -0.14573 0.03410 -0.10384 0.02856 0.18497 0.23316 -0.02242 -0.24164 0.02982 0.26677 0.12205 -0.12643 0.10000 0.03061 -0.04498 0.02565 -0.00639 -0.00332
-0.05364 -0.15136 0.04747 0.22073 -0.07532 0.01930 -0.20662 -0.21312 0.09295 -0.05411 -0.19047 -0.10033 -0.19801 -0.32117 -0.13417 -0.31556 0.18347 0.20343 -0.23733 0.08562 0.10557 0.03129 -0.28879 0.00559 0.19123 -0.08577 0.09061 0.22464 -0.29769 -0.13000 0.06996 -0.20210 0.09554 -0.03058 -0.20046 0.00249 -0.04350 -0.18004 0.04236 -0.15618
-0.20879 -0.00128 0.17573 -0.14970 -0.00715 0.17986 0.11812 -0.14266 0.01027 -0.14551 -0.09573 -0.01476 -0.02864 0.00418 -0.23715 0.01071 -0.03097 0.00503 0.10856 -0.15302 0.00697 0.17390 0.05477 -0.05309 -0.00441 0.06446 -0.14483 0.13776 0.15515 0.08826 0.05542 -0.04012 0.13183 -0.10778 -0.00827 0.02764 0.01147 0.18944 -0.12894 0.12782
0.11264 0.02710 0.00964 -0.14635 -0.05405 -0.07395 0.18613 -0.17945 0.15047 0.29450 0.09943 -0.17645 -0.29478 -0.14457 -0.19714 0.22587 0.00641 0.14803 -0.01032 0.02733 0.14019 -0.05817 0.08740 -0.01671 0.06246 0.11803 -0.10191 0.11977 -0.23889 -0.07774 -0.02220 0.19975 0.10923 -0.11181 0.19892 -0.07252 -0.03315 0.04820 -0.09249 0.13592
0.14778 -0.18794 0.09013 0.08329 0.23245 -0.34441 0.16687 -0.16917 0.09244 0.00228 -0.35080 -0.14780 -0.03917 -0.22647 0.01108 -0.05625 -0.09121 -0.02813 -0.03620 0.04484 0.14759 0.05319 0.04103 0.05764 0.05938 0.20609 -0.02612 0.19186 -0.02206 0.08026 -0.02649 0.21200 -0.07015 -0.00120 -0.04746 -0.20554 0.10419 -0.03571 -0.13953 0.03051
0.31314 -0.12157 0.00247 0.23279 -0.28914 -0.17170 -0.31041 -0.00528 -0.08173 -0.14187 -0.29238 -0.31678 0.19843 0.00055 -0.04953 -0.20915 0.04449 -0.38802 -0.02646 0.19484 -0.17943 0.02887 0.16707 0.02252 0.29128 -0.33641 0.19118 0.38074 -0.20968 0.25720 0.20396 0.23298 0.22191 0.10426 0.02209 -0.22260 0.11861 -0.00474 0.24124 -0.13687
0.09440 0.09864 -0.04425 -0.00617 0.08287 0.00418 0.05734 0.09114 0.23539 -0.08292 -0.12466 0.15411 -0.17179 -0.21014 0.03715 0.03524 0.16215 0.13974 0.06144 0.18099 0.06448 -0.02640 0.01591 -0.15382 0.19579 0.21276 0.14898 0.13253 -0.32002 -0.10793 -0.13020 0.14516 -0.03051 0.13706 0.02691 0.09913 -0.16759 -0.14478 0.16351 0.13467
0.06986 0.06241 0.14816 0.08685 -0.14718 -0.09665 0.00960 -0.02962 0.05983 0.22817 -0.10646 0.15274 -0.04025 -0.28621 -0.05732 -0.12698 0.12165 -0.15215 -0.02653 0.15983 -0.17817 -0.10649 0.15417 -0.27081 0.00532 0.08899 0.15239 -0.08423 -0.08116 -0.02900 -0.11472 0.09029 -0.21874 0.10376 0.10098 -0.00220 -0.15042 -0.15383 -0.15545 -0.17840
0.20025 -0.10066 -0.01494 -0.16106 -0.07043 -0.01710 0.06597 0.02515 -0.29210 0.17739 0.16704 -0.00591 -0.09129 0.15422 -0.04204 0.14759 -0.28343 -0.03547 0.17497 -0.14668 -0.14574 -0.01665 0.05657 -0.00362 -0.05346 0.17059 0.03004 0.09385 -0.01410 -0.04885 0.12634 -0.04128 0.15813 -0.11996 -0.13045 0.01727 0.16487 0.08031 -0.10908 0.19781
-0.16773 -0.05563 0.05472 -0.03040 0.07127 0.07384 -0.04902 -0.03079 -0.16983 -0.07926 0.06341 0.06862 0.16754 0.21852 0.20596 0.03224 -0.00140 0.11670 0.03567 0.09648 -0.21172 0.09447 -0.11493 0.00887 -0.03734 -0.15824 0.13071 0.02647 0.09394 -0.02845 0.08266 -0.14824 -0.16360 0.01431 -0.07009 0.23635 0.03749 0.01097 -0.12131 -0.15596
0.28544 0.10652 -0.10561 0.01777 0.00084 -0.01243 -0.14889 -0.02248 -0.00812 0.09394 -0.13827 0.06768 -0.02299 -0.04410 -0.02277 0.09717 -0.03769 -0.10827 -0.19973 -0.07874 0.04848 -0.16380 0.25018 -0.20518 0.12404 0.28151 -0.01710 0.04014 -0.05273 0.00133 0.04828 0.20764 -0.21542 0.08440 0.16173 -0.28658 0.07886 -0.10904 0.16012 -0.14146
-0.09066 0.11825 -0.12379 -0.05277 -0.10181 0.18825 -0.15062 0.12845 -0.20244 -0.34226 0.14489 0.13233 -0.03982 0.19946 -0.00590 0.28946 -0.16635 -0.04466 -0.03727 0.00966 0.10397 -0.08925 -0.04774 0.07042 -0.21243 -0.11605 -0.06858 0.21322 0.04259 -0.09988 0.21471 0.20678 0.05129 -0.08544 -0.26221 0.09105 0.07306 -0.05164 0.28702 0.04695
0.06790 -0.22480 0.40009 -0.03258 0.29889 -0.06686 -0.04793 -0.08764 0.21911 -0.15576 -0.28542 -0.17251 -0.32722 -0.19668 -0.03819 -0.19629 -0.04878 -0.22268 0.16755 -0.11030 0.18461 0.10247 0.03104 0.13560 -0.00907 -0.00546 -0.16457 0.19345 0.10494 -0.15151 -0.19647 0.02498 0.33101 0.12344 -0.19900 -0.04150 0.13130 0.07480 -0.06030 0.07583
-0.09984 0.02442 -0.17358 0.13540 0.08196 -0.02974 0.13440 -0.04223 0.11263 0.35587 -0.16064 -0.08436 -0.02961 0.01438 -0.08794 0.07938 0.25565 0.10063 -0.02818 0.07922 0.12378 0.02093 0.07989 0.06935 -0.07954 0.05737 0.18303 -0.06261 -0.11959 -0.08350 0.09619 -0.14914 -0.15342 -0.14370 -0.06687 -0.19386 -0.10807 0.08605 0.14468 0.10259
-0.13202 0.14462 0.04337 0.05256 -0.03889 0.01882 -0.09811 0.18183 0.28986 0.14069 -0.06084 -0.12210 0.13796 -0.05022 -0.12170 0.06648 0.13401 -0.09581 0.07414 0.19012 0.04551 0.02947 0.17593 0.00211 0.23415 -0.00712 0.22005 0.03613 -0.12646 -0.11036 0.05432 0.24489 -0.10892 0.01919 0.13078 -0.00895 0.00845 -0.11875 0.23856 0.10790
0.15824 -0.13018 -0.00890 0.18265 -0.27264 0.05990 0.08020 -0.13397 0.15058 0.25662 -0.20194 -0.34441 0.23801 0.05342 -0.16268 -0.11166 0.04673 -0.05820 -0.11860 0.00041 0.12568 -0.08497 -0.19883 -0.02457 0.03008 -0.23802 -0.24461 -0.15694 -0.28428 -0.16321 0.20116 -0.06757 -0.17527 0.27774 -0.01691 -0.05558 0.14703 -0.20348 -0.27107 -0.21077
