-0.00582 0.26495 0.16543 -0.00788 0.00660 0.12691 0.13713 -0.24313 -0.35632 0.09958 0.39962 0.32789 -0.17303 0.20058 0.08510 0.02906 -0.16038 0.05212 0.06884 0.21610 0.22691 -0.19223 0.28743 -0.23877 0.04170 0.15232 0.04471 0.00804 0.38774 0.06257 -0.00472 -0.09414 0.37331 0.08198 -0.02315 0.18792 -0.23949 0.12347 -0.19374 -0.33932
0.38145 -0.06214 0.26456 -0.31685 0.19946 -0.16786 0.24783 0.05715 -0.34325 0.07174 0.22305 -0.07722 0.03944 0.33627 0.20443 0.11928 -0.25849 -0.40927 -0.13391 -0.30081 0.31912 -0.03301 0.38448 0.37576 -0.23492 0.14987 0.11654 0.35938 -0.14463 0.10744 -0.26752 0.05792 0.31718 0.05571 0.09254 0.43651 0.18205 -0.21213 -0.30487 -0.33457
-0.21575 -0.39172 -0.08904 0.08645 -0.23455 0.14168 0.39841 -0.15771 0.09084 -0.01358 0.34718 -0.32815 0.12933 0.02928 0.08390 0.35434 0.33745 -0.02880 0.19257 0.05426 -0.40116 0.31262 0.25070 -0.27783 0.17769 -0.36551 -0.15923 -0.19768 0.18013 -0.27382 0.11200 0.00933 -0.29483 -0.23999 -0.21062 -0.26208 -0.32143 -0.21743 0.15493 -0.22676
-0.34071 -0.27289 0.41654 0.35224 -0.25939 -0.19529 0.11357 -0.08115 0.02749 0.09571 0.21576 -0.36747 -0.18804 0.13735 -0.43971 -0.22358 -0.18448 0.28041 -0.34699 -0.22328 0.27990 0.08188 0.02651 -0.27278 0.40280 0.12963 -0.06963 0.06305 -0.12737 0.00681 0.08698 -0.21245 -0.07015 0.13246 -0.00171 0.01039 0.30895 0.27593 0.35106 0.31346
0.28064 0.06264 0.18451 -0.00274 0.41185 0.01278 -0.25731 -0.13380 0.28003 0.02188 0.00602 0.25778 -0.23646 -0.34934 0.08128 -0.11123 0.22271 -0.13072 0.09314 -0.06510 -0.01595 -0.14275 -0.39218 0.16802 0.00757 -0.12488 -0.00572 -0.08493 -0.06900 0.01587 -0.10881 0.22235 -0.11497 -0.01149 -0.11243 0.34922 0.06596 0.22641 -0.21512 0.15385
0.34590 -0.17551 0.00038 -0.15952 0.16732 -0.14103 0.31088 0.12104 -0.05555 -0.31380 0.32914 -0.04696 -0.08438 -0.16692 0.11118 -0.01232 0.16395 -0.24022 0.09609 0.30919 -0.24517 0.29141 0.38889 0.09778 -0.06903 -0.29197 -0.34888 0.21404 -0.25658 0.21849 0.27320 0.21302 0.07376 -0.29487 0.11155 -0.01346 0.08927 0.40810 0.34097 -0.42640
0.10977 0.29640 0.10267 -0.28018 0.01365 0.37713 0.09921 -0.38056 -0.08868 -0.09702 -0.14396 -0.19041 -0.36740 0.11470 -0.37287 -0.04919 0.38706 -0.13962 -0.46096 -0.04523 -0.09065 0.12224 -0.05569 0.29422 -0.08994 0.05575 0.29769 -0.12173 0.23054 0.42374 0.23707 -0.16397 -0.01994 -0.00045 0.12959 0.02776 -0.36297 0.18741 0.26557 -0.15425
0.33042 -0.00831 -0.19664 0.19512 0.08428 0.04788 0.14466 0.10049 0.33685 0.13431 -0.41756 0.12932 -0.33977 0.07986 -0.22339 -0.12772 -0.30191 0.25592 0.21361 -0.39942 0.17834 0.37183 0.33170 0.24157 0.36793 -0.11109 -0.31511 -0.32969 0.04950 0.17848 0.32569 0.13216 -0.08389 0.12042 -0.24185 0.33133 -0.15442 -0.28320 0.28248 0.18759
0.13876 0.26785 0.37430 -0.05104 0.08348 0.06652 0.24582 0.10443 0.29294 0.11417 0.04429 0.21939 -0.10785 0.24414 0.21902 -0.31460 -0.09182 0.31194 0.41050 0.18159 -0.03224 -0.07391 0.20954 -0.26790 0.05138 0.06084 -0.24277 -0.09923 -0.05940 0.17349 -0.36662 0.08776 -0.02287 -0.23712 -0.08421 -0.24764 -0.02962 0.01849 -0.19117 0.21779
0.08127 0.38281 -0.25856 0.08675 -0.29291 -0.15958 -0.27564 0.38675 0.39457 -0.12600 -0.06980 -0.01259 -0.01830 0.22363 -0.22722 0.03596 -0.04838 0.28763 -0.23061 0.31659 0.18177 -0.38589 0.06153 0.28147 -0.16903 0.18609 -0.11962 -0.15784 0.43069 -0.06667 -0.34365 0.01324 -0.06130 0.06538 -0.37271 -0.12457 0.10067 0.06081 -0.05353 0.08659
0.12877 -0.00002 -0.30803 0.21036 -0.06444 0.36613 -0.02676 0.08894 -0.21696 -0.32348 -0.01967 -0.34997 0.01888 0.38437 -0.08936 -0.10345 0.50958 0.40258 -0.31165 -0.35065 0.42694 -0.14874 0.34698 -0.02077 0.14472 -0.45136 0.16989 -0.28501 0.39842 -0.20435 -0.02848 0.07610 -0.20298 -0.16477 -0.46980 0.08713 -0.37510 -0.04705 0.41042 -0.36849
-0.02003 0.30125 -0.01175 -0.03545 -0.17579 0.04597 0.28036 0.37591 0.25909 -0.05317 -0.46687 -0.24941 -0.06605 0.13699 -0.09611 0.31437 -0.18363 -0.14185 -0.11438 -0.15520 -0.03656 -0.14629 -0.35560 -0.27704 0.04544 -0.19344 0.17311 -0.29014 -0.39465 0.25231 0.31929 0.24853 0.36419 0.06944 0.42992 -0.10994 0.43502 0.31544 0.30880 -0.16497
-0.14906 -0.38820 0.25201 0.42455 -0.25738 0.11149 -0.08604 -0.39709 -0.41487 0.38749 -0.34101 0.24840 0.04816 0.11684 -0.04242 0.34199 0.37110 -0.25740 0.03290 -0.31467 0.34233 -0.21466 -0.12885 -0.08411 -0.34477 0.15960 0.34428 0.01776 0.21610 0.25897 0.41011 0.33297 0.11109 -0.25817 -0.04644 0.24106 -0.38213 -0.07370 -0.00303 0.38741
-0.16624 -0.15715 -0.30369 -0.26118 0.28505 0.07172 0.18422 -0.30664 0.03611 -0.10401 -0.07339 -0.13253 0.24789 -0.05512 0.16325 0.13978 -0.02899 0.12484 0.12210 0.19537 0.13240 0.28891 -0.09202 -0.20819 -0.03764 -0.07965 0.12329 -0.20161 -0.15481 0.20111 0.02851 0.15589 0.36853 0.21301 0.03734 0.10192 0.29491 0.16983 0.13729 -0.00093
0.22334 -0.24041 0.16382 -0.06596 -0.03727 0.38555 0.16069 -0.12078 -0.08394 0.15072 0.31397 -0.05872 0.21243 0.15529 0.00010 0.12693 -0.25620 0.31841 -0.18060 -0.33504 -0.21460 0.09965 0.36354 -0.13669 -0.20008 -0.00645 -0.28473 -0.11714 0.28850 0.03610 -0.32487 0.08943 -0.22755 0.39699 0.38476 0.23391 -0.15665 -0.29148 -0.04479 -0.26321
0.12404 0.17470 0.19854 0.02659 -0.21492 0.07543 -0.24132 0.24960 0.32134 0.09930 0.36162 -0.12344 -0.40691 0.03982 -0.14572 -0.11287 -0.30571 -0.25909 -0.36756 0.19278 -0.19291 0.08756 -0.28237 -0.26260 0.11321 -0.10375 -0.14499 0.10061 0.12491 0.03532 -0.30929 0.12584 0.01454 -0.32958 0.05662 -0.11957 0.19568 0.19068 -0.14955 0.15978
-0.08042 0.19474 0.08443 0.16605 0.21693 -0.07009 -0.15880 -0.04580 0.01403 -0.23987 0.15314 -0.00107 0.18149 -0.34021 -0.29766 0.17535 0.01748 0.35746 -0.12467 -0.07190 -0.28281 -0.02914 0.09926 -0.10111 0.14809 -0.09388 0.01956 -0.29435 -0.06484 0.23239 0.03289 0.19694 0.08263 -0.15604 -0.14813 0.05614 -0.14225 -0.25689 -0.26644 -0.13618
-0.15497 0.03709 0.11310 -0.00375 -0.08912 0.45923 -0.12849 -0.20969 -0.21564 0.23049 -0.51314 0.37544 -0.23178 0.16328 0.15670 -0.41019 0.11758 -0.33432 -0.34489 0.03112 0.09568 0.07032 -0.03715 -0.36792 0.27124 -0.13267 -0.09925 0.15817 0.00837 -0.30975 -0.23052 -0.20208 -0.13190 -0.13241 -0.39903 0.04311 -0.40628 0.22032 -0.00656 0.35646
-0.14907 0.43807 0.12973 0.12257 0.20832 -0.36758 0.06594 -0.18910 -0.27485 -0.06674 -0.38533 -0.13327 -0.08749 -0.01170 -0.13567 -0.23952 -0.41938 -0.11390 0.29799 -0.17815 -0.23938 -0.05784 -0.14999 0.19585 0.12788 0.12855 0.07183 -0.19330 0.31195 0.03267 0.34864 -0.20946 0.16872 -0.23627 -0.26178 -0.07430 0.29095 0.43894 0.14586 0.24969
-0.05569 0.18739 0.20272 0.01897 -0.05185 -0.03794 0.31052 0.30850 -0.05854 -0.09277 0.04269 -0.07731 0.00662 -0.05508 0.22098 0.03580 -0.11234 -0.31620 -0.27031 0.31255 0.23890 0.26282 -0.20627 -0.05071 -0.25467 -0.15371 0.09521 -0.07551 0.03174 -0.31436 0.15302 0.04009 -0.11827 -0.36523 -0.01069 0.20699 0.15300 -0.08872 0.07832 -0.07975
-0.05352 -0.31854 0.25832 0.31991 0.16575 -0.17508 0.37732 -0.07206 0.15025 -0.12148 -0.21291 -0.12944 -0.34303 0.14491 -0.30275 -0.20749 0.09569 -0.28788 0.16685 -0.21049 0.33422 -0.25469 -0.20335 0.22896 -0.20508 -0.26550 -0.28415 -0.05565 -0.05744 0.42239 -0.08551 -0.19352 -0.14267 0.34099 0.02418 -0.19404 0.17003 -0.31603 0.16165 -0.23943
-0.09263 0.07422 -0.17389 -0.23461 -0.19181 0.23292 0.17436 0.10630 0.13175 -0.38143 -0.26350 -0.14237 0.33784 -0.09887 -0.12809 -0.03835 -0.04570 -0.26993 0.03355 -0.32785 0.05621 0.16742 0.29386 -0.11162 -0.14490 0.09482 -0.04167 -0.01190 0.15356 0.40669 0.08884 0.05741 0.11721 -0.14307 0.23966 0.13390 -0.08276 0.13675 -0.27503 0.11953
0.13643 -0.11120 0.17096 -0.41744 0.33760 0.27125 0.38145 0.24704 -0.00724 0.35315 0.14298 -0.10163 -0.16485 -0.43330 0.01853 0.45473 -0.16826 0.37089 -0.17366 0.18802 -0.17920 -0.03163 -0.36056 -0.41757 -0.14181 0.38629 0.32900 -0.17569 -0.28116 0.42104 -0.29663 0.40051 -0.34530 -0.33722 -0.02602 -0.27546 -0.39784 0.08445 -0.25737 -0.38387
-0.31603 -0.23899 -0.16759 -0.32683 -0.28642 -0.33578 0.46877 -0.06995 0.38000 0.17282 0.28194 -0.17505 0.25105 0.36745 -0.14812 0.08924 0.31506 -0.33164 -0.06018 0.13052 0.14652 0.32421 0.14291 -0.15309 -0.27197 0.03713 -0.46920 0.34710 -0.14286 -0.27153 -0.13749 -0.50664 -0.19874 -0.08157 -0.14036 0.00343 -0.25360 0.25118 -0.16812 -0.33966
-0.06112 0.01837 -0.13248 0.12788 0.11862 0.00217 0.08632 0.27142 -0.12559 -0.05132 -0.21303 -0.04678 -0.20984 -0.28434 -0.05080 0.00668 -0.09843 -0.39627 -0.18939 0.35039 0.01287 0.16682 0.19966 0.23940 0.14776 0.21294 0.11216 -0.25431 -0.37344 0.19561 -0.24193 0.06672 -0.09847 -0.20590 -0.15060 0.21927 0.30400 0.22022 0.02035 0.13766
-0.19214 -0.04651 -0.11286 -0.20828 0.45421 -0.36369 -0.00665 -0.21217 0.32836 0.18181 -0.26214 -0.20339 0.17802 0.21756 0.07546 0.16071 -0.21147 0.35651 0.27245 0.18654 0.15065 0.05756 0.07821 0.21585 0.33392 0.12252 -0.07311 -0.34284 -0.40507 -0.21023 0.31420 -0.04097 -0.19611 -0.22918 -0.04565 0.24613 -0.14385 0.35122 0.36878 -0.15592
0.28627 -0.27586 -0.05364 -0.12525 0.14597 -0.21855 0.27468 0.07990 -0.02092 -0.35024 0.04950 -0.38498 -0.09109 0.21072 -0.04655 0.27678 0.08469 -0.32394 0.05879 -0.10222 0.24338 0.16641 -0.04626 -0.02262 -0.25155 -0.23328 0.09552 0.16030 0.07928 -0.19007 0.40058 0.19155 0.21740 0.20725 -0.34990 -0.31549 0.42488 -0.33439 -0.34702 -0.13848
-0.32514 0.26989 0.21147 -0.39693 -0.01491 0.11051 -0.17167 0.37112 0.03768 0.18064 0.02354 0.29515 -0.11787 0.08024 0.25009 0.05615 0.36754 0.29964 0.34163 0.40493 0.24500 0.28773 -0.29570 0.28411 -0.17450 0.42118 0.07541 0.06175 0.40752 0.24102 -0.07432 -0.19311 -0.13579 0.21750 -0.12109 -0.31869 0.43048 -0.19574 0.16443 0.02138
0.26203 -0.14267 0.20283 -0.31212 0.24858 0.01657 -0.37649 -0.19598 -0.26458 0.00305 -0.17209 -0.20821 -0.10582 -0.06239 -0.02129 -0.23556 0.30571 -0.05768 0.03840 0.26520 -0.25355 0.23518 0.10594 -0.15801 -0.19053 0.14473 -0.04655 -0.04750 0.18014 -0.23267 0.36289 0.07245 0.12079 0.14280 0.30624 0.14854 -0.31280 0.25316 -0.15785 -0.31098
-0.33505 0.35335 -0.45277 0.23091 0.24367 -0.10926 0.11791 0.07725 -0.02659 -0.40962 -0.05354 -0.30758 -0.10889 0.30022 -0.09493 0.28951 -0.26538 0.32497 0.37588 0.30461 0.14614 0.15611 0.28257 0.32394 0.41763 0.10110 0.08848 0.05595 0.15580 -0.07823 0.07406 -0.14312 0.04649 0.21266 -0.09496 0.36722 0.36690 0.44562 0.25541 -0.12381
0.35225 0.24983 0.19219 -0.02211 -0.21077 -0.30119 0.23112 0.14541 -0.01416 -0.08903 -0.17050 0.23444 0.16604 0.08110 -0.27540 0.13354 0.22627 -0.17723 0.11610 0.13976 0.06490 0.20021 0.21006 -0.03435 -0.26561 -0.12701 -0.19478 0.19313 0.23453 -0.26533 0.00472 0.42945 0.27648 -0.10919 -0.37313 0.11006 -0.35680 0.35721 -0.14162 -0.25544
-0.30475 -0.30916 -0.13045 0.29452 -0.18028 -0.16692 -0.20936 0.32727 -0.25486 0.14680 0.07798 0.20066 0.19809 0.13429 0.09416 0.12253 0.17344 0.09931 -0.23641 0.23515 -0.25110 -0.01205 -0.16910 -0.11761 0.10653 0.04101 -0.29129 0.04319 0.00789 -0.02515 0.30402 0.12994 -0.11951 -0.37959 0.09531 -0.16052 0.22262 0.08793 0.26937 0.15349
0.08117 -0.18636 0.13982 -0.16369 0.09513 -0.22611 -0.09645 0.03423 -0.29114 -0.03405 -0.03328 0.37821 -0.23439 -0.21180 0.27887 0.15263 -0.19661 0.26971 0.08953 -0.24476 -0.15929 0.30371 -0.41240 0.17782 -0.22371 0.40063 0.10463 0.00064 0.16903 -0.16798 -0.00618 0.04963 0.07509 0.18828 0.10621 0.22393 0.23100 -0.22318 -0.16669 0.04609
-0.13778 0.14677 -0.19006 -0.38648 0.12839 0.22879 -0.30643 0.10212 0.13840 -0.39374 -0.32480 -0.03816 -0.15680 -0.40296 -0.08903 0.35148 0.04567 0.07078 0.19002 -0.21579 0.28537 0.03623 0.08611 -0.25904 -0.37271 -0.34445 0.33323 -0.02040 -0.24244 -0.18813 0.22929 0.32658 0.17571 0.34457 -0.13542 -0.22728 0.16423 0.04346 0.33445 0.23716
-0.33438 0.36727 0.33742 -0.38810 0.28903 -0.07134 -0.01651 -0.18500 -0.31063 0.15493 0.41331 0.01977 -0.30977 -0.25156 0.18060 -0.07153 -0.37878 -0.40683 0.16157 0.16926 -0.01517 -0.03840 -0.34200 0.27506 0.25923 0.15496 -0.00265 -0.25594 0.40366 0.09726 -0.23739 0.05157 0.05084 -0.07580 0.19343 0.32561 0.30166 -0.11118 0.01289 0.12549
0.02743 0.19215 -0.09729 0.10529 0.21101 0.15634 -0.05260 0.16013 -0.09391 0.26892 -0.07597 0.01826 0.13822 -0.20402 0.36148 0.07525 0.30950 0.00043 0.11410 0.03688 -0.10270 0.20643 -0.26093 -0.14507 -0.18493 -0.23127 0.35980 -0.05453 -0.15643 -0.16270 -0.05500 0.24500 0.27558 -0.11475 0.05305 0.38905 -0.01090 0.01049 0.14116 -0.06528
-0.02341 -0.19265 -0.03259 -0.10901 0.10371 -0.17316 -0.25970 0.30963 0.18650 -0.01827 -0.27602 0.03508 -0.21953 0.18675 0.13613 0.22185 0.11493 0.03410 0.12487 -0.15177 0.15337 -0.21902 0.22983 0.08342 0.22319 0.09759 -0.13910 0.24096 -0.10484 -0.32618 -0.00478 -0.06269 -0.12879 0.23156 -0.27620 0.13620 0.18311 0.30773 -0.19626 0.30305
0.02860 -0.28339 -0.12608 0.09879 0.04945 -0.27339 0.10978 0.15508 -0.18540 0.26012 0.36422 0.20315 0.40636 -0.16399 -0.15167 0.04689 0.40400 0.08610 -0.05963 -0.10114 -0.43359 -0.15683 -0.22509 0.06843 -0.05905 -0.10571 -0.32002 -0.09982 0.04174 -0.13479 0.20801 0.32264 0.19170 -0.26898 0.04939 -0.24441 0.28122 0.18771 0.18804 0.31595
-0.26325 0.07199 -0.04781 0.10388 -0.21632 0.22338 -0.30518 -0.22343 -0.13460 -0.07892 -0.16622 0.17223 -0.10487 0.19367 0.02161 0.25124 0.13393 -0.27732 -0.18212 0.11104 -0.30332 -0.17879 0.08647 -0.13681 -0.00155 0.26941 0.31557 0.14862 0.18567 -0.34053 -0.30000 0.01785 0.11623 -0.11463 0.03452 0.01880 0.33523 -0.19132 0.08194 -0.10385
0.01267 0.13654 0.35960 -0.26015 -0.02417 -0.06788 -0.26092 -0.25236 -0.26910 -0.16894 -0.06967 -0.05045 -0.31700 0.21296 -0.11317 0.14334 0.11015 -0.29901 0.00338 -0.33159 0.16206 0.11747 0.34286 -0.13038 0.18831 -0.23994 -0.28615 0.27848 -0.40121 0.03747 -0.07557 -0.37373 -0.08458 0.02314 -0.13103 -0.20805 -0.27696 0.20803 -0.15501 -0.11418
-0.03205 0.36082 -0.04471 -0.29771 0.18118 0.01083 0.27468 -0.14118 0.11924 0.15399 -0.05142 -0.38660 -0.08581 0.24996 0.05616 0.41027 -0.41889 -0.30397 0.28334 -0.34613 -0.00910 -0.25075 -0.33955 0.12312 0.17992 -0.06090 0.14345 0.26592 -0.25477 0.23612 0.46578 0.25601 0.31425 0.36764 0.47335 -0.28042 0.44794 -0.15018 0.21667 0.02567
0.38143 -0.31958 0.21613 -0.25821 0.07798 0.27732 0.13769 0.23761 0.04634 0.10000 -0.06476 0.36298 -0.39084 0.33886 -0.29831 0.34663 0.09618 -0.18073 0.05333 -0.02619 -0.39364 -0.20161 0.09978 0.05015 -0.16937 -0.11670 0.27019 -0.08242 0.21578 0.27461 -0.35014 -0.20259 0.26769 0.02360 -0.45252 0.33411 -0.35588 0.36099 0.22805 -0.13482
-0.16948 -0.38371 -0.26799 0.16617 0.00498 -0.32941 -0.01836 -0.17807 -0.06386 0.38559 -0.14317 -0.23440 -0.16743 -0.03754 -0.05225 -0.30176 0.45648 -0.22547 0.02681 0.28779 0.07294 -0.07670 0.37445 -0.14806 -0.02168 -0.08740 0.04934 -0.23590 0.11317 -0.28521 -0.26851 0.21752 -0.20702 0.24398 -0.31746 0.01442 0.21070 0.06144 -0.35129 0.16591
0.19098 -0.31572 0.11126 -0.19235 -0.26503 -0.15851 -0.12561 0.01884 0.43230 0.31707 0.37462 -0.39267 -0.09627 -0.01548 0.39729 0.17113 -0.30898 0.21556 0.24456 0.25194 0.02989 -0.33013 -0.05929 0.33403 -0.45147 0.37037 0.08330 -0.28316 0.33354 -0.27688 0.50021 0.21040 0.40550 -0.09812 -0.26412 0.47649 0.28299 0.16210 -0.43261 -0.42377
-0.03308 -0.33151 -0.33330 -0.18797 -0.21967 0.33940 -0.00241 -0.00719 -0.21122 0.24859 -0.29190 0.38097 -0.03690 0.22617 0.08950 -0.10092 -0.04860 0.00804 -0.08944 -0.41945 -0.32041 0.25788 0.38572 -0.10408 -0.32477 0.23020 -0.19983 0.16557 0.25463 0.32308 0.09794 -0.07013 -0.14943 0.28680 0.12680 -0.13427 0.09423 -0.12344 0.02300 -0.02959
-0.34472 0.32368 0.24546 0.30992 0.13049 -0.35974 0.27488 -0.06901 -0.24500 -0.09843 0.31011 -0.14901 -0.27508 -0.11626 -0.11501 0.36533 -0.09930 0.02840 0.17164 0.41510 0.20403 0.10992 -0.41534 0.19946 -0.00232 0.28536 0.16775 0.05877 0.07880 0.19649 0.20118 0.09869 0.32704 -0.23313 -0.31319 -0.35662 -0.31250 0.17089 -0.15796 0.23668
0.17915 0.08535 0.01392 -0.29152 -0.12816 0.07194 -0.21773 0.33203 -0.18391 -0.26425 -0.03146 0.19317 -0.25395 -0.20014 0.04930 0.30992 0.00248 0.21631 -0.04603 0.08040 -0.07456 -0.20017 0.16061 0.08084 -0.28046 0.14143 -0.07725 0.10841 -0.23964 -0.22358 0.23974 0.11437 0.02520 -0.06843 0.01603 0.04042 -0.05664 -0.03988 -0.01864 -0.12210
0.20703 0.09048 -0.34693 0.11945 0.18929 0.21566 -0.00131 -0.22493 -0.15111 -0.17516 -0.10226 0.07937 -0.14384 0.09837 0.24718 -0.21884 -0.05898 -0.21337 -0.36971 -0.31319 0.14999 -0.28497 -0.29805 -0.19059 0.11533 -0.06801 -0.03529 0.13337 -0.20806 0.26413 0.01837 -0.16864 0.03953 0.02290 -0.04877 0.45552 -0.07626 -0.14169 0.08404 -0.15685
0.18634 -0.04478 -0.26886 -0.31816 -0.11404 0.34122 -0.20100 -0.03731 0.12002 0.30432 0.13507 0.31611 -0.00829 0.14538 0.12901 0.10178 -0.06697 0.02150 -0.22326 -0.41220 0.37940 -0.20558 0.12076 0.34166 -0.24200 -0.10822 0.45997 0.16517 0.01465 -0.25708 -0.18327 0.27355 0.11028 -0.03221 -0.04520 -0.07601 -0.40655 0.05528 -0.33034 0.39572
-0.06859 0.10206 0.11214 -0.04748 0.20204 0.20462 0.21012 0.16402 -0.16887 -0.14587 -0.31085 -0.15270 -0.06521 -0.04263 0.03189 -0.13329 0.12763 -0.28616 -0.31775 0.03953 -0.14200 -0.13825 -0.20288 0.22971 0.20264 0.29093 -0.14007 0.28256 -0.19190 0.16216 -0.05272 -0.17358 0.23687 0.06344 0.30893 0.33741 -0.35080 0.12660 -0.25374 0.10750
-0.06035 0.03870 -0.09754 -0.14199 -0.07409 -0.02496 0.07823 0.28049 0.14602 0.36750 -0.17090 -0.18978 0.14998 0.04590 -0.33605 -0.15761 -0.02888 -0.17239 0.01492 0.23456 0.15067 0.30173 -0.17890 0.18751 0.02934 0.10205 0.11950 0.04061 -0.03922 -0.16149 -0.18964 -0.07171 0.08900 0.09009 -0.12123 -0.24677 -0.27460 0.16768 -0.24312 -0.05409
0.38928 0.20831 -0.19014 0.19357 -0.02378 -0.30207 -0.26962 -0.04379 0.28119 -0.29561 0.06993 -0.16029 0.21313 -0.19172 0.19002 0.15608 0.04122 -0.11351 -0.18955 -0.05369 0.06502 0.12519 -0.01416 -0.33069 0.14609 -0.29210 -0.18499 0.12254 0.20969 -0.15396 -0.17535 0.07442 0.10358 0.01034 -0.09873 -0.19765 -0.30721 0.31217 0.03391 -0.14235
-0.01185 0.35583 0.03191 -0.20358 -0.19132 -0.28540 0.11107 -0.30103 0.09888 0.03659 -0.04133 0.01078 -0.39308 0.02041 0.30094 0.27266 -0.27573 0.06065 -0.19257 0.09575 0.25590 0.33137 -0.02188 0.20853 0.06913 -0.22226 0.05449 0.07912 -0.15222 0.15018 -0.30718 0.18853 0.24477 -0.24547 0.07038 0.26645 0.11596 0.06616 0.10373 0.04457
-0.13255 -0.24760 0.17491 -0.13825 -0.35118 -0.01027 0.04506 -0.07456 0.29063 -0.20045 0.31110 -0.11017 -0.26080 0.27423 0.42973 0.14979 0.21323 -0.03304 -0.01492 -0.06811 -0.31452 -0.05020 -0.11061 0.13938 -0.11355 0.10779 0.19146 -0.10911 0.27814 0.01432 0.20281 0.14962 -0.22607 -0.06511 -0.20450 0.20551 0.14017 -0.21522 -0.27055 0.42902
-0.26732 -0.38908 -0.39928 -0.03215 -0.08164 -0.11435 0.29738 -0.23553 0.18796 0.31553 0.00067 0.06937 0.13188 0.36277 -0.17208 0.30502 0.07642 -0.25931 -0.31092 -0.27111 -0.38408 -0.25989 0.01552 -0.20502 -0.08452 0.46194 0.33644 0.02213 -0.21118 0.48360 -0.34181 -0.04921 -0.18205 -0.26493 0.19083 -0.34918 -0.28304 0.18901 -0.14324 0.12212
-0.05775 0.01909 -0.05943 -0.29393 0.15999 0.12211 -0.35614 0.03496 0.11647 0.21555 0.08485 -0.17332 0.10203 -0.30843 -0.15477 -0.32465 0.02262 -0.26071 -0.12431 0.42366 0.37852 0.01237 -0.07130 0.37814 0.03808 0.31701 -0.05100 0.26938 0.20151 -0.03501 0.16051 -0.17183 0.27474 0.36780 -0.18195 -0.25891 0.32883 0.19502 0.13081 0.27140
0.26963 0.01357 -0.27091 0.03423 0.04426 -0.19725 0.18191 0.12951 0.40510 0.04219 -0.14325 -0.02965 0.00916 -0.41420 0.03560 -0.43563 -0.17723 0.16594 -0.34942 0.34174 0.10648 -0.39563 0.19295 0.20990 0.19078 -0.02769 -0.31764 0.22265 0.10855 0.15948 -0.35380 -0.39116 0.21002 -0.11869 -0.07740 -0.28757 0.36818 0.12286 0.24624 -0.14896
0.29695 -0.18142 0.04645 0.11995 0.00276 0.16878 -0.13459 0.15034 -0.21152 0.22180 -0.01112 -0.17331 0.27398 -0.24725 -0.24695 -0.16033 -0.27195 0.16043 0.34605 0.22109 -0.23869 -0.32903 -0.27981 0.09703 -0.16272 0.17450 0.04056 -0.03063 -0.09060 -0.03619 -0.06576 0.12449 0.05826 0.16272 0.21119 0.17687 0.14858 0.34926 0.05993 0.24532
-0.26898 0.24043 0.25952 0.02711 0.05611 -0.37316 -0.34138 -0.26631 -0.00897 0.13314 0.22480 0.12592 -0.23580 -0.24323 0.18563 0.28750 0.32352 -0.04426 -0.36836 -0.39166 0.32649 0.31276 0.19619 0.25576 0.39487 -0.14353 -0.26121 0.03153 -0.42137 -0.29986 0.18083 -0.20257 0.14749 -0.28292 0.41148 0.19195 -0.08529 0.13761 -0.01762 0.06117
-0.15136 -0.02683 -0.23544 -0.28450 -0.12931 0.29834 -0.12477 0.42436 0.06570 -0.15921 -0.16475 0.05467 -0.20605 0.10096 0.07488 -0.11058 0.10483 0.07202 -0.18874 -0.00554 0.19882 0.22373 -0.33548 -0.39404 -0.05555 0.29657 -0.08856 -0.26563 0.12772 0.23837 0.20774 -0.14910 0.09429 -0.10858 -0.11972 -0.14803 0.32549 0.42875 -0.03214 0.13762
-0.02819 -0.19035 -0.02501 0.06030 0.22781 -0.12325 -0.14202 -0.27293 0.24251 -0.26298 -0.20550 0.01427 0.13498 0.23356 -0.33921 -0.10046 0.15613 0.08378 -0.02391 -0.07098 -0.22915 -0.06875 -0.39492 -0.02477 -0.24860 0.21571 0.14170 0.10560 0.18513 0.19547 0.17599 0.16135 0.30424 0.21609 0.02352 -0.27575 0.26309 -0.06421 0.06407 -0.30427
-0.23911 0.30973 -0.23598 0.28030 0.24437 0.31467 -0.44440 0.33465 -0.14201 -0.34830 0.13193 -0.28564 -0.36192 -0.21380 0.28506 -0.06626 0.39949 0.42402 0.11677 -0.21429 -0.06060 -0.01157 0.01889 0.05341 0.43027 -0.00755 -0.43365 0.21414 0.07105 -0.06481 0.19688 0.26075 0.00773 -0.35246 0.45048 -0.13843 -0.23672 -0.06830 -0.37383 -0.14485
0.33486 -0.14007 -0.23951 -0.34407 0.49843 -0.21698 -0.29003 0.02203 0.03113 -0.07145 -0.02282 0.31216 0.29122 0.22342 0.21739 -0.08758 -0.26287 -0.17137 0.32764 -0.02674 -0.34533 0.04025 0.42065 0.20729 0.15002 0.34636 0.39591 -0.01792 0.20360 0.26307 -0.04115 -0.28507 -0.04617 -0.25555 -0.24880 -0.13518 -0.10212 0.24535 0.32819 -0.01492
-0.28379 -0.29934 0.20188 -0.39830 -0.14622 0.22597 0.16892 -0.15559 -0.12569 0.28508 -0.25180 -0.34344 -0.34630 -0.00538 0.36099 0.05762 0.06604 -0.21635 0.15373 -0.18104 -0.01820 -0.07737 -0.18824 0.28045 0.14982 -0.18908 -0.06284 -0.21901 0.15161 -0.34615 -0.13940 -0.31460 -0.01205 0.39492 0.07422 0.19664 0.23724 0.21334 0.32321 0.26318
0.17877 -0.11864 -0.20737 -0.06481 0.16175 -0.01936 0.16491 0.30243 -0.14201 0.21606 -0.23688 0.32218 0.05341 0.20127 0.30110 0.08670 -0.00128 -0.15522 0.29189 0.22414 -0.13204 0.26275 0.00961 -0.25977 -0.23236 -0.30622 -0.20940 0.38137 0.02904 0.15594 0.09879 -0.20798 -0.33439 -0.20319 0.00548 -0.34439 -0.30642 -0.33338 0.19975 0.20787
-0.43981 -0.23809 0.02897 -0.14563 0.20097 -0.25532 0.09164 0.28268 -0.10949 0.03350 -0.24063 -0.36481 0.46115 -0.07205 -0.19775 -0.36779 0.38229 -0.06725 0.39927 -0.18011 -0.04213 -0.40898 0.08923 -0.26226 -0.27288 0.30805 -0.02822 -0.17354 -0.28523 -0.07417 0.06994 -0.16845 0.06276 -0.18573 -0.33160 0.29978 0.40578 0.19750 0.37538 -0.05926
0.03168 -0.07681 -0.07455 -0.03429 -0.09385 0.00792 0.23647 -0.19366 -0.17207 0.02014 0.21039 0.32482 0.36295 0.11150 -0.24521 -0.27567 0.02359 -0.16858 -0.38413 0.15556 0.36127 -0.18164 -0.18952 0.06530 0.00059 -0.24355 -0.13537 -0.31347 0.20072 -0.44547 -0.08400 -0.27017 -0.00479 -0.17070 -0.20125 0.18397 0.23732 0.02345 -0.13393 -0.27428
-0.26614 -0.20724 -0.18499 0.14098 0.35428 0.25371 0.31066 0.14002 -0.11447 -0.27966 -0.23284 0.36958 -0.23144 -0.25372 -0.18613 0.33572 -0.36366 -0.12448 0.18887 -0.32501 -0.27691 0.41500 0.05046 0.00082 0.03992 -0.02128 -0.11194 -0.25576 0.23987 -0.13382 -0.36329 -0.03313 -0.02952 0.14260 0.29860 0.37292 -0.25468 0.01349 -0.15981 0.30883
-0.32067 -0.21970 0.03527 -0.00589 -0.03350 -0.30857 0.06522 0.12362 0.21228 0.02243 0.03067 -0.07870 0.04211 0.13929 -0.21804 0.04251 -0.18516 -0.39807 0.17095 -0.12641 0.22498 -0.15563 -0.13071 -0.31197 -0.17963 0.24396 -0.15822 0.42063 -0.16636 -0.20004 -0.00005 -0.10176 0.36670 -0.45844 0.08203 0.32079 -0.30759 -0.34641 -0.08407 0.10798
0.29838 0.39167 -0.20402 -0.07243 0.23405 -0.26641 -0.16452 0.03881 -0.06082 -0.25744 0.16495 -0.10928 -0.36455 0.00106 -0.01653 0.11715 0.32496 0.19649 -0.25275 0.04882 0.01214 0.22227 -0.03309 -0.34870 0.43366 -0.01701 -0.03783 0.12735 -0.16435 0.00451 -0.45027 -0.21501 0.15427 -0.16314 0.34820 0.14929 -0.05717 0.09686 -0.19017 -0.29286
-0.33009 -0.15952 0.05411 0.33264 -0.09008 0.16689 -0.35234 -0.16328 0.29405 0.10551 0.06769 0.32944 -0.08625 -0.29305 0.37748 -0.21731 -0.23885 0.38660 -0.13052 0.00311 0.04767 0.42963 0.30965 -0.22600 0.03043 -0.22034 0.12591 0.07057 0.34001 0.13017 -0.28165 0.14254 -0.28374 0.00599 0.07493 -0.05425 -0.06193 -0.11210 0.05326 0.16447
0.25399 0.15795 0.27698 -0.16994 -0.10336 -0.23500 0.31807 0.18159 -0.10283 0.26737 -0.02205 0.35305 -0.24115 0.08219 -0.02731 0.03120 0.10931 0.16708 0.22320 -0.15748 -0.31175 0.05942 0.24015 -0.27059 0.27776 -0.23394 0.26935 0.34082 0.05793 -0.41377 -0.10136 -0.29231 0.26121 -0.07994 0.03391 -0.24658 -0.23014 -0.26603 -0.26808 -0.17038
-0.33679 0.14953 -0.03600 0.41186 -0.30723 -0.11894 0.25022 -0.11321 -0.20245 -0.04080 -0.34851 0.09159 -0.40012 0.18241 0.40600 -0.10009 0.42634 -0.29398 0.33334 0.02511 -0.01986 0.23436 -0.28448 0.29431 -0.31479 0.39475 0.25061 -0.25037 0.13572 -0.31368 0.01048 0.39717 -0.00588 -0.20680 0.28417 -0.26032 0.17689 -0.21040 0.17236 -0.23690
0.32023 -0.06302 -0.28331 -0.18998 0.05993 0.21726 0.17316 -0.30614 -0.32059 -0.41329 -0.42884 -0.21039 0.05124 0.15890 -0.21897 0.06978 -0.39114 -0.01722 0.12804 -0.15757 0.21763 -0.00825 -0.06298 0.08733 0.11243 -0.38239 -0.03392 -0.35699 -0.30453 0.00500 0.17144 0.25953 0.23011 -0.13264 -0.14244 0.07126 0.26664 -0.06583 -0.00968 0.03777
0.27549 -0.13801 0.19253 0.14945 -0.26967 -0.23045 0.26238 0.12872 -0.01622 0.16899 -0.20853 -0.17624 -0.03708 -0.13344 -0.47442 0.17933 -0.19602 0.10554 -0.08101 0.00674 0.29027 0.13588 -0.33632 0.28215 0.02000 0.05470 -0.24423 0.26046 -0.09883 0.00214 0.24826 0.36194 -0.13993 0.12422 -0.33869 -0.18043 0.22655 0.24696 0.13315 -0.30136
0.20670 -0.27940 -0.36987 0.35928 -0.40367 -0.41675 -0.21017 0.15300 -0.38896 0.02818 0.02479 0.08958 0.21949 0.08577 -0.36629 0.10539 0.18295 -0.06996 0.38906 -0.07731 0.24994 0.40194 0.32201 -0.12039 -0.32101 -0.22965 0.18551 0.15206 0.03200 0.29482 0.33087 -0.27181 0.20383 0.33167 0.26126 -0.30046 -0.29327 0.23434 -0.12596 -0.16623
0.23862 -0.36117 -0.16288 0.12529 -0.14241 -0.27289 -0.14952 0.23948 0.09962 0.09387 0.18589 -0.14891 0.08107 -0.18674 0.21872 -0.27505 -0.24147 -0.26068 0.10973 -0.32143 0.20024 -0.09080 0.41819 0.00581 0.04006 -0.05135 0.25147 0.24195 0.31009 0.02147 -0.25968 0.25322 -0.22977 0.18580 0.29946 -0.19131 -0.22420 0.21197 0.34600 -0.05360
-0.07744 0.18072 0.19908 0.03683 0.10674 -0.28030 0.21703 0.13640 -0.01739 0.35235 -0.06236 -0.01995 0.29634 0.01099 -0.04415 -0.16446 -0.08993 -0.14578 0.23961 0.01066 -0.04728 -0.30572 0.16466 -0.40360 0.19419 0.05497 -0.08234 0.00779 0.05240 -0.21520 0.14570 -0.10897 0.29527 -0.09020 0.30518 0.33405 0.13123 0.18998 0.12085 0.23163
0.32440 -0.14895 0.16688 0.22388 0.07030 -0.18801 -0.15634 -0.08698 -0.07137 -0.26181 0.21137 -0.14940 -0.38819 0.34242 0.29348 -0.02998 -0.03399 0.27390 -0.24736 0.09265 0.16542 -0.05529 0.14056 0.22920 0.32561 -0.18650 -0.00432 -0.02197 -0.18976 -0.02314 -0.13060 -0.15556 -0.20879 -0.25096 0.25836 -0.11392 -0.34665 -0.16818 0.33888 0.22481
-0.06513 0.34156 -0.34846 -0.18915 0.08097 -0.09557 -0.33316 0.10798 -0.12930 0.35821 -0.44411 -0.09634 0.35117 -0.17086 0.16497 -0.16149 0.05481 -0.14878 0.17776 -0.14439 0.04234 0.09394 0.09017 -0.11127 0.22627 -0.18959 0.01500 0.02172 -0.11367 0.22075 -0.10359 0.31728 -0.25586 0.03889 0.41774 -0.25902 -0.35017 0.26809 -0.34972 0.13137
0.18745 0.10505 0.16365 0.16850 -0.00895 -0.32841 0.22359 0.23657 0.06946 -0.43488 0.09917 0.17006 -0.29181 0.02709 -0.24374 -0.13370 -0.20883 -0.02739 -0.41502 0.08683 0.09260 0.43799 -0.34213 0.08999 0.03617 0.07818 0.30060 0.19855 -0.33999 0.00442 -0.28160 0.22598 0.08362 -0.04465 0.16071 0.03074 -0.45128 0.27422 -0.20542 0.24243
-0.06850 0.20786 -0.13953 0.15694 0.08102 0.13562 -0.13121 -0.18238 0.03534 -0.07041 -0.23542 -0.03856 -0.11165 0.26248 -0.06741 0.06860 0.03338 0.01134 -0.09640 0.06812 0.21026 -0.08091 -0.12940 -0.09352 0.06268 0.29612 0.14400 -0.27517 0.05075 0.10170 -0.18813 -0.26688 -0.15770 -0.12965 -0.01093 0.09376 -0.04543 0.24703 -0.07770 0.22110
-0.29578 0.11829 -0.22156 0.11374 0.11983 -0.02407 0.01106 -0.02474 0.19961 -0.11199 -0.09755 -0.20585 0.27599 0.08027 0.00120 0.03086 -0.18231 -0.22161 0.06433 0.16240 -0.07954 0.10616 -0.11621 -0.09034 -0.21741 0.19593 0.18361 -0.34925 0.25773 0.20847 -0.12310 0.33350 0.07381 -0.26940 0.03125 0.15765 0.06872 0.36628 -0.28324 -0.24070
-0.34444 -0.00511 -0.06288 -0.21247 0.12782 -0.04500 0.03169 -0.06197 0.08343 0.24222 -0.22629 0.30522 0.22295 0.31204 -0.22231 0.20667 0.26887 -0.17833 0.15278 -0.17761 0.16031 0.17254 -0.20297 0.23026 -0.20673 0.27374 0.00141 -0.21008 -0.13766 -0.23804 -0.09062 -0.05640 0.22742 0.00376 0.13968 0.30923 0.15626 0.06257 0.20663 -0.19263
0.14767 0.07661 -0.04535 -0.11811 -0.00457 0.01777 0.08390 0.31458 -0.00225 -0.01603 0.19807 -0.20576 0.17410 0.23428 0.43393 -0.38183 -0.12938 -0.14781 0.39168 -0.02438 -0.20327 -0.12032 0.35797 0.31182 0.19410 0.31498 -0.28826 0.39119 -0.03177 0.30931 -0.25810 0.04521 -0.32692 -0.05455 0.13259 0.30308 0.11390 -0.18136 -0.10441 -0.11916
-0.09028 -0.27908 -0.14711 -0.11657 0.32812 -0.30920 0.32499 -0.11040 -0.30531 -0.24384 0.00877 0.25844 -0.33924 0.22488 -0.09641 0.24735 -0.09473 -0.04567 -0.27860 -0.21970 -0.28527 -0.19272 0.16876 0.22905 0.39322 0.03032 -0.12700 0.34567 0.30198 -0.14874 -0.31821 0.28451 -0.05018 0.26395 -0.32556 -0.12810 0.23993 0.31091 -0.08332 -0.10539
-0.34648 -0.10780 0.27791 0.25934 0.00317 -0.01603 0.20144 0.24988 0.32083 -0.20980 -0.22538 0.34794 -0.12126 -0.35002 -0.14853 0.24683 -0.28876 -0.08895 0.11982 0.21061 -0.02817 0.17980 0.22093 -0.27674 0.01949 -0.07594 -0.00973 -0.13069 -0.14287 -0.25075 0.16846 0.08921 0.09701 0.02550 0.28849 0.07944 0.34203 -0.06159 0.03987 0.22700
0.14335 -0.16535 -0.11933 0.20957 0.20521 -0.03674 -0.29422 0.24073 0.24183 0.02084 0.26300 0.05725 -0.18773 -0.13832 0.41570 0.04444 0.21614 -0.25120 0.24306 -0.12231 -0.12536 -0.16281 0.26048 0.20520 0.24426 0.22117 -0.25912 0.13781 -0.18911 -0.04820 -0.00154 -0.00685 -0.16051 0.15032 -0.00317 0.07456 -0.35566 0.03334 0.02766 -0.17499
0.11938 -0.23017 -0.42067 0.34573 0.14028 0.11316 0.15316 -0.12541 0.17555 0.01470 0.15401 -0.17408 0.40543 0.04855 -0.00488 0.39846 -0.06912 -0.32665 0.20182 0.32528 0.05110 0.09987 0.14879 -0.21562 0.15653 -0.17566 0.42388 -0.09947 -0.07509 -0.17987 -0.18460 -0.05942 0.11554 0.45093 -0.04719 -0.15942 0.28989 0.35316 0.12893 -0.10940
-0.14461 -0.20696 0.30953 -0.07034 0.10106 -0.02590 0.12663 0.41217 0.21460 -0.11966 0.03638 0.18264 -0.22049 -0.39849 0.18374 0.09523 0.14435 -0.18501 0.22545 -0.19329 0.18202 0.34567 0.37043 -0.05383 -0.17337 -0.23836 -0.18474 -0.21324 -0.11562 0.07650 -0.22453 0.10298 -0.07495 0.04509 0.11034 0.13827 -0.24564 0.21637 -0.07147 0.31043
-0.45952 0.08069 -0.25780 0.20371 0.26503 -0.24179 0.18432 0.14191 0.26298 -0.25363 0.20735 0.28017 0.17834 -0.18594 -0.15024 -0.25024 -0.11995 -0.13910 -0.17368 -0.20551 -0.36479 0.13064 -0.27325 0.17875 -0.24810 -0.00664 0.00958 -0.17636 0.06389 -0.06947 -0.19292 -0.14093 0.29859 -0.23708 0.12789 0.04471 -0.35163 0.29632 -0.23960 0.25673
0.15863 0.07173 -0.10067 -0.19616 0.16328 -0.29266 0.09934 -0.14186 -0.23538 0.08255 -0.00576 -0.27089 -0.15656 0.19169 -0.34779 -0.33604 0.08781 0.34325 0.34242 0.02197 0.22390 0.19346 0.22042 -0.00327 0.29443 -0.12236 -0.36774 -0.03938 0.02499 -0.22397 0.33675 -0.06549 -0.23418 0.17886 0.15620 -0.02838 -0.35859 -0.10237 -0.28446 0.03386
-0.26015 -0.37999 -0.12449 0.25483 -0.36855 0.10846 0.13276 0.46518 0.02759 -0.26079 0.09835 -0.11844 0.23012 0.09940 -0.15328 0.04713 -0.09083 0.36675 -0.03124 -0.21456 0.15413 0.01621 -0.22006 0.01544 -0.32756 0.08896 -0.19536 -0.42770 -0.36534 -0.20303 0.22116 -0.24861 0.38230 0.31979 -0.20745 -0.13397 0.20268 -0.04215 0.13043 -0.11353
0.02595 0.29743 -0.31567 0.23915 -0.28183 0.06434 -0.21254 -0.24929 -0.08301 0.06669 0.08117 -0.14655 0.00549 -0.28692 -0.06675 -0.04689 -0.11343 -0.04315 -0.10753 0.33987 0.03450 -0.20860 -0.29475 0.15727 0.33012 -0.07848 0.03178 -0.22234 0.18550 0.31902 -0.25735 0.26229 0.15362 -0.13086 0.24623 0.24983 0.18176 -0.14448 -0.07666 0.27955
-0.00376 -0.00240 -0.04548 0.07703 -0.15404 -0.10546 -0.20733 -0.11675 0.34429 -0.20238 0.19887 -0.03292 0.09649 0.35002 0.04566 0.09458 -0.24703 -0.23457 0.14370 -0.05856 -0.16399 -0.06298 -0.14797 0.20297 0.00074 -0.13033 0.00891 -0.08079 0.27257 0.16026 -0.18219 -0.02131 -0.29209 -0.09970 0.24631 0.26070 0.15655 -0.00435 0.00616 -0.24271
0.04923 -0.31824 -0.22984 -0.00929 -0.01302 0.19524 0.04021 -0.31983 -0.33398 0.19862 -0.10993 -0.20932 0.06799 -0.08115 0.25376 0.07422 0.29127 -0.10024 0.25188 0.04018 0.07773 0.21127 0.25385 0.10874 0.12676 0.31073 -0.07173 -0.31184 -0.24182 -0.39207 0.16469 0.01283 0.10713 0.06528 -0.02133 0.01909 -0.04487 -0.10989 0.11900 -0.19112
-0.22260 0.26233 -0.27462 -0.29785 0.01996 -0.29775 -0.08113 0.09388 0.02211 -0.06047 -0.48727 0.31281 -0.05032 0.16384 0.29713 -0.16554 0.01197 -0.28063 -0.04953 0.21926 -0.03627 -0.10348 0.44643 -0.01125 0.21584 -0.35951 -0.07810 -0.03127 -0.17098 -0.10783 -0.08865 -0.24506 -0.04974 -0.04383 -0.09091 0.15876 -0.05577 0.31556 0.16359 0.22531
-0.02296 0.28668 0.30077 0.02452 -0.27683 -0.39423 0.19211 0.42973 0.22318 0.28598 0.06197 0.05485 -0.19853 -0.11222 -0.12880 -0.14543 0.34341 -0.21795 -0.21581 0.27160 0.29489 -0.31617 -0.02336 -0.25147 -0.18327 0.11771 -0.39082 -0.01787 -0.02551 -0.37200 -0.40540 -0.01532 0.24575 -0.14468 0.12941 -0.03602 -0.12726 0.04216 -0.03062 0.03913
-0.09333 -0.08669 0.07736 -0.26613 -0.24249 -0.08063 -0.11777 -0.14158 0.20555 -0.00800 -0.20449 -0.08436 0.32595 0.15657 0.13301 0.07648 -0.03046 -0.21426 -0.23621 -0.23189 -0.26953 -0.08803 -0.32216 0.04667 -0.12652 -0.25737 0.08178 0.26162 -0.23796 0.23580 0.32864 -0.02416 0.18543 0.04433 -0.25067 -0.12543 -0.12810 0.03221 -0.01045 0.22490
-0.17026 -0.06001 -0.17148 0.16875 -0.13172 0.25483 -0.13197 -0.24930 0.07266 0.42088 -0.41229 0.17009 -0.17389 0.29588 -0.22264 -0.05186 -0.16790 -0.00696 0.06785 0.15407 0.22391 -0.11489 0.18224 0.25203 0.21031 -0.14320 -0.05737 -0.28831 -0.29628 0.35281 0.06255 0.32772 0.26685 0.31311 0.32637 -0.35151 0.29685 0.35901 0.20727 -0.05389
-0.06474 0.01205 -0.25221 0.07007 -0.20041 0.08867 0.27057 -0.40170 0.09917 -0.01524 0.02036 0.21133 -0.19782 -0.21332 0.20824 -0.20074 -0.33448 0.29812 -0.00227 0.15493 0.15334 0.28875 0.46912 -0.16315 -0.31420 -0.18182 -0.06090 -0.06132 0.21501 -0.12481 0.35490 0.02071 -0.39607 0.34674 -0.22036 0.41197 -0.07796 -0.16450 0.05660 0.09605
0.12353 0.04137 -0.40674 -0.21914 -0.19786 0.08268 -0.19426 0.05820 0.01029 0.36528 0.23998 -0.07993 -0.03394 0.04608 -0.19204 0.13321 -0.31244 0.16354 -0.04276 0.31757 -0.28322 -0.27238 -0.03293 0.02729 0.17650 0.30279 -0.30485 0.20644 -0.01075 0.28458 0.02670 -0.15282 -0.28263 -0.08145 -0.22611 0.27973 -0.32005 0.13938 0.36682 0.14128
0.36927 -0.02851 0.30913 -0.28852 -0.29730 -0.23086 -0.14027 0.05094 0.37103 0.39302 -0.25082 0.02084 0.22204 -0.09088 -0.24023 -0.15278 0.27632 0.16537 0.19015 -0.14507 0.02869 -0.28160 0.09080 -0.06796 -0.29320 0.05577 0.31406 0.09528 -0.06916 0.15662 0.24433 -0.26504 -0.05020 -0.16330 0.16756 -0.17666 -0.13245 -0.01001 -0.00664 0.34828
0.18614 -0.34680 -0.32406 -0.28747 -0.23753 -0.11593 0.06908 0.03853 0.03603 0.26729 -0.24552 -0.29737 0.12175 0.27058 -0.32039 -0.01586 0.25318 -0.33805 -0.35100 -0.22194 -0.38588 0.04782 0.18875 0.02663 -0.11638 -0.22638 0.14931 -0.01118 0.23794 0.01021 0.08815 -0.20705 0.11479 -0.03086 -0.01034 0.07827 -0.36720 0.24062 -0.27182 0.28083
-0.38826 0.00872 -0.28534 0.15604 -0.32768 -0.28623 -0.28555 0.31500 0.40708 0.21784 -0.19822 -0.41584 0.31234 -0.17925 0.16366 -0.30772 0.13366 0.09628 -0.01171 -0.27048 -0.22328 -0.01437 -0.01077 -0.25341 0.34963 0.10747 -0.34958 -0.12515 0.05353 0.37406 -0.34173 0.14831 0.37842 0.00051 0.08700 -0.23252 -0.09199 0.14245 -0.02487 -0.37856
-0.04151 -0.02279 -0.07617 0.11011 0.22039 0.18735 0.07259 0.05051 0.34714 0.01066 0.22335 0.27353 -0.12448 -0.20558 0.08536 0.10301 0.12564 -0.11070 -0.11078 -0.04179 0.25772 -0.16597 -0.29647 -0.12464 -0.12583 0.11772 0.25625 -0.10604 0.24815 0.09630 0.01691 -0.17681 -0.25407 -0.19979 -0.15236 0.11138 0.16509 -0.08794 0.17661 -0.12306
-0.22038 0.07515 0.29597 0.00196 -0.01373 -0.09556 -0.41903 0.25067 0.15903 0.32672 -0.26351 0.26193 -0.26701 -0.28990 0.25279 -0.20181 -0.35114 -0.36162 0.01148 -0.37303 -0.32852 -0.11107 -0.20208 -0.02073 -0.33253 0.35525 -0.01916 0.04723 0.10872 0.24369 -0.01235 0.02028 0.29066 0.25762 -0.36222 -0.43030 -0.25190 0.36529 -0.22251 -0.28082
-0.30447 -0.26673 -0.14274 0.13878 0.35018 0.21844 -0.15190 -0.15189 -0.10158 -0.03587 -0.27972 -0.23700 -0.25309 0.11918 -0.37913 0.11575 0.08217 -0.27729 0.28092 -0.23952 0.36090 -0.03464 0.02860 -0.19561 0.41920 0.33188 -0.08467 0.03020 0.22995 -0.24718 0.25453 -0.20816 -0.20636 0.21690 0.22613 0.31088 0.39750 0.13116 -0.21434 -0.10943
-0.22381 0.11817 0.01984 0.25947 0.28863 -0.02320 -0.04506 -0.11599 0.14586 0.15438 0.12350 0.20734 -0.25720 -0.15620 0.26812 -0.25626 -0.23008 -0.26336 -0.05386 0.27804 -0.26834 0.15372 -0.09439 0.20094 0.21935 0.12749 -0.31360 0.10530 -0.08151 0.14002 -0.15202 -0.13917 0.29058 -0.39789 0.33078 -0.19433 0.04936 0.41084 0.21353 -0.09139
0.12118 -0.32408 0.09830 -0.17680 0.09652 -0.19068 0.11008 -0.11398 -0.24476 0.36308 0.21579 0.28000 0.30770 0.22884 0.15572 -0.22808 -0.33941 -0.22663 -0.35581 0.15229 0.21197 0.17813 -0.01809 0.37671 0.23426 -0.23695 -0.13615 0.05995 0.21748 0.03757 0.19414 0.34170 -0.28909 0.19516 -0.09044 0.17006 0.14291 -0.14155 -0.27559 -0.19071
0.06337 0.25159 -0.30442 0.09574 -0.07626 -0.32691 0.02778 0.00553 0.18970 0.35535 0.20434 0.43333 0.35076 0.09020 -0.11433 0.37528 -0.13137 -0.00690 0.27301 0.03366 -0.37969 -0.07383 -0.24346 0.41613 -0.14948 0.24338 0.12508 0.16225 0.34647 0.24565 0.22338 -0.09490 0.21819 -0.43194 0.12210 -0.02730 0.09045 -0.23920 0.01905 -0.21496
0.18673 0.18689 0.12653 0.08471 -0.05717 -0.09479 -0.03189 0.21479 -0.13265 0.18452 0.21803 -0.06545 -0.02190 0.25084 -0.01700 0.17510 -0.16063 -0.10327 0.13754 -0.09430 0.27805 0.08634 -0.09779 -0.26862 -0.10559 0.15948 -0.27032 -0.04090 -0.00990 -0.20255 -0.12687 0.12828 -0.22468 0.01522 0.27591 -0.02557 -0.18444 0.12670 0.09182 0.21095
0.01118 -0.06993 0.18681 0.32046 0.33037 -0.36352 0.22134 -0.05814 -0.10494 0.20788 -0.27932 -0.22869 0.31844 -0.29772 0.06170 0.17117 -0.14658 -0.27425 0.34589 0.06984 0.11200 0.34072 -0.35617 0.13268 0.22184 0.18624 -0.05527 0.11024 0.25870 0.17390 -0.16247 0.31383 -0.33491 0.07531 0.11847 -0.16524 -0.37020 -0.23598 -0.07175 0.26883
0.26904 -0.17170 0.08900 -0.29614 -0.06545 0.02651 0.14872 -0.07864 -0.13250 0.06983 -0.03977 0.15986 -0.10900 -0.23606 -0.18607 -0.16053 -0.04062 0.00347 0.02403 0.00557 -0.20852 0.06039 0.30162 0.21510 0.14346 0.18346 0.01178 -0.05443 -0.09248 -0.18257 0.03282 0.00118 0.22008 0.01697 -0.27242 -0.00432 0.05932 -0.11489 -0.04261 0.00357
-0.08355 0.08189 0.19635 0.19594 -0.28375 0.01779 -0.01034 0.01442 0.46920 -0.16002 0.31225 0.02310 -0.05652 0.22740 -0.26832 0.04465 0.29801 0.07053 0.22868 0.09218 0.20153 -0.05683 0.18026 0.01653 0.18356 0.38723 0.08408 0.19872 0.22578 -0.07716 -0.15388 0.03237 -0.27776 -0.23383 0.06203 0.05516 0.15309 0.06840 0.09344 -0.07719
0.31296 -0.21622 -0.40901 -0.18528 0.12909 0.36320 -0.33218 0.22928 0.20061 0.08376 -0.13450 -0.08396 0.24401 0.02431 0.35816 -0.06326 -0.28141 0.31243 -0.04722 0.30434 0.18879 0.18340 -0.43336 -0.02842 0.40577 -0.10511 -0.09782 -0.31644 0.11472 0.11748 0.32248 0.07167 -0.15684 -0.04050 -0.20786 0.31172 -0.18230 0.25461 0.23640 0.24791
-0.17484 -0.07817 -0.02573 0.10620 -0.26054 -0.10311 0.01837 -0.00090 0.27049 0.13793 -0.09140 -0.13680 -0.09300 0.29766 -0.09901 -0.01227 0.22689 -0.25596 0.13673 -0.25788 0.22988 -0.27871 -0.10346 -0.12273 -0.05316 0.23588 0.26610 0.05970 0.30217 0.11544 0.02967 0.16213 -0.31897 0.07076 0.14621 -0.07587 0.10230 -0.01732 0.26155 0.07593
-0.01224 0.02382 -0.24523 0.13579 0.14136 -0.04067 -0.18803 -0.16197 -0.02251 0.13534 -0.20718 -0.15341 0.26358 0.27725 0.02104 0.05708 -0.11594 0.15446 -0.09360 0.08033 -0.04180 -0.05909 -0.26183 -0.19924 0.02142 -0.14732 0.01132 0.01195 0.11227 0.12805 -0.08090 0.02020 0.12014 -0.10852 0.17241 -0.07180 0.12388 0.28820 -0.24082 0.12578
-0.26338 0.37090 -0.16774 -0.19677 -0.21950 -0.07607 -0.30821 -0.22438 0.00738 0.10016 -0.38369 0.27458 0.06675 -0.01712 0.01086 -0.10142 -0.11396 0.27632 0.12578 0.08648 -0.10180 0.04936 0.11664 -0.17453 0.06099 -0.23726 -0.20648 -0.14947 0.02633 -0.01491 -0.26556 0.28751 -0.15141 -0.23800 -0.16334 0.09361 -0.27862 -0.25320 0.02921 0.09954
-0.14039 0.37960 -0.22285 0.04844 -0.31117 -0.33353 -0.08063 0.11153 0.09911 -0.31775 -0.29536 -0.21518 0.23873 0.03224 0.34091 0.03675 0.06277 0.39024 0.14140 -0.31207 0.05273 0.11840 0.02346 0.06394 -0.24665 0.01824 0.18871 0.22188 0.25610 -0.37847 -0.13320 -0.18801 0.11088 -0.04024 0.27594 -0.13679 -0.17831 0.09195 0.31234 -0.22628
-0.18326 0.25369 -0.39364 0.00664 -0.18811 0.03718 0.18392 -0.31632 -0.15303 0.14326 -0.09066 0.20672 -0.28620 -0.04561 0.03499 0.03652 -0.09863 0.26942 0.08684 0.13135 -0.23595 -0.31696 0.32331 0.22476 -0.01983 0.10090 -0.16225 0.08977 -0.21801 -0.22904 0.25131 -0.23081 -0.02776 0.15292 0.21397 -0.09415 0.23922 -0.15608 -0.08718 -0.28242
-0.34851 0.21696 0.10040 -0.24424 -0.13053 -0.19139 -0.19614 0.10777 -0.13616 0.00573 0.11929 0.10602 -0.01236 0.15849 0.22527 -0.12871 -0.02346 0.09859 -0.01037 -0.24865 -0.41225 -0.34156 0.07701 -0.27565 0.03105 -0.13687 0.15151 -0.14620 0.09589 -0.25094 0.25297 -0.21300 0.24160 -0.19601 -0.37934 -0.18183 0.27727 -0.07027 0.11698 -0.12310
0.14215 -0.09901 0.29895 0.30724 0.24607 0.09798 0.37276 -0.15487 -0.02987 0.22107 -0.15643 -0.16595 0.06374 0.16871 0.26840 -0.04226 0.12304 0.32200 -0.12871 -0.12922 -0.26409 0.13495 0.26107 -0.21149 -0.18127 -0.22404 -0.23160 0.16288 -0.23614 -0.25104 0.19287 0.16954 0.20711 0.35667 0.33075 -0.27311 -0.39106 -0.13198 0.11588 -0.26913
-0.37778 -0.27100 0.42323 0.01162 0.27251 0.10745 0.06656 -0.16760 -0.08691 0.03343 0.18163 -0.26221 0.02676 -0.31470 -0.09875 0.01094 -0.19957 0.21534 0.07247 0.20809 0.12553 -0.02775 -0.02796 0.12979 -0.05943 -0.09865 -0.23736 0.10514 0.15939 -0.37281 -0.29236 -0.04115 0.27841 -0.18548 0.20360 0.18315 0.10206 -0.07238 0.08069 -0.16492
-0.37872 0.24958 0.35740 -0.26858 -0.28616 -0.27689 0.09193 0.03693 0.07807 0.32354 -0.00513 0.11374 -0.08932 -0.13792 0.10730 -0.30354 0.23443 0.24039 0.08281 0.22662 0.37268 0.02780 0.03581 -0.06735 -0.11625 -0.04073 0.03930 0.01488 -0.28789 -0.09313 0.34707 -0.33934 -0.30209 -0.28890 0.06791 0.08352 -0.26828 -0.03551 0.28412 0.11327
0.10711 -0.29818 0.30440 -0.23334 0.27596 0.25700 -0.06561 -0.30821 -0.32514 0.27561 0.35911 0.07632 0.29157 0.16645 0.11894 -0.33340 0.10973 -0.31593 -0.11883 -0.16866 -0.18613 -0.39314 0.25837 -0.25907 0.05899 0.00004 -0.32532 0.16859 -0.02432 0.10625 -0.21795 -0.17436 0.06205 0.34200 0.25405 -0.26024 0.22539 -0.02773 -0.04952 -0.29406
-0.11950 -0.21344 -0.42393 -0.21609 -0.34635 -0.45046 0.39277 -0.32599 0.11185 -0.12972 -0.40776 0.15383 0.10567 -0.34568 0.22072 0.13269 0.21886 0.34274 -0.36659 -0.04804 -0.07152 -0.09569 0.14687 0.16116 0.29182 0.06047 -0.17516 -0.36174 0.28094 0.13465 -0.26252 0.04163 -0.16420 0.23890 -0.17438 -0.22969 -0.01587 -0.03102 -0.07818 0.48672
-0.25399 0.09104 0.15292 0.19544 -0.13108 0.10140 -0.30589 -0.08626 -0.01389 0.03048 -0.02124 -0.00136 0.15403 -0.11388 -0.01036 -0.03467 -0.03665 0.14546 -0.01465 0.20526 0.20532 -0.02000 0.08316 0.01490 -0.08537 -0.01540 -0.17558 0.12636 -0.22008 -0.31402 0.26991 0.08345 0.13232 0.10768 -0.12040 0.20990 -0.17298 -0.12174 -0.09291 0.14457
0.03388 -0.16027 -0.29383 0.28858 0.31280 -0.11542 -0.19134 0.41585 0.13549 -0.09046 0.03756 0.22832 0.37081 0.19831 0.23419 0.15661 0.39162 0.22801 0.40820 0.22346 0.13461 -0.09737 -0.37765 -0.05514 0.22931 -0.14461 0.27083 -0.23691 0.25576 0.17975 0.25803 0.40266 0.09032 -0.20539 -0.11661 0.25872 -0.22527 0.10892 -0.31386 -0.37441
-0.41970 -0.25364 0.15597 -0.24992 0.18166 0.07806 -0.34362 0.19259 -0.10470 -0.25552 0.11364 -0.18536 0.14989 -0.00376 0.27791 0.15895 0.33387 0.27458 0.00428 -0.08212 -0.38835 0.35080 -0.30401 -0.04486 0.02308 -0.02472 0.36933 -0.12671 -0.19856 0.01738 0.35848 0.27657 -0.41944 0.05734 0.30046 -0.30700 0.20879 0.28927 -0.45177 -0.04347
0.23697 -0.07024 -0.48144 -0.03900 -0.02673 -0.05183 0.24732 0.18548 -0.03692 0.03101 -0.13548 -0.13815 0.03568 0.07949 0.15747 0.17414 -0.21048 -0.03635 -0.11168 -0.30475 0.00736 0.31332 0.02698 -0.23201 0.33357 -0.42876 -0.10568 -0.03724 -0.09602 0.12510 0.28349 0.22870 0.12942 0.24095 -0.12720 -0.19237 0.08175 -0.36922 -0.04226 -0.31052
-0.16180 0.36314 0.21564 -0.37451 0.26371 -0.36797 -0.03315 0.06891 -0.39827 -0.42570 -0.01387 0.27251 -0.49573 -0.15650 -0.05118 0.11144 -0.34017 -0.36746 -0.06377 -0.10041 0.08275 0.05650 -0.21005 0.23836 0.11793 0.15203 -0.22918 -0.26091 -0.40403 0.37156 0.27857 -0.12228 -0.09281 -0.22244 -0.41545 0.01657 0.29250 0.28783 0.15540 0.05274
-0.28983 -0.18542 0.10266 -0.15035 0.24209 0.25460 0.13807 -0.38933 0.24946 -0.12347 0.12402 -0.08020 0.32426 0.21780 0.04553 -0.09254 -0.03645 0.07328 -0.30494 0.18844 -0.36029 0.26327 0.06119 0.30554 0.08085 -0.10662 -0.15920 0.13106 -0.24886 -0.01446 -0.03459 0.08419 -0.15912 0.16245 0.30928 -0.18974 -0.26112 0.09225 -0.23496 0.21453
-0.40984 0.22372 -0.09344 -0.19594 -0.24947 0.08411 -0.40698 0.06959 0.02376 0.08900 -0.09962 -0.29146 0.13757 -0.26934 -0.31582 0.35337 -0.24686 -0.08112 -0.25030 0.35032 -0.26192 0.05497 0.06029 -0.12561 -0.02127 0.02675 0.30446 0.18168 0.28748 0.18221 -0.12780 -0.13886 0.17517 0.08032 0.17423 -0.32069 -0.12369 -0.21750 0.35904 -0.37894
-0.07972 0.16015 0.45302 -0.06937 -0.39724 -0.11518 0.36048 -0.42019 -0.35076 -0.10387 0.11171 -0.39441 -0.28927 -0.11320 0.20235 -0.01145 0.41460 0.27078 -0.07732 0.11877 0.12344 -0.17143 0.25891 0.35956 -0.34630 -0.43628 -0.35443 0.02122 -0.38982 0.16335 0.39089 -0.30996 0.08367 -0.07603 0.31711 -0.27797 0.29366 -0.20050 -0.18893 0.23744
-0.12297 0.33757 0.22116 0.33071 0.02177 -0.07753 -0.00402 -0.14540 -0.06118 0.37527 -0.16687 -0.12236 -0.21195 0.35770 -0.26868 0.10234 -0.24137 -0.08838 -0.09967 -0.39199 -0.37140 -0.11902 0.19205 0.13406 -0.44537 0.06564 -0.06913 0.25813 0.17368 -0.08941 -0.28032 -0.35983 0.32470 -0.14162 0.35858 -0.49412 0.31308 -0.17049 -0.22490 0.36152
0.12802 0.17159 0.38297 0.36591 0.09981 -0.03033 0.25470 0.09035 -0.34196 0.10562 -0.03880 -0.31067 0.06144 0.24173 0.14680 -0.11119 -0.00959 0.03683 0.15807 0.26180 0.02955 -0.00377 -0.31139 -0.06289 -0.34089 -0.25021 -0.23798 0.07572 -0.16165 -0.26852 0.38420 0.01783 -0.37747 0.02859 -0.28482 -0.05908 -0.23797 -0.29705 -0.04741 -0.02165
0.35588 -0.17277 -0.13011 0.37203 -0.29019 -0.04040 0.39339 0.20600 0.11984 -0.15152 0.28754 0.03680 -0.14445 0.07074 0.25118 -0.07249 -0.31710 -0.02548 -0.21109 0.12801 -0.31220 0.40803 0.33646 -0.09997 0.01430 0.03430 0.16838 0.17826 -0.37277 0.06667 -0.03305 -0.19191 -0.16769 -0.18345 -0.34194 -0.03765 0.01160 -0.21205 0.29184 0.13738
-0.31041 -0.21411 -0.16412 0.33790 0.02036 0.28057 -0.32051 -0.27530 -0.18756 0.24289 -0.06578 -0.18659 -0.05401 -0.28471 0.17806 -0.24972 -0.10774 0.42212 0.35495 0.06749 -0.10829 0.16069 -0.35623 -0.33928 0.28176 0.30223 0.03073 -0.40541 0.22079 0.23727 -0.15702 0.04446 0.17203 -0.38916 0.29054 0.13047 -0.30344 0.22590 -0.15552 0.22668
-0.02630 0.14950 0.45381 0.31123 0.17921 -0.11012 0.42865 0.34972 -0.22889 -0.17865 -0.05969 -0.28934 -0.06057 -0.17160 -0.11710 -0.14887 -0.37043 0.21317 -0.18574 -0.00276 -0.21367 0.21575 0.09349 -0.44868 -0.06591 -0.10280 0.15987 0.19938 -0.12412 -0.33146 0.30297 -0.13036 0.28036 -0.11034 -0.01484 -0.06534 -0.16043 0.27158 -0.19720 -0.11485
0.17864 -0.03528 0.15121 0.40148 0.02835 -0.43929 0.16276 0.10987 -0.07663 -0.36104 -0.41361 -0.09628 -0.15211 -0.31255 0.04325 -0.35631 0.08320 0.46334 -0.00541 -0.20920 0.24427 -0.14595 -0.05023 -0.03439 0.30218 -0.12798 0.06684 0.01283 0.10318 0.04069 -0.13143 -0.20201 -0.40918 0.17143 0.15642 -0.23949 -0.21034 0.32009 0.05476 -0.27259
0.00756 0.15360 0.26120 0.24290 -0.21588 0.12463 0.04417 0.31714 -0.00323 -0.16719 0.27267 -0.03393 -0.35771 0.32263 -0.41199 0.28191 -0.37795 -0.29351 -0.41361 0.13189 0.11814 0.33400 -0.18896 0.27150 -0.24515 -0.06252 -0.01597 0.18643 -0.21995 -0.01724 -0.21461 0.16238 0.15754 -0.35311 0.17105 -0.41137 0.18577 0.37916 -0.01803 0.26000
-0.12864 -0.04152 0.02143 -0.00752 -0.04381 0.07017 -0.16226 -0.11461 -0.42829 0.10907 0.11963 -0.30504 0.02581 0.33039 -0.31006 -0.12247 0.21319 -0.23055 0.24613 0.20082 0.12382 0.10481 -0.30461 -0.07891 -0.08354 0.15046 0.06093 -0.05681 0.24139 -0.09730 0.22432 0.24581 -0.22147 -0.31317 0.17770 0.00653 0.24691 -0.30706 0.10821 -0.08602
0.05559 -0.19199 0.25602 0.23237 -0.16799 0.18905 -0.04222 0.20884 -0.23065 0.13028 -0.19253 0.07151 -0.24224 -0.04592 -0.08178 0.15474 -0.07077 -0.07641 0.27500 0.23530 -0.22262 0.24767 0.13548 -0.03091 -0.29749 -0.01768 0.00878 -0.27073 -0.24890 -0.12176 0.09015 0.34390 -0.33785 0.19374 -0.25339 0.06459 -0.14261 -0.41487 -0.04810 0.22707
0.03543 0.30323 0.19304 0.28764 0.15669 0.05453 0.01513 0.11453 -0.44930 0.21924 -0.24316 -0.00166 0.04760 0.17753 0.21579 -0.10845 0.12838 -0.18046 -0.05573 0.33942 -0.14608 0.19786 0.26072 0.01163 -0.06657 -0.34714 -0.13164 -0.10372 -0.21716 0.04160 0.21351 0.30640 -0.22565 -0.11769 0.01074 -0.06793 0.07276 -0.18166 0.13147 -0.14481
-0.19380 0.05041 0.16944 -0.28351 -0.44039 -0.01890 0.25828 0.23429 -0.28590 0.03942 0.22281 0.30582 0.06162 0.04943 -0.24290 -0.09236 -0.23847 0.16894 0.15114 -0.20265 0.21323 -0.27701 0.28672 0.12227 0.31158 -0.08543 0.28693 -0.16458 0.31775 -0.02889 -0.01663 0.22405 -0.02240 0.14549 -0.20220 0.01524 0.04228 0.27096 0.34701 0.25585
0.36916 -0.25011 0.01449 -0.22830 -0.14388 0.10393 0.12212 0.01329 -0.23900 -0.06304 0.40537 0.22434 -0.24654 -0.33424 -0.16395 -0.11175 -0.03486 0.28300 0.42090 -0.11957 -0.02929 0.41036 0.24536 0.13222 -0.07274 0.44451 -0.31290 0.37400 0.35043 0.28092 0.03346 -0.12529 -0.09419 -0.15368 0.26927 0.17753 0.26416 0.07189 0.16913 -0.02274
0.01513 -0.00690 0.32219 -0.32535 0.21446 -0.10246 -0.17661 0.29257 -0.30734 0.30251 0.11668 0.18737 0.35189 -0.04770 -0.19294 0.04150 0.16243 0.03124 -0.03321 0.20523 -0.05086 -0.33161 -0.36086 -0.30539 -0.15480 0.26018 -0.35885 -0.39437 0.00152 -0.20673 -0.14455 0.32075 0.09298 0.21604 -0.03151 0.01949 0.33102 -0.08758 0.25935 0.35429
-0.27178 -0.02679 0.10256 -0.10650 0.19804 0.13859 0.14710 -0.05926 0.10424 -0.24863 0.05370 0.07068 -0.03609 -0.13182 0.14179 -0.16348 -0.20070 0.09991 0.00583 0.01041 0.08449 -0.03516 -0.24636 0.19255 -0.16095 0.14847 0.21773 0.26076 0.14127 -0.03985 -0.19481 0.02046 0.12859 0.22775 -0.25072 0.01168 -0.33409 0.13062 -0.24682 0.00356
-0.38644 0.34634 0.18364 -0.21566 -0.35702 0.34918 -0.16644 -0.22045 0.15797 -0.13205 -0.18652 0.22969 -0.28573 0.00387 0.40291 0.24545 -0.11506 0.08730 -0.31835 0.00118 0.12321 0.41139 0.09211 -0.20750 -0.08642 -0.02308 0.11844 0.01444 0.34289 0.28365 0.07300 0.28562 0.05822 -0.16123 -0.24017 -0.00979 -0.43833 0.00678 -0.30306 -0.18285
-0.19919 -0.10173 0.26335 0.20678 -0.25116 -0.34965 -0.11934 -0.03367 0.21618 -0.05598 0.00225 0.20717 -0.38089 -0.23541 -0.16618 0.00190 0.20692 -0.37924 0.18335 -0.14731 0.30488 -0.23752 -0.15979 -0.28098 0.10585 0.34319 0.06894 0.26777 -0.18916 -0.32926 -0.36278 -0.20350 -0.08887 -0.10226 0.24088 0.20133 -0.10941 0.23005 0.13287 0.05390
-0.11480 -0.27664 -0.35911 0.36035 -0.09444 0.02917 0.00988 -0.07445 -0.02573 0.05231 0.06760 0.01905 0.27809 -0.08158 -0.13817 0.20949 -0.12707 -0.21150 -0.03731 0.31035 0.18755 -0.07222 0.04253 0.00686 0.06397 -0.21685 0.29890 -0.28603 -0.17610 -0.28989 -0.36008 0.00691 -0.13215 0.26061 0.07969 -0.09942 0.29087 0.21777 0.01493 -0.29393
0.24700 0.11875 -0.12039 -0.26944 0.20093 0.08495 -0.06807 -0.13466 -0.09912 0.30322 0.17438 -0.12733 -0.09316 -0.20939 -0.01968 -0.08110 0.24438 -0.31752 -0.15749 -0.18136 -0.13753 0.04481 -0.07816 -0.27171 -0.20011 -0.08645 -0.12175 0.02873 -0.19244 -0.30568 0.00100 0.07318 -0.07363 0.03732 -0.12836 0.00147 -0.20104 0.21447 0.09818 -0.01757
-0.30519 -0.31493 -0.06175 -0.14333 -0.25501 -0.24980 -0.09678 -0.36124 0.02428 0.27704 -0.16555 -0.24532 -0.36801 0.31276 0.12211 -0.22129 0.22253 -0.02482 -0.38367 0.31922 0.14845 0.09956 -0.10648 0.18997 -0.36131 0.10814 0.13839 -0.00191 -0.26477 -0.10761 -0.09662 -0.39403 0.26355 0.41153 0.17008 -0.01620 -0.29011 -0.10721 0.05637 -0.13309
-0.12884 0.36592 0.15014 -0.21754 -0.26499 0.35443 -0.20895 0.20405 -0.07732 0.09781 0.43187 0.34938 0.15830 0.01667 0.02198 0.24013 -0.14841 0.14580 -0.13447 0.02242 -0.26667 0.19289 -0.18039 -0.21969 0.21930 -0.04734 -0.18522 -0.06423 -0.32525 -0.20852 -0.09960 -0.15606 -0.02478 -0.14877 0.18785 0.22936 0.05112 0.26329 -0.16325 -0.00146
0.02323 0.23039 0.31126 0.14127 0.07495 0.03629 0.02942 -0.20002 0.30814 -0.10753 0.41547 -0.44785 -0.19333 -0.35509 -0.32950 -0.20190 -0.41723 0.44682 -0.18022 -0.06286 0.07121 0.15818 0.21226 0.40819 0.40770 0.07822 0.17979 -0.19956 -0.41682 -0.14343 -0.24284 -0.47245 -0.16175 -0.11647 0.31551 0.35605 0.32078 0.30535 0.36283 0.11900
-0.35206 -0.31852 -0.39277 0.18808 -0.23284 -0.10374 0.04500 -0.35159 0.34917 -0.20738 -0.38303 0.33692 0.00382 -0.25267 0.20910 0.05522 -0.30337 0.09044 -0.09182 -0.14233 0.03664 0.38818 -0.11917 0.30188 0.00608 -0.40015 -0.30572 0.13117 -0.12200 -0.20163 0.05386 0.21465 -0.18186 -0.05286 0.45213 -0.24934 -0.16820 -0.03154 0.12050 -0.17214
-0.04281 -0.05572 0.06102 0.03180 -0.12230 -0.15274 -0.17688 -0.20293 0.24786 -0.20700 0.20743 0.14673 0.26916 0.31348 0.07759 -0.11364 -0.24068 -0.30553 0.15381 -0.18371 -0.18366 -0.07308 -0.08795 0.11479 -0.08571 -0.23579 0.06425 -0.00950 0.38997 0.05885 -0.19528 -0.06650 -0.34240 0.09333 0.30352 0.26941 -0.00396 0.04746 0.17696 -0.17690
0.11685 0.18835 -0.23417 0.17953 -0.01217 0.15546 0.09668 0.17123 -0.12415 0.33480 -0.25471 0.04444 -0.31811 -0.36471 -0.22283 0.35118 -0.23884 -0.12096 0.16738 -0.22037 -0.22758 0.43239 0.23668 -0.00246 0.01171 0.32225 0.04070 -0.03119 -0.39000 -0.38639 -0.31792 0.13944 -0.23744 -0.22660 0.45530 0.38872 -0.31023 0.12491 -0.21370 0.09645
-0.00840 0.38160 0.35573 -0.40510 0.05757 -0.30039 0.08288 -0.36585 0.15973 0.06159 0.13819 0.00549 -0.16809 -0.20213 0.04513 -0.11509 0.04758 -0.17328 -0.05746 -0.08688 -0.16559 -0.10213 0.38771 -0.22719 0.16041 -0.30311 0.07157 0.13993 -0.26346 -0.24715 -0.27581 0.16963 0.03857 0.34881 0.23931 0.32089 -0.12755 -0.34314 0.22830 0.40186
-0.01100 0.14703 -0.10749 0.01025 -0.23693 -0.18806 -0.01680 0.07189 -0.14946 0.30264 -0.14111 0.12419 -0.12343 -0.33945 0.26130 -0.38520 0.17503 0.03904 -0.24675 0.27220 -0.27261 -0.25812 -0.02076 0.02113 0.03241 0.32492 -0.09545 0.28819 0.03806 -0.34838 0.08297 0.18495 -0.01558 -0.10286 0.14502 0.20402 -0.40551 -0.07525 -0.32216 0.09142
0.01351 -0.25738 -0.18332 -0.41634 -0.02507 0.15653 0.36859 -0.32416 -0.31862 0.19913 -0.13877 -0.32834 -0.33269 -0.24596 0.20849 -0.34279 0.28417 0.36574 -0.03310 0.27961 0.05164 0.37443 0.30369 0.04201 -0.18145 0.10020 -0.16902 0.00366 0.45052 -0.17581 0.24664 0.24117 -0.34266 0.00957 -0.07277 -0.06012 0.13189 -0.17863 -0.04641 0.01923
-0.15559 0.10900 0.21563 -0.24009 0.11476 -0.02565 0.03907 -0.00279 -0.19415 -0.29391 0.34944 -0.13790 0.09590 -0.09357 0.04995 -0.18893 0.06127 -0.00439 -0.08753 -0.06389 0.16130 -0.08894 -0.20822 0.08046 -0.06947 -0.22379 0.14153 -0.12297 0.21521 0.03098 -0.24255 -0.12626 -0.17151 0.18257 -0.11555 0.28135 0.15060 -0.16960 0.00852 -0.06151
0.31421 0.34265 0.31774 0.10448 -0.34033 0.36814 0.13255 0.10553 0.40934 -0.16771 -0.17328 -0.07487 -0.27947 0.26450 -0.43139 -0.28350 -0.10318 0.39050 -0.36712 0.14451 0.17766 0.24536 0.13201 -0.23063 -0.01429 0.32117 0.30040 0.08799 -0.05699 -0.21346 -0.08049 0.15416 0.12087 -0.33569 -0.04019 -0.19027 -0.05970 0.18858 0.17309 -0.12570
0.35230 0.16299 0.29508 0.15350 0.01257 0.11737 -0.45306 0.00264 0.01818 -0.25405 0.32894 0.12568 -0.27617 0.17962 -0.04164 -0.04538 -0.40427 -0.40478 -0.39751 0.37891 0.23498 -0.14375 0.30577 -0.22066 -0.09870 0.27375 -0.16214 -0.37036 0.00279 0.13291 0.07800 0.01569 -0.08099 -0.08501 0.34632 0.00506 -0.27620 -0.22638 -0.12783 0.30439
-0.13282 0.34246 -0.26380 0.02256 -0.45920 -0.17521 -0.40326 -0.23574 -0.19367 0.31743 0.24361 -0.35785 -0.33733 -0.35161 0.04916 0.45226 -0.18473 -0.12778 -0.14241 0.16741 -0.25541 -0.31526 -0.36926 -0.23819 -0.17396 -0.47060 0.00720 -0.09214 0.15319 -0.34863 -0.23369 -0.11587 -0.27607 -0.01398 -0.12507 0.22961 -0.04707 -0.28659 0.08731 0.26713
-0.31023 -0.06406 -0.30656 0.15192 0.29128 -0.06610 0.26120 0.00358 -0.01869 -0.20968 -0.16283 0.49509 -0.18125 0.14773 0.10277 -0.17631 -0.22789 0.14803 -0.11104 0.13769 -0.12525 -0.22419 -0.41315 -0.01868 -0.29433 0.16408 0.34436 0.26792 -0.08096 -0.17313 0.25882 -0.22571 0.12412 0.32291 -0.07324 -0.15961 0.01896 -0.06677 0.17169 0.00504
-0.01046 -0.14787 -0.20982 -0.12657 -0.22388 0.10201 0.14425 0.04775 -0.10563 0.30287 -0.20264 0.30658 -0.24766 -0.22422 0.25516 0.30806 0.22463 -0.10953 0.00687 -0.06499 -0.12678 -0.31202 -0.07735 -0.02500 -0.20601 0.18080 -0.06466 0.31588 -0.17905 -0.35423 -0.14193 -0.33565 -0.19489 0.17889 0.16556 -0.12566 0.06826 -0.01606 -0.26608 -0.07968
0.31403 0.27962 -0.30385 0.41438 -0.14328 0.32711 0.00187 -0.12132 0.02027 -0.40412 -0.00692 0.06781 0.07270 0.25178 -0.11384 0.29708 -0.06538 -0.33316 -0.13935 -0.22761 -0.39635 -0.07908 -0.01347 0.15948 0.01973 0.22774 0.28939 -0.18793 0.09547 0.25592 0.31444 0.28568 0.37421 -0.15422 0.23845 -0.05654 0.02756 -0.21863 0.32800 -0.06897
0.25314 0.20925 -0.08426 0.28188 -0.21552 -0.34194 -0.04095 -0.19144 -0.18836 0.37998 0.25859 -0.27185 -0.41861 0.05858 0.17591 0.11645 0.36735 -0.02069 0.02212 0.34505 -0.10322 -0.37443 -0.26479 0.32417 -0.32781 0.06104 -0.07675 -0.02415 0.00505 0.04801 -0.02193 -0.30495 0.39696 0.33574 0.41417 -0.08469 -0.13260 -0.40245 0.33423 0.22193
-0.12548 -0.07428 -0.32355 -0.18170 0.15577 0.37249 -0.40977 -0.02297 -0.30888 -0.42776 0.26766 0.29136 0.23516 0.10064 0.37888 -0.13400 0.04252 -0.39138 0.16147 -0.22821 -0.07680 -0.42023 0.21924 0.13066 0.30794 0.03785 0.46570 -0.42672 -0.17789 0.13852 -0.25714 0.09999 0.14208 -0.23166 0.09693 0.38017 -0.05438 -0.20313 0.05951 0.06962
0.03644 -0.24732 0.24143 -0.27686 -0.26095 -0.27915 -0.10202 0.36875 0.08199 -0.03948 0.04663 0.25497 -0.22536 0.18666 -0.13468 -0.23091 0.28929 -0.25838 0.15815 -0.27905 -0.33018 0.16276 0.22973 0.26429 -0.24125 -0.05888 -0.19480 -0.27593 -0.06740 0.19933 0.10917 -0.21446 -0.04624 0.11605 -0.11934 -0.30618 0.15244 -0.27103 0.12205 -0.28151
-0.13347 0.11591 -0.28063 0.18880 0.02478 -0.31719 -0.27932 0.33085 0.17387 0.21764 -0.01746 0.14076 0.08788 -0.09225 -0.04500 0.11447 0.04073 0.03213 -0.23103 0.31917 0.12237 -0.10435 0.27793 0.10955 0.08718 -0.27851 0.00824 -0.02575 -0.23750 0.17314 -0.17458 -0.14725 -0.03699 0.03559 -0.02588 -0.00489 0.08959 0.14639 -0.20327 0.16215
0.16614 0.33777 -0.11247 -0.15846 0.04668 0.01998 -0.19910 0.20091 0.27415 0.28193 0.13590 0.23266 0.32607 0.41692 0.19499 -0.28689 0.31223 -0.05753 -0.27573 0.27321 0.23186 -0.01119 -0.27133 0.02193 -0.11522 -0.02786 0.20489 0.01212 0.23626 0.04818 -0.22443 -0.45220 -0.37707 0.15798 0.17173 -0.11005 0.24884 -0.24365 -0.14330 0.25511
0.02452 0.15032 -0.02959 0.16927 0.02022 -0.28600 0.29271 0.35294 -0.04125 -0.32707 -0.12092 0.46890 0.04935 -0.12285 0.12672 -0.23330 -0.28165 -0.00316 -0.38482 0.28844 0.14425 0.21067 0.05310 0.28611 -0.01223 -0.00110 0.09125 -0.05440 -0.39428 0.15297 -0.26825 0.11477 0.14555 -0.37394 0.15727 0.35454 -0.35391 0.02980 0.21277 0.00852
0.28063 -0.04015 -0.26236 -0.18639 -0.10544 -0.13447 -0.06522 -0.37579 -0.00962 -0.34528 -0.01985 -0.30113 0.26680 -0.04594 -0.29641 -0.21510 0.24591 0.25219 0.32640 0.23767 0.11744 -0.20847 0.17115 -0.08131 -0.29867 0.15897 -0.10581 -0.29444 -0.32720 -0.15666 -0.33425 0.00490 -0.24528 -0.20924 -0.41431 -0.14231 -0.06074 -0.20396 -0.29676 -0.00445
0.20373 -0.02169 0.01067 0.31266 0.21957 0.20294 0.04274 0.38597 0.13971 0.38528 0.10988 -0.03943 -0.10417 -0.04554 -0.07444 -0.10475 -0.31152 -0.03831 -0.16886 -0.17941 -0.00457 0.34066 0.11463 -0.21192 -0.20538 0.01088 -0.18461 0.05210 0.10930 -0.25174 0.34670 0.15443 -0.06438 0.00395 -0.00149 -0.11622 0.21574 -0.00316 0.46156 0.02147
-0.03402 -0.32188 -0.11520 -0.00449 -0.16904 0.32278 0.23668 0.24249 -0.12200 -0.33057 -0.13185 -0.26830 -0.08412 0.17858 -0.13656 0.04209 0.26203 0.29239 -0.03813 -0.23274 -0.28553 0.16006 -0.17912 0.31244 -0.19346 0.05138 0.09022 0.21805 -0.12130 -0.08609 0.10197 -0.09638 -0.19415 0.09379 -0.19974 0.25961 0.25219 -0.02602 -0.12666 -0.02245
-0.10756 0.04884 0.25688 -0.24045 0.12024 -0.34588 0.09647 -0.18938 0.24628 0.14105 -0.37309 -0.04173 -0.00684 -0.30901 -0.15535 -0.23481 0.11478 -0.26062 -0.22470 0.26902 -0.06356 -0.39512 -0.39632 -0.28195 -0.34712 -0.18691 0.21944 0.09167 0.23208 0.18945 -0.02755 0.18806 -0.02107 0.06738 -0.13435 -0.09716 0.21299 -0.03318 0.20169 0.14148
-0.19369 -0.25464 0.26946 -0.04816 -0.13099 0.37903 -0.28917 -0.07336 0.21265 -0.16877 0.24788 0.17633 -0.23051 0.20727 0.22365 0.25884 0.05528 -0.06131 -0.14082 -0.04648 -0.16205 -0.17390 -0.17375 -0.25311 -0.21004 0.14628 -0.16123 -0.25325 -0.13493 -0.33107 -0.24763 0.06725 0.19402 -0.10928 0.08590 -0.02413 -0.01500 -0.18058 -0.24795 -0.22161
-0.05394 0.23112 -0.28759 0.25803 -0.05598 0.15065 0.42764 0.35559 0.09579 0.10514 0.17568 0.27364 -0.36597 0.18315 -0.18389 0.15743 0.26308 0.43739 0.16175 -0.36913 0.25807 0.03126 -0.09423 -0.40950 -0.20687 0.04459 -0.40350 0.04808 -0.20416 -0.15930 -0.19987 0.05247 -0.20531 0.16062 -0.03197 -0.22186 0.26480 -0.39495 -0.10486 0.27294
-0.11950 0.41975 0.06662 -0.42770 -0.18579 -0.16121 0.30449 0.12302 0.04881 -0.38060 -0.36700 -0.12231 -0.33225 -0.20264 -0.18815 0.13323 -0.11473 -0.27681 0.29636 0.21432 -0.20100 -0.26181 0.37148 -0.01859 0.02415 0.09030 -0.18922 0.34344 0.21844 0.09806 0.12467 0.01906 0.22839 0.15925 -0.07239 0.07737 0.13330 -0.23232 -0.03576 0.20279
-0.10008 0.32290 -0.25872 0.04326 0.00916 -0.02336 0.28172 0.37565 0.06412 -0.26823 -0.37757 0.34180 0.38081 0.02957 -0.32467 -0.24353 0.05237 -0.10764 -0.15028 -0.22293 -0.00085 0.25418 -0.10803 -0.21665 -0.20794 0.18297 0.18644 -0.27870 0.07115 -0.03829 -0.08356 0.08419 -0.00815 0.07010 0.19248 0.04710 -0.20618 0.32553 -0.02703 0.35455
-0.27472 0.00939 -0.02720 -0.23578 -0.21664 -0.07163 -0.01847 -0.09455 -0.30733 0.05339 -0.31198 -0.16651 0.43063 0.24774 -0.22816 0.08918 -0.00186 0.13167 0.10207 0.01240 -0.06751 0.16006 0.12146 -0.02462 -0.13842 -0.13399 0.17196 0.02730 -0.10950 -0.20342 0.13911 0.14847 0.01492 0.09318 -0.02248 0.25610 -0.22371 0.17151 -0.07333 -0.15973
-0.11134 -0.12418 0.09720 0.23877 0.14855 -0.38276 0.10841 0.29191 0.42730 0.29527 -0.32766 0.04991 -0.25253 -0.26485 -0.11852 0.13463 -0.08099 0.19192 -0.40030 0.36142 -0.15241 0.22830 -0.25140 0.35574 0.35578 0.32070 -0.20089 -0.00146 0.04907 0.32878 -0.32251 0.06380 -0.32034 0.08704 -0.34231 0.17505 -0.27649 -0.07901 0.26369 -0.09750
-0.22235 0.19784 -0.02153 0.28900 0.16156 0.01593 -0.27755 0.34340 -0.13276 0.23274 0.08588 0.09062 -0.04156 0.25231 0.16049 0.02271 0.06259 0.08471 0.04239 -0.33132 0.13558 0.39988 -0.05221 0.17399 -0.28208 -0.30153 -0.23571 0.13322 -0.05283 -0.31635 0.36175 0.07742 0.08383 -0.10604 0.04601 -0.32061 -0.17158 0.13209 0.46382 0.08027
-0.05140 0.42020 -0.40626 -0.00801 0.46136 0.27159 0.35327 0.05270 -0.32403 -0.05681 -0.49146 0.02485 0.21169 0.27366 -0.29087 -0.20281 0.08355 -0.20465 0.00660 -0.03959 0.03511 -0.17137 -0.02087 0.22329 -0.05203 0.27693 0.26898 0.35349 -0.45749 0.42905 -0.25205 0.34809 0.08161 0.35991 -0.20961 0.11475 -0.25809 -0.40377 0.31066 -0.13319
-0.06012 -0.00835 -0.11328 0.22637 -0.40080 -0.06871 -0.02852 0.03611 0.39674 0.24154 0.20604 0.15195 0.02769 0.37350 -0.31786 0.06120 0.24027 -0.18982 0.05082 0.09372 -0.00762 -0.28196 0.02138 -0.01926 -0.10008 0.27740 -0.02788 -0.16143 0.11791 -0.15150 -0.02880 -0.09711 -0.19893 -0.02946 -0.13427 -0.25741 0.00738 -0.17634 0.21319 -0.01469
0.15319 -0.18919 0.14191 0.30728 -0.04887 -0.04078 -0.37643 0.13460 -0.34905 0.19373 0.03713 -0.14281 0.23469 -0.19918 -0.09424 0.01639 -0.22598 0.06019 0.30929 0.11360 -0.36042 -0.29345 -0.20954 0.19454 0.01806 0.08874 0.33049 -0.09661 0.02648 0.22936 -0.05960 0.23050 0.27052 0.24337 0.00889 -0.01382 0.06726 0.26522 -0.19707 0.15867
-0.10802 0.41535 0.17897 0.37869 0.37647 0.32296 0.06850 0.35342 0.29607 -0.29177 0.33361 -0.19524 -0.22773 -0.43085 0.02893 0.36880 -0.24016 0.44962 -0.21927 0.35063 -0.38847 0.10581 -0.01990 -0.41709 0.17926 -0.15777 -0.32259 0.32021 -0.41989 0.00667 0.01030 0.22058 -0.19984 -0.29450 -0.36217 0.24179 -0.34903 -0.38582 -0.17474 -0.33747
0.16428 0.01750 0.00427 -0.06281 -0.06886 -0.13176 0.01169 -0.26709 -0.04442 -0.28948 -0.16398 0.06049 0.08205 -0.24906 -0.20009 -0.20000 0.16689 -0.00601 0.06090 0.20653 -0.03665 -0.09461 -0.04741 -0.06234 -0.05304 0.19410 0.04064 0.23219 -0.18439 -0.07296 -0.04882 -0.18165 -0.21122 0.24918 0.00602 0.02390 -0.17332 -0.27488 0.02430 -0.01340
0.11600 0.20084 0.13456 0.21852 -0.02064 0.47562 -0.19686 0.00962 0.31271 0.09118 0.37038 -0.18643 -0.25237 -0.30731 -0.09960 -0.03034 -0.27185 -0.28208 -0.15799 -0.04696 0.23659 0.13063 0.12986 0.30187 -0.17398 -0.13360 0.21676 -0.01645 0.08163 -0.38548 0.13546 -0.12406 0.08680 0.29033 0.42872 0.00880 0.14626 -0.40506 -0.23911 -0.20810
