0.07417 0.22288 -0.25702 -0.30081 0.30775 0.13733 0.14547 0.31119 0.35791 -0.15943 -0.12307 -0.01296 -0.26213 0.11332 -0.37274 -0.15967 -0.04170 -0.08063 -0.16125 -0.25524 0.04551 0.08738 -0.26914 -0.16438 -0.04345 -0.16518 0.14168 0.08654 -0.11914 -0.22579 -0.07146 -0.30222 0.16622 -0.20685 0.34321 -0.11910 -0.11653 0.30979 0.07947 0.00506
0.03782 -0.07434 -0.10730 0.26876 0.30676 0.34704 -0.20210 0.30975 0.00854 0.38134 0.37483 -0.21037 -0.03436 -0.44951 0.25508 0.29911 0.05765 -0.15286 0.41129 0.21124 -0.25770 -0.43242 -0.24675 0.39932 0.04318 0.33118 0.15273 0.32244 -0.42870 -0.13784 0.03174 -0.42956 -0.23198 -0.42633 -0.34393 -0.27903 -0.12291 -0.09936 -0.18729 0.00994
-0.10000 0.04158 -0.32979 0.38504 0.24419 0.10345 -0.36096 0.22060 -0.16388 0.09175 0.46830 0.23308 -0.27082 -0.19247 -0.33650 -0.14288 -0.24734 -0.42816 0.40210 -0.18329 -0.31586 -0.32562 0.39269 0.05282 0.09017 0.28245 -0.29573 -0.23240 0.18688 0.07099 0.02699 -0.18750 -0.01677 -0.28928 -0.05331 0.05006 0.08814 -0.34505 0.18354 -0.05451
-0.17990 0.35891 0.39883 0.00472 -0.29486 -0.05210 -0.32016 0.26866 -0.22423 0.31881 -0.32748 0.24258 0.07019 -0.18623 -0.24130 -0.39207 0.25892 -0.11452 0.22285 -0.33896 0.11221 0.14874 0.18213 -0.05505 0.30820 -0.27645 0.40588 -0.34627 -0.40057 -0.11161 0.27664 0.27582 -0.37496 -0.11027 -0.27029 0.30302 0.00283 -0.13052 0.30368 0.35506
0.27013 0.19982 0.19533 -0.24085 -0.17909 -0.20599 0.18895 0.02781 -0.29311 0.07080 -0.21674 -0.04070 0.05552 -0.11333 0.43048 -0.29153 -0.00306 -0.04432 -0.21493 -0.04727 -0.11722 -0.49717 0.03672 0.10262 -0.05422 -0.32485 0.22182 -0.00893 -0.33252 0.39598 0.13181 0.05537 -0.11726 -0.19150 0.05524 0.38448 0.27768 0.11594 0.21798 0.27179
0.04033 -0.38268 -0.03741 0.19799 -0.25922 0.15578 0.39600 0.07737 -0.13766 -0.39656 -0.06785 0.16611 0.01751 -0.24036 -0.34612 -0.12754 -0.09393 0.33902 0.39644 0.45640 0.05783 -0.28438 0.40781 0.11301 0.17120 0.28461 0.29535 -0.38436 0.38742 -0.39520 0.25666 0.33755 0.04958 -0.17753 0.29665 -0.11460 -0.46880 -0.19262 0.12735 0.23971
0.13153 0.06629 0.16931 0.09686 0.02316 -0.13185 0.00138 -0.13182 -0.03023 0.27536 0.12262 0.25068 0.19055 -0.18090 -0.13994 0.06604 0.06221 0.00861 -0.20136 0.22153 -0.22242 0.26308 0.27344 0.07071 0.20400 -0.00344 -0.00649 -0.07307 -0.34554 0.01389 0.12466 0.24377 -0.31299 0.35336 0.16654 -0.00887 -0.17990 0.21743 0.32238 -0.08738
-0.31098 -0.48650 0.26394 -0.07108 -0.25212 0.33982 0.34669 -0.10171 0.29916 0.40236 -0.22646 0.11174 0.09682 0.30121 0.26344 0.01992 -0.29459 0.25962 0.15695 0.28770 -0.12655 -0.18766 0.16507 -0.30486 0.24184 0.18674 0.23234 -0.11189 0.22399 -0.08601 -0.02529 -0.23952 0.00771 0.02907 -0.07942 -0.38494 0.06272 -0.11185 -0.17877 0.25536
-0.10271 -0.35379 0.37670 -0.37079 0.31514 0.29802 0.24539 0.00720 0.13405 0.00023 0.05419 -0.15493 -0.18465 -0.20853 -0.07878 0.01334 0.23406 0.09800 -0.25996 0.45943 -0.38215 0.34257 0.17576 0.04602 0.21954 0.19408 -0.01786 0.16527 0.28938 0.06283 0.03738 -0.19549 -0.02999 0.29179 -0.21753 0.22477 0.27006 -0.23112 -0.29547 -0.37898
0.08962 -0.35914 -0.28841 0.44181 -0.25402 -0.36769 -0.32702 0.25629 -0.18970 0.32709 0.30022 -0.02544 -0.22020 0.12152 0.00120 -0.23246 -0.24696 -0.19462 0.37742 -0.29750 0.16347 -0.02594 0.13824 -0.29188 -0.09781 -0.15674 0.10951 0.01826 0.38869 0.24874 0.27932 0.29891 0.02094 -0.11216 -0.11429 0.18404 0.00387 -0.16092 -0.20857 0.14293
0.10962 -0.01608 0.35476 -0.30511 0.38643 -0.41887 0.29587 0.04138 0.32353 -0.16298 0.08309 -0.29813 0.14015 -0.32073 0.20253 -0.02772 0.28995 0.46893 0.12739 0.27235 0.05794 -0.40987 -0.38328 0.02877 0.30309 -0.05927 0.29558 0.22586 -0.13183 -0.10307 -0.10404 -0.30109 -0.31243 -0.48361 0.23324 0.03267 -0.14019 -0.24687 0.34101 0.22554
0.15918 0.13859 0.22851 -0.34197 -0.11302 0.00178 -0.06433 -0.19902 -0.21638 0.05462 0.17309 -0.00667 -0.03801 0.03974 0.25932 -0.26532 0.20307 0.12459 -0.24421 -0.44364 -0.15872 -0.16314 -0.28773 -0.28155 -0.06393 0.28077 0.02346 0.03167 0.05891 -0.20138 -0.25100 -0.14815 -0.14364 0.27622 -0.17938 -0.25304 0.28112 0.06205 0.22487 0.35245
-0.25800 0.21301 -0.08095 0.37765 -0.27600 0.08849 0.41686 -0.18992 -0.15489 0.08294 -0.13329 0.28834 0.22149 0.11830 -0.29868 0.26854 0.28096 0.30118 -0.28845 -0.32541 -0.13818 0.08746 0.27727 0.12476 0.21524 -0.22489 0.11103 0.24220 -0.26706 -0.16104 0.21889 0.06880 -0.10444 0.15564 -0.17429 -0.42817 -0.16737 0.03029 -0.28743 0.30157
0.09211 -0.21499 -0.11953 -0.18609 -0.10700 0.26112 0.17261 0.00963 -0.42062 -0.26539 -0.48453 -0.05487 0.22218 -0.15630 0.17382 -0.20911 -0.34442 0.02196 0.15997 -0.21770 -0.12486 -0.07011 0.04130 -0.01275 -0.03692 0.04365 0.13971 -0.30087 0.10854 0.31903 0.21414 0.02430 -0.00767 -0.30531 -0.10337 0.11906 0.19300 0.06269 0.30152 -0.23543
0.04212 0.11570 -0.05944 0.00092 -0.00787 0.10046 0.36332 -0.02552 0.23270 -0.31660 -0.12270 0.29061 -0.28887 -0.22249 -0.06277 0.12046 -0.16048 -0.42932 -0.34945 0.02370 -0.14052 -0.25258 0.33544 -0.26049 -0.23406 0.04517 0.25788 0.04481 0.38459 0.36169 0.23025 0.24095 -0.24486 -0.31866 0.01804 -0.11561 0.33295 0.17772 0.25695 -0.04676
0.14268 0.37115 -0.35943 0.40036 -0.04805 -0.16742 -0.18022 -0.20386 0.07792 0.32144 0.11531 0.04321 -0.33432 0.10995 -0.18329 -0.18974 0.22046 0.31689 -0.17225 0.18494 0.13686 0.12145 -0.00707 -0.09690 0.26504 -0.21962 0.03265 -0.10722 0.33518 -0.15624 0.24065 0.04078 0.10060 0.09373 -0.18840 -0.21933 0.18298 0.02320 0.06076 0.27339
-0.13438 0.07712 -0.08104 0.26852 -0.16081 0.20468 -0.50596 0.05706 -0.20919 -0.12809 0.15001 0.05767 0.36610 0.04167 -0.19457 -0.18947 0.42359 -0.27053 -0.09965 -0.33358 -0.18522 0.15452 0.29374 -0.05967 0.25790 -0.12673 -0.01112 -0.28880 0.06147 -0.09063 -0.18224 0.22765 0.01288 -0.03780 0.05045 -0.24614 0.19615 -0.03933 -0.02569 0.16831
-0.16818 0.40877 -0.39448 0.30482 0.15579 0.34359 -0.15214 0.00121 -0.34061 0.11254 -0.29054 -0.30149 0.34290 0.10248 -0.24543 -0.13537 0.48804 0.05060 -0.02529 -0.41171 -0.32658 0.40853 0.29130 -0.29336 0.40875 -0.19817 -0.22829 0.04531 -0.27335 0.31677 0.20614 -0.15590 -0.16704 -0.16932 -0.22377 -0.01247 0.33522 0.01255 -0.10333 0.25143
-0.26080 0.35110 0.17604 -0.18631 -0.26884 0.34853 0.15524 0.15411 -0.01589 0.20940 -0.03685 -0.15791 -0.42750 -0.09971 -0.06514 0.27494 -0.28401 0.03728 -0.10374 0.19759 0.08966 0.36332 -0.51772 0.28258 -0.31619 -0.17080 -0.09121 -0.46440 0.28172 -0.16249 0.01109 0.07805 -0.15294 -0.48618 0.10760 -0.40478 0.30004 -0.36229 0.16192 -0.16430
0.14822 0.12985 0.28081 -0.22173 -0.41554 -0.11386 0.38976 -0.13656 -0.16946 -0.05943 0.10456 0.16678 -0.37968 0.29091 -0.08620 -0.36807 -0.09078 0.36458 0.06035 -0.18722 0.32512 -0.46278 0.24861 -0.31607 -0.33950 -0.17341 0.09318 0.26787 -0.23596 -0.38138 -0.19306 0.15624 -0.14702 -0.28633 0.01786 -0.06272 0.10515 -0.30305 0.10272 -0.17209
0.06792 0.05625 0.40008 -0.22766 0.17255 0.02761 0.32333 0.06983 -0.25032 -0.19969 -0.00282 -0.07487 -0.15072 -0.13187 0.14615 0.29888 0.14969 -0.06913 -0.25038 -0.28767 0.23492 -0.10912 -0.02846 -0.25680 0.44845 -0.30525 0.33045 0.00133 0.32856 0.17021 -0.22907 -0.36152 -0.00715 0.31958 -0.05025 -0.21653 0.10109 0.25252 0.40438 0.01857
-0.15770 -0.05452 -0.16808 0.09657 -0.02716 0.08100 -0.01600 -0.06723 0.06345 0.08971 0.02584 -0.34545 0.42573 -0.03126 0.30262 0.30969 -0.00940 -0.32219 0.30369 0.43831 -0.15859 -0.02046 -0.19499 0.22995 0.41121 -0.32369 -0.06480 0.09426 0.35211 -0.13375 0.28359 0.08626 0.13784 0.05617 0.33800 -0.14540 -0.10967 -0.17195 0.30716 0.31329
0.01048 0.05661 -0.09652 0.37175 -0.18266 -0.00630 -0.04945 0.11456 -0.26369 0.15357 0.04471 -0.02799 -0.08325 -0.28595 -0.11234 0.35764 -0.13633 0.00493 0.25025 0.13831 -0.22885 -0.15231 -0.23504 -0.04533 0.21816 0.15539 -0.05133 0.35278 -0.21759 -0.22960 0.01465 0.13936 0.09075 -0.25649 -0.23840 0.13855 -0.35095 0.12692 0.26329 -0.27859
-0.26152 -0.23585 -0.28824 0.04717 -0.20740 -0.06123 0.42710 0.13457 -0.03943 0.06496 -0.36542 -0.01688 0.15663 -0.02302 0.26256 0.34657 -0.14362 0.27791 -0.08422 0.04631 -0.26500 0.30883 0.05251 -0.35574 -0.28378 0.36293 -0.00018 -0.42069 0.04060 0.27132 -0.27524 0.30016 0.13541 -0.09606 0.32992 0.10763 -0.40019 0.23939 0.21147 -0.08066
0.31143 0.27523 -0.34209 -0.44296 0.17456 -0.10058 -0.18737 0.23845 0.28650 -0.19722 0.03501 0.15473 0.32104 -0.19666 -0.12496 -0.23063 0.06590 -0.30676 -0.24140 -0.13928 0.17042 -0.35537 -0.17732 -0.00290 -0.06444 -0.30328 0.10807 0.07003 0.28005 0.31254 -0.30172 0.05742 -0.27082 -0.27686 0.21841 -0.04350 -0.22159 0.29045 0.07673 0.25621
0.01389 0.08494 -0.05525 -0.19833 0.22418 0.33201 0.43535 0.02053 0.04334 0.36083 -0.12043 -0.25005 0.18965 -0.38042 -0.26509 -0.27806 -0.22756 -0.07662 -0.16644 -0.10762 -0.10748 0.21983 0.11559 -0.00415 0.16791 -0.05603 0.34311 -0.17762 -0.18988 -0.03198 0.06470 -0.24381 0.33721 0.26847 0.00700 0.14527 0.15399 0.18806 -0.18736 -0.26057
-0.08402 -0.32805 -0.33154 0.11903 -0.29711 -0.30134 -0.06939 0.40071 0.17563 -0.41540 0.03588 -0.20311 0.21444 0.13663 0.07744 0.29711 -0.01922 0.07211 -0.18055 0.13793 -0.04552 -0.27447 0.20744 -0.01193 0.40646 0.47142 0.09077 0.03229 0.17804 -0.39850 0.15934 -0.20806 -0.11972 -0.31245 0.31168 -0.13373 0.23199 0.31594 -0.38577 0.26144
0.19747 0.07010 0.16586 -0.21974 -0.14213 0.12929 0.20147 -0.32265 0.13917 0.40923 0.51485 -0.35251 0.06850 -0.00724 -0.04222 -0.41937 0.33566 0.23336 -0.13507 0.29282 0.25569 -0.11816 0.30448 -0.01148 0.05613 0.13250 -0.04420 0.34048 -0.36620 0.02816 -0.40993 -0.39651 0.05932 -0.28490 -0.27056 -0.13925 -0.11539 0.23795 -0.04420 -0.37309
0.08038 0.28121 -0.19116 -0.29402 0.24575 0.07034 -0.32949 0.27692 0.19209 -0.09234 -0.20589 0.15472 0.05581 -0.10063 0.10985 0.30573 -0.07829 -0.08761 -0.08030 0.09944 0.32251 -0.35843 0.26102 -0.11934 -0.12884 0.01157 -0.04108 0.03415 0.38529 0.18208 0.28932 0.09988 -0.33773 -0.07657 0.22706 -0.26203 -0.19308 -0.05665 -0.21216 -0.24459
-0.03271 -0.19943 -0.22593 0.07108 0.32106 -0.17172 0.31321 -0.32411 0.36139 0.27768 0.16392 -0.10145 -0.15481 -0.08836 0.38963 -0.16653 -0.09567 0.24496 -0.00881 -0.04952 -0.06615 -0.21736 0.32042 -0.26586 -0.07993 -0.29706 0.17635 -0.23610 0.29346 0.25304 0.20594 0.24364 0.20723 -0.10324 0.23292 0.10753 -0.37893 0.14548 -0.02072 -0.13801
0.12147 0.15901 0.23229 0.04603 -0.34247 0.36448 0.07223 0.18379 0.01350 -0.37384 -0.05658 -0.11389 0.11360 -0.25324 -0.28826 -0.29156 0.00891 -0.17571 0.13251 0.10514 0.39065 -0.20133 -0.09824 0.10986 -0.23408 -0.38400 0.10058 0.13548 -0.40521 0.24544 0.49628 0.10236 0.23701 0.34581 -0.06727 -0.18736 -0.14919 -0.04258 -0.09482 0.04236
0.28195 0.38039 0.27057 -0.13876 -0.12978 0.41756 -0.01720 -0.33711 -0.22838 -0.08488 0.02171 0.34841 0.16109 0.24339 -0.16919 -0.21032 -0.12306 0.23662 -0.00546 0.32005 0.20500 0.24526 0.09837 0.39605 0.37422 -0.35127 -0.39167 -0.15173 0.37232 0.10012 -0.10349 -0.19793 -0.07389 0.00580 0.25931 0.19887 -0.21840 -0.01477 0.17006 -0.31661
0.05780 -0.47487 0.25997 0.15491 0.51509 -0.29130 0.19099 0.17523 -0.12147 0.24189 -0.28242 0.24116 -0.19524 0.24680 -0.32712 -0.09188 0.29538 0.20647 -0.28175 0.23962 0.17418 0.26902 -0.28221 -0.02946 0.01912 -0.15625 -0.17728 0.41127 -0.00782 0.07443 0.08556 -0.00494 0.04982 0.38004 0.31965 -0.27930 -0.19726 -0.05195 0.32982 0.20149
0.09959 -0.26082 -0.34799 0.04881 -0.32476 0.34090 -0.28331 -0.27648 0.23448 0.38489 -0.37450 -0.33154 0.25810 0.14360 -0.35255 0.34842 0.13600 -0.26299 0.05554 -0.42139 0.04619 0.32798 -0.00681 -0.22699 -0.00795 0.30944 0.08898 0.35702 0.10207 -0.19366 -0.06339 -0.25342 -0.02764 0.06868 -0.31708 -0.20540 0.01151 -0.01302 0.36368 -0.24467
-0.16224 0.29180 0.36978 0.08058 -0.24277 -0.10961 0.44702 -0.08482 -0.01376 -0.08936 0.02450 -0.35356 -0.30555 0.28630 0.30911 0.31109 -0.15314 0.03591 0.14328 -0.17467 0.10581 0.15653 -0.50613 0.17892 0.00397 0.02307 -0.31454 -0.40510 -0.37817 -0.32913 0.34060 0.37050 0.27503 0.37300 0.19257 -0.26520 -0.11855 -0.34837 0.46812 0.34415
0.08666 0.24372 0.26079 -0.03195 -0.42922 -0.20721 0.28102 0.27549 -0.44204 -0.00246 0.10352 0.34814 0.23630 0.04248 -0.15576 -0.05874 0.27282 -0.10119 -0.37250 0.11783 0.29459 0.02338 0.06893 0.28851 -0.20904 0.40447 0.27661 -0.36360 0.34117 0.27282 -0.03008 -0.08138 0.21978 0.11817 -0.29910 0.10331 0.25233 0.28333 -0.01779 -0.47612
0.30926 0.33482 -0.36258 -0.22839 0.02749 0.28536 -0.16769 0.17757 0.07868 -0.15565 0.23551 0.35893 -0.27224 0.00603 -0.41453 0.03715 -0.31066 0.27082 -0.41596 -0.13874 -0.08918 0.25636 -0.33795 -0.20400 -0.15221 0.07492 0.28378 -0.33946 0.20064 0.31076 0.26197 -0.22642 -0.13273 0.03841 0.23803 -0.20997 0.19882 0.04869 -0.15350 -0.15545
0.03239 0.41921 -0.33781 -0.38902 0.22067 -0.13465 0.31174 0.12436 0.09453 -0.14736 0.31024 0.30452 -0.27187 -0.08586 -0.15489 -0.40021 -0.34999 -0.33373 -0.25561 -0.26545 -0.20800 0.29514 -0.22118 0.36762 -0.44579 0.06578 -0.27429 0.24332 -0.14500 0.00446 0.04520 -0.17795 0.02622 0.25624 -0.16437 0.30951 -0.22236 -0.18943 -0.13979 0.29549
0.03657 0.39741 -0.20137 -0.01622 0.24431 0.42257 -0.01216 -0.28773 -0.16234 -0.12087 0.22329 0.11165 -0.17780 0.38267 0.07537 0.14755 -0.01914 0.28022 0.06165 0.35432 0.30661 0.34304 0.12608 0.01637 0.04674 -0.09525 -0.25757 0.15645 -0.14715 -0.41365 0.06868 -0.35638 -0.04952 -0.17489 0.01316 -0.36679 -0.02765 -0.36082 0.08976 0.13471
0.20811 -0.00907 0.28591 0.13399 0.08555 -0.33750 -0.15395 0.14216 -0.18089 -0.31217 0.09765 -0.13189 0.42268 0.13658 -0.04935 0.38797 0.01043 -0.08296 0.01751 0.12005 0.22911 -0.26554 0.05021 0.15257 0.20397 -0.19915 -0.15863 -0.01639 -0.08703 -0.24808 -0.31705 0.30187 -0.28740 -0.08662 -0.03670 -0.05092 -0.34815 -0.29365 -0.13406 0.22195
0.03627 0.34544 0.10501 0.00051 0.35739 0.31254 0.44550 -0.01087 0.19349 0.35692 0.30750 0.12222 0.00310 0.30040 0.12515 -0.17703 0.11194 -0.23454 0.00850 -0.34692 0.01923 0.01125 0.11217 0.33961 0.34321 -0.19656 -0.38866 0.12564 0.20959 -0.30860 -0.22196 0.05775 0.41969 -0.02074 0.38088 0.42773 0.02615 -0.13998 -0.14034 0.07129
-0.39507 -0.01044 0.24080 0.19391 -0.26002 -0.09319 0.10070 0.07972 -0.24735 -0.27418 -0.09365 0.26203 0.18031 0.28463 -0.18861 0.25098 0.31562 0.04468 -0.26765 0.27068 -0.18375 -0.16891 -0.35763 -0.27915 -0.11429 -0.06367 -0.20154 0.22924 0.36567 -0.32484 -0.33002 -0.09388 -0.06715 -0.02966 0.07726 0.26156 0.35009 -0.24885 0.26084 0.25760
0.27890 0.32849 -0.02014 -0.12188 0.21749 -0.42608 -0.14937 -0.08876 -0.29429 0.23340 0.11400 -0.04327 0.14246 0.14759 0.18051 0.04571 0.32895 -0.19495 0.33085 -0.05946 0.05675 0.03199 -0.27294 -0.16417 0.33247 -0.16765 0.18385 -0.00879 0.21609 0.33465 0.27568 -0.40633 -0.40154 0.47996 -0.23834 0.35795 0.08749 -0.05173 -0.16879 -0.10988
-0.29371 -0.01898 -0.01349 -0.42955 0.33750 -0.13251 0.13035 0.12532 0.16204 -0.29095 -0.02027 0.14357 0.21684 -0.32074 0.14013 0.03456 0.06583 -0.13406 -0.21053 -0.37924 0.12397 0.02017 0.17063 -0.04902 0.17223 -0.07288 0.09548 0.42263 0.35716 0.28137 0.26673 0.19853 -0.28937 -0.18402 0.09579 0.35739 -0.33261 0.19928 0.12469 0.06998
-0.09158 0.25163 0.35120 -0.37763 0.02881 -0.01900 0.10520 -0.18091 0.05073 -0.21970 0.16145 0.25212 -0.11450 -0.28221 -0.04035 0.40463 -0.11971 0.07600 -0.14483 -0.31873 -0.17408 0.22848 0.20531 0.05599 -0.04662 0.07210 -0.22341 -0.19301 -0.19007 -0.27568 0.06556 -0.26339 0.04104 -0.28041 0.11815 0.24123 -0.00792 -0.21957 0.38889 -0.09629
-0.13736 0.25766 0.04268 -0.30182 0.00505 0.00256 0.08980 0.12745 -0.15746 0.15130 -0.05223 0.14352 -0.24234 0.07950 -0.00470 -0.21324 -0.19976 0.14499 -0.01867 0.12270 -0.04947 0.26873 -0.14330 -0.07351 0.11904 0.20045 -0.05317 -0.03168 0.29995 -0.07631 0.09836 0.10556 -0.05597 -0.06652 0.13394 -0.19895 -0.13433 -0.12677 -0.18642 0.29482
0.02897 -0.34008 -0.09547 0.23399 -0.15038 -0.00995 0.36294 0.15961 0.45354 -0.14613 -0.27515 0.07364 0.25218 -0.16566 0.31332 -0.01763 -0.05927 0.42895 0.15510 -0.30982 0.02109 -0.21755 -0.21130 0.12799 -0.27956 -0.21146 -0.12774 -0.36771 -0.34035 0.06388 -0.24032 0.24859 -0.23671 -0.16014 -0.27279 0.33289 0.44649 0.12880 0.13327 0.09263
-0.12909 -0.19190 -0.14651 0.34066 -0.16926 -0.15164 -0.07411 -0.28142 -0.23756 0.16776 0.34052 -0.05771 -0.49480 -0.31233 0.06868 -0.02581 -0.19012 0.28633 0.21359 0.36341 0.12625 -0.04479 -0.25764 0.37837 0.01379 0.36961 0.22792 0.40850 0.14574 0.34982 0.10949 0.38627 -0.27611 0.06091 0.06536 -0.05962 -0.13445 -0.18527 -0.19136 -0.37455
-0.00932 0.21241 0.28467 0.00326 -0.13085 0.31837 0.15674 -0.17366 0.28131 -0.20120 0.07018 -0.08229 0.24624 -0.19385 0.31275 0.26458 -0.43075 -0.24711 0.04041 -0.17911 -0.39523 -0.03386 -0.33471 0.05649 0.05730 0.19751 0.20834 0.33523 0.28867 -0.35339 -0.36493 -0.00412 -0.13324 -0.21096 0.21389 0.29646 0.19841 -0.34786 -0.25587 0.10659
0.09589 -0.21289 -0.33718 -0.22840 0.04594 0.42558 -0.14626 -0.35706 0.46452 -0.14241 0.05373 0.32982 -0.19068 0.29487 -0.14443 -0.32808 0.12471 -0.05416 0.09318 0.27023 -0.22974 -0.23455 -0.35958 0.01003 0.17883 -0.22691 -0.37228 0.05226 0.23771 -0.35629 0.25306 0.36632 -0.30727 0.15669 0.30281 0.47134 -0.35739 0.11270 -0.22373 -0.30104
0.16325 -0.25743 -0.22121 -0.14838 -0.05731 -0.27498 0.18702 -0.20265 -0.00439 -0.17907 -0.37823 0.17746 0.04960 -0.26509 0.13144 0.07473 0.06786 -0.13930 0.01417 -0.21961 -0.26478 0.16985 0.02261 -0.29039 0.39531 0.31479 -0.04770 0.18370 0.26374 0.08293 0.20387 -0.21649 0.08167 0.14697 0.05679 0.12397 0.06362 0.10891 0.42748 0.13725
0.34386 0.16268 0.04658 0.34912 -0.30507 -0.42039 0.20316 -0.32078 -0.08944 -0.22827 0.03921 -0.16323 0.28350 0.30430 0.01666 0.14059 -0.35785 0.44313 -0.05990 0.39055 -0.41849 0.28311 -0.33462 0.29282 -0.33977 0.13825 -0.38076 0.31896 0.00590 -0.01700 0.16077 0.05578 0.28362 0.30439 -0.10436 -0.42303 -0.34856 -0.08929 0.32121 0.33174
0.05986 0.15368 -0.21403 -0.00996 -0.27371 -0.09157 -0.19461 -0.29625 -0.55899 0.23577 -0.09800 0.23469 0.16669 -0.13624 0.26822 0.33411 -0.36083 0.16132 0.25719 -0.10400 0.16977 0.08874 0.05822 0.06663 -0.09367 -0.25253 0.00155 0.34409 -0.01826 0.06551 0.18169 -0.42405 0.17457 0.11306 0.05561 -0.15752 -0.19308 0.22093 0.16249 0.19207
0.15972 0.33357 -0.27837 0.35935 0.15683 0.04078 0.41733 -0.36831 0.15930 -0.11297 -0.06939 -0.33949 -0.48368 -0.04189 0.28537 -0.11037 0.23516 0.39495 0.12561 -0.23238 -0.37196 0.19240 -0.02331 0.14045 0.11917 -0.23178 -0.20845 0.40463 0.32064 0.01436 0.22386 0.30612 0.30541 0.21144 -0.38039 0.14386 0.37225 0.28684 0.31067 0.06338
-0.11664 0.20182 -0.21392 0.37456 -0.21387 0.26918 -0.03156 0.16095 0.27173 -0.00548 -0.26636 0.30302 0.02942 0.24339 0.05072 -0.13046 0.15945 -0.04013 0.16582 0.32429 0.34922 -0.22066 -0.19540 -0.07395 -0.04097 0.27135 0.05574 0.21127 -0.16848 -0.08725 -0.17646 -0.06942 -0.07590 -0.16269 0.24531 -0.16742 0.21489 -0.24541 0.19961 -0.35357
-0.32474 0.25590 -0.04301 0.04263 0.36698 -0.18260 -0.19919 0.03117 0.42411 -0.30671 0.00828 0.29279 -0.21117 0.40088 0.13658 0.41545 -0.15062 0.16047 0.23955 -0.19656 -0.35764 0.13488 0.17319 -0.21491 -0.26194 0.32085 0.12419 0.00146 0.16700 -0.11516 0.20354 0.03326 -0.09420 0.16702 0.10793 -0.19290 -0.25846 -0.02183 0.05316 0.14960
-0.30256 -0.01232 -0.07487 -0.00270 -0.04985 -0.07481 0.05272 -0.28712 0.12201 -0.24155 -0.32066 -0.16399 -0.09613 0.30305 0.43605 0.15993 -0.03481 0.23062 0.13228 -0.24659 0.06088 0.31189 0.04305 0.38557 -0.19691 0.21515 -0.16785 0.13806 0.02759 0.17063 0.41664 -0.44512 -0.03892 0.24960 0.18367 -0.14312 -0.08879 0.06193 -0.14158 -0.20758
-0.15977 -0.27713 0.35688 0.36816 -0.03067 -0.08505 0.19572 0.11209 -0.25595 0.25099 0.15916 0.34913 0.31226 0.25938 0.19469 0.38407 -0.04863 -0.37763 -0.17794 -0.37028 -0.35008 0.30330 -0.40089 -0.02717 0.23789 -0.00755 0.48648 0.19031 0.02240 -0.32143 -0.33048 0.26746 0.04053 0.24754 -0.33080 0.16675 -0.00419 -0.30677 -0.37040 -0.32537
0.40270 0.02593 0.14564 -0.08142 0.08741 0.04901 0.19413 0.19052 0.27046 -0.16735 0.17613 0.39198 -0.37212 -0.00566 -0.12922 0.42577 0.37510 -0.27458 0.04259 0.39823 0.17464 -0.00721 0.03251 -0.41958 0.28994 -0.06376 -0.00932 -0.17989 -0.29038 0.02920 -0.09067 0.08194 -0.17149 0.19387 0.23406 -0.26023 -0.18881 -0.41420 0.36333 0.12499
-0.18052 -0.09721 0.16718 -0.25110 -0.01533 0.38899 0.35936 -0.06951 0.11228 -0.23985 -0.13665 0.37365 -0.48222 0.36201 0.22882 0.02422 0.38276 -0.42189 0.26376 0.29361 -0.04743 0.02373 0.03462 0.21124 0.00474 0.09562 0.32994 0.02710 0.29259 0.19565 0.23627 0.28611 -0.37809 0.22470 0.35263 -0.16455 0.14158 0.40003 0.32515 0.46719
-0.34696 0.06271 0.15648 0.13892 -0.16099 -0.06631 -0.04489 0.36918 0.00583 0.27414 -0.06948 0.08996 -0.05683 -0.00145 0.12134 -0.10619 -0.02620 -0.09661 0.03856 0.20727 -0.15673 -0.05763 0.04659 -0.21890 -0.17111 -0.39343 -0.28884 -0.32664 -0.23481 0.12446 0.21833 0.40383 0.34908 0.15705 -0.33671 -0.17254 0.20647 -0.17802 0.02848 0.00100
0.09265 -0.36713 0.36562 -0.10286 -0.10828 -0.22965 0.33057 -0.05069 -0.04404 0.24418 -0.05544 -0.22588 -0.00827 0.23024 0.39048 0.44126 -0.09326 0.25841 0.07284 0.26028 -0.29852 -0.36038 0.09813 0.11888 0.02381 -0.26032 -0.12863 0.19965 -0.24765 -0.12224 -0.05943 0.00291 -0.26568 0.09272 0.23363 0.20833 -0.35101 -0.29810 -0.04942 -0.07511
-0.37396 -0.18353 0.33596 0.26454 -0.18340 0.27790 0.07542 0.18717 -0.10469 -0.18593 0.00982 -0.22148 0.11499 -0.01917 0.19981 0.25389 -0.02554 0.04331 -0.39638 0.45471 -0.38794 -0.17635 -0.21867 0.14704 -0.10620 0.46706 -0.11009 0.02072 0.34443 0.19147 0.07128 0.20859 0.00566 0.40662 0.37157 0.10228 -0.19523 0.15808 -0.33367 0.05138
-0.25430 0.02519 -0.22463 -0.18099 -0.37006 -0.11554 -0.02998 -0.18404 -0.17206 -0.27684 -0.09332 -0.22025 0.25793 -0.13822 -0.30478 0.09080 -0.02661 -0.09448 0.06005 -0.29429 -0.20906 0.15209 -0.25126 0.07073 -0.14856 0.16229 0.24238 -0.05752 -0.06181 -0.14366 0.19532 0.46051 0.27650 0.16621 -0.20686 -0.00674 0.26460 0.11906 0.27001 0.26020
-0.45568 0.03322 -0.01951 -0.19002 -0.01173 -0.25609 0.38299 0.09502 0.02756 0.37740 -0.02430 0.25183 0.03032 0.20965 -0.15336 -0.06994 0.16715 0.36436 0.31401 -0.33238 0.31278 0.07336 0.15147 0.26304 -0.14998 -0.21178 -0.32824 -0.05113 -0.09208 -0.23637 0.32623 -0.43517 -0.21793 0.05204 0.37806 0.35719 -0.04104 0.07924 0.20230 0.21529
-0.31657 0.15971 0.11932 -0.31929 0.10164 -0.26518 0.27307 0.00118 -0.07007 -0.15788 -0.32608 0.21722 -0.37022 0.19248 -0.10735 0.22811 -0.32392 0.11926 -0.07436 -0.24999 -0.01090 0.14492 -0.20043 -0.12709 0.40941 -0.26528 0.03200 -0.06957 -0.30190 -0.20124 0.18160 0.21167 -0.21006 -0.26550 -0.31802 -0.31325 0.24372 0.08965 -0.09606 -0.01726
0.26820 -0.05423 0.08113 0.12018 0.21307 0.06510 0.29050 -0.06680 0.14489 0.05292 -0.31256 0.31297 0.29147 -0.07885 -0.08487 -0.09728 -0.26987 0.10470 -0.06128 0.13596 -0.27560 -0.38315 0.15825 -0.39557 -0.34417 -0.25506 -0.31551 0.12334 0.31157 -0.06233 0.12920 0.43617 -0.21033 -0.04474 -0.13734 0.10921 0.17701 -0.02970 -0.06710 0.30671
0.42483 -0.14185 0.26724 0.32621 0.34874 0.26613 0.19386 0.01627 0.04345 0.25138 0.08653 0.25745 -0.30589 -0.27352 -0.22254 -0.39365 -0.01062 0.26850 0.26713 0.09350 0.27328 0.28520 -0.24521 -0.02387 0.38472 0.01255 -0.05241 0.15626 0.16984 -0.12758 0.04256 -0.27984 -0.19094 -0.44969 0.08425 0.18020 -0.30624 0.35562 0.41063 -0.24600
-0.14033 0.14586 0.38359 -0.05524 -0.14553 -0.29547 -0.21001 0.31483 -0.32786 -0.16152 0.26902 0.28384 0.19623 -0.06341 -0.04584 0.31806 -0.36950 0.32218 0.35758 -0.47735 0.04823 -0.30210 -0.01267 -0.30319 0.25529 -0.19301 -0.09088 0.11698 0.33778 0.41162 -0.11977 0.29523 0.00771 -0.29929 -0.00070 -0.09022 0.09918 0.34199 -0.13362 -0.43934
-0.30046 0.16843 -0.01164 0.50867 0.34573 0.26716 0.26343 -0.06345 0.34499 -0.17220 0.06470 -0.31358 0.15502 -0.31969 -0.35359 -0.30663 -0.06524 -0.04104 0.13656 -0.15591 -0.47187 -0.07814 -0.26472 0.21737 0.24593 -0.20971 0.03983 0.00990 -0.06968 0.22084 0.24835 0.35724 0.28337 -0.36643 -0.08134 -0.31724 -0.10365 0.25959 -0.38337 -0.07712
0.04981 0.11638 -0.06172 0.19784 -0.24127 -0.31889 0.02995 0.03005 -0.20534 -0.35294 -0.35371 0.29916 0.01842 0.38121 0.35688 0.32796 0.02572 0.45661 0.17164 -0.19375 -0.33084 0.30085 0.28612 -0.42843 0.42287 -0.09521 -0.09056 -0.01570 -0.10738 -0.42717 0.20854 0.22627 0.32446 -0.42307 -0.29988 0.07248 -0.15180 0.20461 -0.17610 -0.21207
-0.09860 0.08386 -0.13254 -0.18048 -0.27184 -0.15357 0.41923 -0.17946 -0.06708 -0.25890 0.36305 0.10617 0.18561 0.17395 0.16455 -0.24971 0.34418 0.09221 0.05763 0.14230 -0.04249 -0.08811 -0.23051 -0.17671 0.21520 -0.00065 0.16725 -0.31912 0.33799 -0.23782 -0.19822 0.03999 0.27379 -0.46288 0.24165 0.07860 -0.09070 -0.19217 -0.19730 0.07207
-0.30044 -0.36831 0.08638 0.19307 0.05679 0.24845 -0.17277 -0.33293 0.25642 -0.08131 0.33179 0.32361 -0.08299 0.17553 -0.14430 0.33695 -0.29843 0.30191 -0.02132 -0.05114 -0.23674 0.48484 0.37192 -0.16526 0.29729 0.09424 0.21815 0.49470 0.32653 0.08245 -0.00845 0.53671 -0.10315 0.11019 0.34698 0.15527 -0.06291 0.02746 -0.16796 0.20601
0.40149 -0.10353 -0.15991 0.23476 -0.32692 0.06771 -0.30293 -0.38098 0.04909 -0.16641 0.33942 0.02396 0.14486 -0.18264 0.30484 0.35508 0.49419 -0.30839 -0.11204 0.10344 0.01179 -0.20660 -0.07109 -0.30189 0.05517 -0.25487 -0.17996 0.21754 -0.35683 0.20625 0.06890 0.46734 -0.29393 0.18069 0.39961 -0.16936 0.01105 -0.26338 0.35631 0.10549
-0.06639 -0.15649 -0.35487 0.33526 0.20513 0.04746 0.33142 0.11278 0.03179 0.33701 -0.08136 0.17379 0.36002 0.41039 0.38303 -0.09968 0.05541 -0.26338 0.46380 0.29653 0.24793 0.09175 -0.28354 0.04319 -0.17043 -0.24439 0.42031 -0.01709 -0.35905 0.34780 0.34501 0.48140 -0.39966 0.16959 -0.36991 0.02452 0.18761 0.26960 -0.12498 0.38844
0.14144 0.24202 -0.07504 0.01434 -0.20387 -0.06758 0.27628 0.20294 0.18571 0.21000 -0.08718 0.34768 -0.26420 0.27735 0.08726 -0.15723 0.00019 -0.04907 0.17954 0.35913 -0.09911 0.07503 -0.07306 0.13489 0.41648 0.14263 -0.06924 0.23238 0.20320 -0.02552 -0.35613 0.14345 -0.11486 -0.04965 -0.33103 -0.15440 0.07677 0.21517 0.17321 0.21152
-0.22540 -0.04871 0.14706 -0.26533 0.09141 -0.21013 -0.07845 -0.08329 -0.10211 0.25102 -0.03090 0.00486 0.09488 0.35393 0.18473 0.08002 0.11365 -0.41633 -0.45567 -0.07366 -0.44496 -0.12911 0.11314 0.43271 0.09674 0.02816 -0.22940 -0.50744 -0.33909 0.14368 -0.23529 -0.22760 -0.05106 -0.11610 0.11020 -0.07066 0.28110 0.22442 -0.11912 -0.44010
-0.17774 -0.05948 -0.32455 0.23916 -0.31494 -0.21758 0.22395 -0.04797 -0.21759 -0.00304 0.30490 0.25869 0.07042 -0.24792 0.11461 -0.23144 0.46644 0.24343 -0.20135 0.05767 0.27389 -0.37761 -0.08832 0.10462 0.21258 -0.09141 -0.22713 -0.25154 0.11469 0.08141 0.21671 0.29572 0.21745 -0.32935 0.27738 -0.08398 -0.03651 -0.16621 -0.17251 0.34497
-0.20614 -0.36940 0.38065 -0.10482 -0.05959 -0.25150 0.18970 0.29640 -0.32198 -0.18099 -0.34408 0.21465 -0.19160 -0.31148 0.19239 -0.00454 -0.03865 -0.33474 -0.05086 -0.13322 0.01703 -0.31311 0.02973 -0.01462 -0.32762 -0.36061 -0.27449 -0.22855 -0.06941 -0.05619 0.40241 0.34053 0.43562 -0.04620 -0.05049 -0.17178 0.37982 -0.36359 0.22823 -0.08430
-0.23730 0.45093 0.20592 -0.34425 0.15747 -0.10588 -0.25492 -0.21435 0.34312 -0.22114 0.29693 -0.19712 0.44090 0.32215 0.19497 0.13290 -0.31035 -0.21732 0.30141 0.35439 0.39742 -0.32220 0.27524 0.38205 0.25326 -0.19358 -0.00753 0.21101 -0.18279 0.14183 0.29941 0.45143 -0.27216 -0.16454 -0.15805 0.19748 -0.38822 -0.14531 0.05941 0.01857
0.20427 0.00440 0.20790 0.04959 -0.35605 -0.06755 0.31614 -0.20319 -0.41566 0.00552 -0.21499 -0.04062 0.42525 0.27266 0.15537 -0.21882 0.05380 0.01207 0.31145 -0.03387 0.23957 -0.07629 -0.03019 0.24840 0.20805 0.36108 -0.07961 -0.26115 -0.15038 -0.12271 0.27968 -0.10834 0.31956 0.30479 0.25668 0.10882 0.05957 -0.37219 0.19305 0.19105
0.13844 0.17577 -0.31089 0.18347 0.16966 -0.02123 -0.02332 0.21077 -0.01659 -0.43121 -0.02929 0.30598 0.04982 0.07278 0.42319 0.06240 0.29394 -0.13073 -0.21583 -0.10903 0.35315 -0.09173 -0.14995 0.13495 -0.37361 0.04983 -0.06083 0.17874 0.25196 0.14141 0.23741 -0.39987 0.23239 -0.04062 0.23168 -0.13903 0.15640 -0.27320 -0.38558 0.21349
0.25995 0.19361 -0.30554 -0.13227 0.05213 0.17594 -0.13212 0.18095 0.13246 0.01355 -0.17195 -0.21878 -0.37676 -0.31976 0.01358 -0.15925 0.14448 0.21510 0.03069 0.06426 0.29302 -0.03137 -0.04566 -0.44843 0.03404 0.17897 -0.00504 0.15179 -0.33541 -0.32240 0.32303 -0.29037 0.33591 -0.14160 0.37468 0.45511 0.41780 -0.12709 -0.18613 -0.34035
-0.07531 -0.05662 -0.43796 -0.18023 0.17471 0.21050 0.24635 -0.25057 -0.07460 -0.01560 -0.01566 0.16118 0.40619 -0.35607 -0.28130 -0.21418 0.31667 0.24916 0.06986 0.37976 0.15138 0.39431 -0.09071 0.22168 0.09277 -0.43126 0.40979 -0.05247 0.11525 -0.34106 0.28762 0.36964 -0.21757 0.21671 -0.17918 -0.00007 -0.35655 -0.15054 0.15626 0.35321
0.23737 0.23302 -0.10568 -0.15182 0.34935 -0.32254 -0.10759 0.34012 0.08481 -0.28368 -0.34227 0.24162 -0.36513 -0.01925 0.31119 -0.09570 0.25665 -0.24921 -0.11662 -0.34345 0.04493 -0.08729 -0.24018 0.34698 0.18053 -0.14386 -0.02777 0.43299 -0.27780 -0.08872 -0.17250 -0.19596 -0.33925 0.39328 0.34102 -0.14650 0.18090 -0.01567 -0.00763 -0.04465
0.16827 -0.18566 0.20556 0.19292 -0.05495 -0.26017 0.32903 -0.13792 -0.09125 0.01432 -0.16651 0.26678 0.13886 0.00199 0.11100 0.31962 0.29722 -0.24463 0.28455 0.46442 0.36932 0.16865 0.19881 0.25868 -0.24636 -0.26084 -0.06814 -0.15053 -0.25869 0.11301 -0.28310 -0.10071 0.16106 0.36058 0.18992 -0.33888 0.23538 -0.27350 0.19145 -0.41661
-0.14596 -0.35417 -0.06326 0.04193 -0.31404 0.40391 0.13215 -0.35353 0.19293 0.19472 -0.44841 -0.09726 -0.28249 0.28728 0.16165 -0.05263 -0.18162 -0.15905 -0.12791 -0.15627 -0.32036 -0.42008 0.38674 -0.08926 0.28887 0.13831 0.21569 0.07923 -0.00235 -0.07212 -0.32747 0.18992 -0.32026 0.11601 -0.05317 -0.20149 -0.39079 0.25806 -0.15312 -0.41116
-0.26490 0.16164 0.05783 0.01723 -0.18758 0.12483 -0.07484 0.24848 -0.19533 -0.24489 0.28661 -0.10124 0.41454 -0.08326 -0.13319 0.07838 -0.17760 -0.05458 -0.25947 -0.55117 0.35408 0.54582 -0.00272 0.13649 0.20557 0.02471 -0.23962 -0.12265 0.17543 0.33466 0.34300 -0.15526 0.29252 0.32386 0.01470 0.14025 0.22867 -0.36351 -0.34543 -0.26813
0.08488 -0.28281 0.32916 -0.36590 -0.08232 -0.17608 -0.31795 -0.08027 -0.28636 0.20723 0.15674 -0.12745 -0.07098 0.38488 0.17033 0.32253 -0.28906 0.30763 -0.23978 0.17564 -0.24373 0.24317 -0.26053 -0.14166 -0.08167 -0.30072 0.35894 0.15358 -0.18602 -0.12737 0.03545 -0.17046 -0.13305 0.03394 0.40359 -0.39172 -0.18301 0.00542 -0.19771 0.39603
-0.14221 0.44272 -0.15164 0.10569 -0.06206 -0.04058 -0.01951 0.31384 0.19284 -0.34867 0.43859 0.05317 -0.39212 0.31391 0.18100 0.13543 -0.02923 -0.05895 0.04560 -0.38848 -0.03319 0.31327 -0.30306 0.10664 0.34977 -0.23122 -0.19747 -0.14233 0.20391 -0.05537 -0.24312 -0.29192 0.05767 0.21826 -0.24288 -0.19197 0.14953 -0.00660 0.19708 -0.41491
-0.09932 -0.20661 0.01581 -0.11893 -0.34530 -0.20062 -0.23574 0.27450 0.25129 -0.00645 0.15966 0.14779 -0.27357 -0.05821 -0.41521 0.04168 -0.19933 -0.33738 -0.01583 0.42593 0.07424 -0.36512 -0.05326 0.06940 0.30164 0.13654 0.06914 -0.23232 -0.29391 -0.06633 0.20201 -0.36846 -0.26308 -0.20442 0.07937 -0.12557 0.36326 0.42954 -0.07564 -0.18315
0.00914 0.03918 -0.19265 -0.02219 -0.03693 0.04292 -0.28579 -0.18660 -0.29820 0.05027 -0.12807 0.10553 0.21538 0.07915 0.21819 0.39105 0.16636 0.05475 0.17033 -0.23797 0.12247 -0.09114 -0.23247 -0.27723 0.26419 0.13901 0.25744 0.35189 0.02287 -0.21649 0.19849 0.19819 -0.22677 -0.25470 0.16476 -0.06308 0.41280 0.13852 0.00269 0.31137
-0.00284 -0.40206 0.06441 -0.38681 -0.28173 -0.20324 -0.15087 0.11006 -0.08419 0.01397 0.20448 -0.12564 -0.36006 0.15985 -0.26989 -0.12748 -0.04980 0.05528 -0.11662 -0.23870 -0.12067 -0.07644 0.21048 -0.40598 -0.00040 -0.07726 0.11876 0.37962 0.00703 0.10693 -0.34806 -0.25779 0.18999 0.26482 0.05742 0.21156 0.30936 -0.09708 -0.08152 -0.30135
0.32879 -0.06465 -0.11006 0.26396 -0.30854 0.33811 0.18907 -0.20711 -0.17902 0.02629 0.03497 -0.13855 -0.11809 -0.02704 -0.28504 0.47255 0.22993 -0.42508 0.11077 0.16978 -0.01441 0.10150 0.11496 -0.42437 -0.12001 -0.26472 -0.22807 -0.06526 -0.24412 0.07959 0.37321 -0.14682 -0.23086 -0.05909 -0.28696 -0.37160 0.29750 -0.40886 0.10686 0.29430
-0.20191 0.29107 0.09400 0.39609 0.25282 0.18184 0.05777 -0.06445 -0.03332 0.43171 -0.13476 -0.33053 -0.21943 0.05425 -0.25067 0.28457 -0.09575 -0.18845 -0.12863 -0.32936 -0.06862 -0.15280 -0.10510 -0.09739 0.06819 0.22360 -0.11737 0.15839 0.04282 -0.05781 0.26718 0.18898 0.20836 0.09083 0.37205 0.07304 0.11357 -0.01962 -0.24975 -0.22185
0.22024 0.01451 -0.19358 0.21853 0.05398 0.24919 0.13784 0.20982 -0.31524 -0.17550 0.29795 0.15869 -0.14776 -0.34843 0.35180 0.36071 0.05647 0.21568 0.11087 -0.16195 -0.21706 0.08095 -0.20456 0.02358 0.40530 0.16094 -0.25739 0.33014 -0.24775 -0.50504 0.25955 -0.13092 -0.06048 0.24662 0.09040 -0.12098 -0.36701 0.32452 0.20338 -0.22981
0.28509 -0.45886 0.39149 0.25316 -0.38156 0.11706 -0.01648 -0.14928 -0.04352 -0.13478 -0.45324 -0.23701 -0.23145 -0.04909 -0.24796 -0.19174 -0.08364 -0.33106 -0.24153 0.22136 -0.31127 -0.30365 -0.17434 0.22191 -0.00366 0.22462 -0.37111 0.12556 -0.41816 0.23412 -0.19748 -0.25094 0.39719 -0.33467 -0.28107 -0.28171 -0.20512 -0.06311 0.20516 -0.19676
0.24836 -0.17657 -0.18251 -0.26266 0.04729 -0.33062 -0.08941 0.31425 0.12113 -0.27747 0.22597 0.30597 0.13441 -0.09495 0.12996 -0.04005 0.31312 0.04893 0.32525 -0.13844 0.11406 0.31566 0.06910 -0.27430 -0.16227 0.12257 -0.03646 -0.11546 0.32990 -0.05698 -0.19817 -0.30824 -0.16050 0.26851 -0.07138 -0.25680 0.29307 -0.19207 0.28274 0.01771
-0.13224 -0.17237 -0.18055 -0.35946 -0.25800 -0.07243 0.19955 0.02215 -0.21028 0.16313 -0.13456 0.08517 0.26268 0.07827 0.24956 -0.05841 -0.25456 0.30628 0.28889 -0.23068 0.02539 0.19704 -0.12752 0.10034 -0.30763 0.14068 -0.14299 -0.10722 -0.15019 -0.06463 -0.12965 -0.03996 -0.31344 0.22580 0.37664 -0.07630 0.20789 0.17193 0.23023 0.13001
-0.19553 -0.02891 0.40252 0.43072 -0.13208 0.14084 -0.03633 -0.25876 0.30593 -0.28394 0.33222 0.37827 -0.42599 -0.24847 0.20097 -0.02190 0.15095 -0.30212 0.28572 0.19012 -0.14017 0.14281 -0.25542 0.25545 -0.28623 0.46925 -0.36975 0.19075 0.04315 -0.37436 -0.32972 -0.31760 -0.45082 0.35673 -0.41465 0.35675 0.44173 0.05820 0.08441 -0.32309
0.33173 0.20170 -0.32520 0.14967 -0.32143 0.06304 0.21402 -0.31368 0.07648 0.20907 0.28946 0.10993 0.10929 -0.21040 -0.20852 0.11386 0.07201 0.25865 0.17505 0.38371 0.18547 -0.20324 -0.34083 -0.39275 0.44153 -0.20032 -0.06177 0.03404 0.38650 -0.07033 0.14217 -0.16122 0.32517 0.14663 -0.26822 0.18497 -0.22471 0.23335 -0.13068 -0.05376
-0.16038 -0.23708 0.01306 -0.26833 -0.29869 0.06336 -0.36912 -0.30301 -0.23664 -0.20373 0.27932 0.09577 0.08421 -0.24427 -0.02523 -0.26460 -0.19284 -0.13069 -0.04580 -0.22619 -0.02095 0.17440 0.06646 -0.06877 -0.29638 0.16678 0.17003 0.22248 -0.10967 0.21161 0.26125 0.15592 0.02165 -0.18371 0.17963 0.29595 -0.06600 -0.16780 -0.03024 0.22426
0.29306 -0.27889 -0.21720 -0.31316 -0.05800 -0.33513 0.10443 0.12513 -0.15111 -0.02958 -0.19715 0.04316 -0.27813 -0.10010 -0.28815 -0.13215 0.30998 0.01668 0.30496 0.28934 0.05975 0.17594 0.06318 0.18009 0.40772 0.10988 -0.14275 0.44080 -0.03628 -0.01764 0.25434 0.33628 0.02547 -0.13372 0.31061 0.18876 0.18134 -0.26003 -0.08401 -0.24998
-0.22630 -0.07412 -0.34189 -0.09204 -0.02118 -0.33490 -0.07498 0.14178 0.23274 -0.34660 0.21286 -0.10467 0.06347 0.19299 -0.00109 0.27002 -0.23255 -0.22122 0.24815 0.04224 0.17666 -0.21650 0.26713 -0.29848 0.29201 -0.06282 0.21146 -0.09995 0.10822 -0.06916 -0.36956 -0.04529 -0.24950 -0.21158 0.30834 0.36135 0.11068 0.10860 0.01900 -0.41542
0.17468 -0.28969 0.27133 -0.37907 -0.03410 0.12613 0.17101 -0.32549 0.25248 0.01377 -0.23536 -0.24067 0.07643 -0.33583 0.07811 0.12091 0.26239 0.26311 -0.28355 0.10091 -0.02661 -0.17598 -0.22182 -0.24875 0.30907 -0.09387 0.15691 -0.06550 -0.14673 -0.08858 -0.26523 0.02235 0.19702 -0.09153 -0.16830 -0.04949 0.02720 -0.18726 0.12991 -0.07552
0.39133 -0.13562 -0.19153 -0.06057 0.03771 0.02676 0.23672 -0.08287 0.18528 -0.10909 -0.05680 0.06093 -0.16922 -0.10842 0.01542 -0.14980 0.13383 -0.11603 -0.10440 0.30881 -0.16493 -0.17519 -0.16751 -0.08567 0.24626 -0.11534 -0.11674 -0.00820 0.05410 -0.02665 0.30355 -0.21319 0.15617 -0.11901 0.10966 -0.05876 0.11292 -0.22447 0.00405 0.07145
-0.14078 -0.35338 -0.06986 0.31181 -0.21462 0.12698 0.11203 -0.07366 0.00370 -0.21096 0.05441 0.03284 0.39135 -0.04410 0.20413 -0.34761 0.01731 0.22953 0.08454 0.07101 0.08528 -0.16256 -0.15985 -0.04644 0.20377 0.12644 -0.10953 0.09182 0.11524 -0.18427 -0.19145 0.15176 0.11255 0.29748 -0.16863 0.29870 0.02440 0.15237 -0.15897 0.31176
-0.34260 0.09397 0.16479 -0.24641 -0.30734 0.28195 0.31035 0.22112 0.13053 0.10834 -0.27616 0.07971 -0.03964 -0.09037 0.07795 0.05768 0.48974 -0.12134 -0.52761 0.10179 -0.12794 0.39164 -0.01499 0.08252 0.08306 -0.11149 -0.39407 0.10478 -0.19553 0.25777 -0.33037 0.01901 0.33730 0.21586 0.12627 0.04778 0.12931 0.22059 -0.06885 -0.35419
-0.30675 -0.46614 0.27455 -0.20969 -0.03866 0.05822 -0.28331 -0.00125 0.23540 0.00960 -0.26078 -0.02884 -0.16056 -0.15030 -0.32378 -0.18139 -0.27259 -0.21706 -0.08803 -0.41111 -0.09964 0.28038 0.33226 0.19276 -0.07761 0.36991 0.00138 -0.15901 0.27166 0.10736 0.32648 0.09426 0.38747 0.07776 -0.16008 0.11611 0.07170 0.41929 0.22831 0.27865
0.05322 -0.06092 -0.01571 -0.19139 0.17037 0.11823 -0.07007 0.29723 0.23888 0.46793 0.25355 0.15977 -0.19104 0.34220 -0.16679 0.30112 -0.08525 0.12396 0.32957 -0.11261 -0.16260 0.02824 0.28785 -0.32923 -0.44270 -0.23669 0.15395 0.29538 0.04507 0.34128 0.18537 0.26658 -0.37666 0.04686 0.25511 -0.19807 0.56421 0.14001 -0.02025 -0.04001
0.26963 -0.46066 0.15788 0.27018 0.33584 0.04758 -0.17842 0.08350 0.28171 0.10712 -0.21288 -0.11197 0.30855 -0.15064 0.00968 0.19652 -0.00460 0.23208 0.16289 -0.38221 0.10103 0.19498 0.11846 0.02129 0.21148 0.44587 0.19713 0.29254 -0.29413 -0.12752 -0.27759 0.34712 0.43345 0.19068 -0.28872 0.22759 -0.34330 0.46372 0.29409 -0.01169
0.11394 -0.06138 -0.18693 0.07718 0.12549 0.08544 -0.17994 -0.25154 -0.28842 0.01521 -0.12416 0.21751 -0.34724 0.09624 0.03328 -0.27200 -0.29182 0.26050 0.07308 0.09278 -0.37879 0.18341 -0.01728 -0.32920 -0.03620 -0.33895 -0.14989 0.12437 0.08296 0.00672 0.10437 0.37996 -0.29460 -0.33448 -0.14285 -0.28372 -0.17642 -0.02986 0.17722 0.26269
0.00361 0.05121 -0.10589 0.14395 -0.12412 -0.20051 -0.03434 0.11328 -0.30528 -0.03739 -0.17677 -0.41332 0.19244 -0.15713 0.10212 -0.33613 -0.29649 -0.31202 0.39129 -0.05013 -0.35247 0.36642 -0.20221 0.20758 -0.29347 -0.16067 0.04519 0.37442 0.05590 -0.12502 0.28591 0.14877 -0.09658 0.10427 -0.32156 0.04947 0.35512 -0.30133 -0.41307 0.37548
0.01503 0.26309 -0.11581 -0.11281 0.07528 -0.27174 0.27605 0.15296 0.14016 -0.17545 -0.02351 0.25475 -0.23071 -0.14570 -0.28319 -0.04326 -0.24906 -0.26826 -0.24250 0.07729 0.26644 0.29974 0.11568 -0.14330 0.02030 -0.22781 0.23130 0.28183 -0.02173 0.03835 0.20757 -0.19372 -0.15818 0.07437 0.20933 0.20697 -0.42254 0.04669 0.30268 -0.15515
0.00513 -0.22400 -0.16933 0.10577 -0.36907 0.25577 -0.17277 -0.29735 -0.26722 -0.21110 0.21579 0.32515 0.30643 -0.03178 -0.06277 -0.12921 -0.09378 -0.05127 0.11215 0.19645 -0.27427 0.15787 -0.15336 0.22839 0.04356 -0.18483 0.25798 0.16117 -0.30464 0.13519 0.23808 0.11130 0.39255 0.03726 -0.36516 0.25768 -0.08305 -0.07477 0.34973 0.23160
-0.00164 0.13794 -0.02683 -0.10776 -0.11769 0.19455 -0.47162 0.24964 0.06761 -0.30433 -0.04785 -0.27139 0.37729 0.12903 0.15788 -0.36860 0.28194 0.11459 0.05042 -0.18700 -0.24808 0.19081 0.14747 0.14558 0.31129 0.26130 0.13020 -0.36040 -0.26871 -0.18593 0.01499 0.28438 -0.08540 -0.23380 -0.30924 -0.03335 0.34667 -0.18690 0.04488 0.07489
0.33350 0.29155 0.12271 0.32135 -0.03653 -0.20852 0.23925 -0.27427 -0.13388 0.10180 0.16781 -0.15354 -0.30236 0.28222 -0.14913 0.21721 -0.01344 -0.24635 -0.05731 0.03154 0.07683 0.07064 -0.37973 -0.10746 -0.36063 -0.04090 -0.22557 -0.13708 0.28118 0.20881 0.37582 -0.13744 0.00087 0.29906 -0.24937 -0.34977 -0.20486 0.04922 -0.17510 -0.23422
0.07753 -0.36868 -0.21654 0.13488 0.25799 -0.01513 0.00870 -0.13535 0.36226 -0.26289 0.44917 0.38417 0.17811 -0.27983 0.28380 -0.26743 -0.09649 0.05309 -0.14134 0.16475 -0.02759 -0.33004 0.32431 0.01979 0.05043 0.31111 -0.07093 -0.10839 -0.08881 -0.16340 -0.33621 -0.28470 0.13926 0.20914 0.35592 0.33008 -0.29226 0.01798 -0.11041 0.14238
0.00438 -0.25797 -0.19474 0.00846 0.19463 -0.13889 0.31923 -0.35735 -0.25636 0.06993 -0.18520 0.36985 0.21802 -0.38553 -0.32594 0.09617 0.07914 -0.02948 0.03808 0.27746 -0.26925 0.09700 0.43453 -0.16692 -0.29218 -0.03691 -0.02130 0.25893 -0.23440 0.35295 -0.00230 0.46476 -0.16599 0.07559 0.02875 0.22775 -0.21749 -0.32381 0.33293 -0.25683
0.32736 -0.13094 0.01802 0.41634 -0.30255 -0.30077 -0.13982 -0.26266 0.02539 0.35032 0.32036 -0.02748 0.08222 -0.25541 -0.33436 -0.16968 0.06011 -0.03915 0.14668 0.14957 -0.14560 -0.02546 0.13105 -0.17161 0.01377 -0.05109 -0.22362 -0.21871 -0.31060 -0.34407 -0.38449 -0.26472 0.20717 0.29610 0.16078 -0.16236 -0.35911 -0.16262 0.38492 -0.23521
0.33432 0.38647 0.36774 -0.25169 0.12997 -0.21318 0.40584 0.17757 -0.25105 0.42190 -0.07971 -0.33463 0.31421 0.32942 -0.02043 -0.16983 -0.15460 -0.22327 -0.15301 0.19881 -0.32903 0.42355 -0.29091 0.34361 -0.02910 0.14949 -0.04247 -0.04772 -0.04631 -0.37732 -0.48432 0.20113 -0.20579 0.12829 -0.38674 0.40626 0.33054 -0.29736 0.40741 -0.41541
0.06789 0.26565 0.05163 0.01358 -0.26621 -0.19481 0.04699 0.26622 -0.10786 -0.35140 0.02599 -0.31445 0.06214 -0.21760 -0.04494 0.38753 0.02750 0.24932 -0.23772 0.04053 -0.35452 -0.09971 -0.16466 -0.06845 0.30278 0.34543 0.11117 -0.11309 -0.12427 0.03993 -0.07695 -0.15809 -0.29764 0.24721 0.28415 -0.34717 0.40497 0.08136 -0.21462 -0.22505
0.08572 -0.38324 -0.26602 0.13757 -0.24110 0.06284 0.31584 -0.25831 -0.04023 0.19027 0.30338 -0.25699 -0.23859 0.14764 0.03545 -0.00303 0.42504 0.19903 0.32032 0.17382 0.07921 0.05481 0.41774 -0.11115 -0.28146 -0.37660 0.17629 -0.25720 -0.12900 0.04559 0.36945 -0.26463 -0.22567 0.30115 -0.06158 0.12723 0.01329 -0.10174 0.20135 -0.04383
0.34936 0.32026 -0.20153 -0.26427 0.14866 -0.21697 -0.43018 0.10331 0.03762 -0.27917 0.03764 0.25302 -0.15480 -0.13819 -0.15142 -0.14887 -0.07332 -0.33334 0.01369 0.13949 0.44348 -0.03981 -0.09861 -0.35784 -0.08641 -0.09760 -0.15701 0.05769 0.24821 0.14425 0.35661 -0.41160 -0.27843 0.24622 -0.32240 -0.14979 -0.30412 0.14797 -0.35612 -0.36974
-0.11353 -0.27476 0.17857 0.36829 -0.23428 -0.14929 -0.03989 0.28853 0.34430 0.21991 0.32379 0.21061 0.31622 0.42861 -0.14666 0.13184 -0.20113 -0.37485 -0.01482 0.02999 -0.27849 0.38654 0.36079 0.21231 -0.07341 0.00949 -0.10720 -0.26729 -0.18039 -0.47302 0.29834 0.09420 0.18424 -0.05497 -0.01242 -0.04772 -0.04267 -0.24590 0.25292 -0.27925
-0.26319 -0.37600 0.02958 -0.15258 -0.18763 -0.32728 -0.16496 0.14854 0.20364 -0.14233 0.30712 0.25862 0.26777 0.31291 0.01516 0.27285 0.00018 -0.27775 -0.12318 -0.15661 0.21371 0.35931 0.19392 -0.31243 -0.05541 -0.18381 -0.00282 -0.20294 -0.24816 -0.33101 0.11193 -0.31415 -0.01681 0.19372 -0.25203 -0.04596 0.08544 0.01170 0.29907 0.15084
-0.01709 0.12710 0.31961 -0.02548 0.15596 -0.26215 0.25341 -0.27704 -0.34443 0.16818 0.34051 0.23877 -0.16428 -0.11043 -0.09125 0.09777 0.36638 0.04194 0.26074 0.35975 0.25476 -0.02308 0.02347 -0.00389 -0.30480 -0.40269 0.27453 -0.10175 0.45864 -0.30660 0.10409 -0.41519 -0.22327 0.28641 -0.21488 0.35747 -0.44630 0.11173 0.46069 0.31087
0.02702 -0.35677 0.23062 -0.28967 -0.01537 0.18230 0.04848 0.07734 -0.01825 -0.29838 0.20975 -0.38401 0.11761 0.13874 0.09570 0.29621 0.03456 -0.24565 0.02973 -0.05092 0.27336 -0.49848 -0.06936 0.01328 0.00196 -0.16422 0.33502 -0.36206 0.03501 -0.08773 -0.23460 0.36417 -0.05726 -0.00258 -0.14616 0.30423 0.09189 -0.31307 -0.17715 -0.17667
0.05860 0.16248 -0.04303 0.38978 0.03685 0.35360 -0.33051 0.39581 -0.44228 0.31495 -0.18907 -0.04409 -0.27936 0.25405 0.08939 0.00451 0.15030 0.14937 -0.26732 -0.11614 0.30024 0.27325 -0.29582 0.13520 -0.15612 0.20444 0.19186 -0.29973 0.08869 -0.27287 0.40604 -0.22885 -0.28458 -0.21793 0.23718 -0.22349 -0.37000 0.13955 0.18934 0.28427
0.01943 0.07588 -0.07374 0.12360 0.43529 -0.09373 -0.00739 0.15070 -0.25203 0.17685 0.02416 -0.18864 0.18922 -0.03287 0.20374 -0.04452 0.17885 0.04211 0.12810 -0.21086 -0.29191 -0.02859 -0.40178 0.18676 -0.07209 0.22853 -0.11321 0.01060 0.32446 -0.03184 0.37155 -0.17697 -0.06689 0.06356 -0.01009 -0.23381 -0.18496 0.29189 -0.14393 0.11840
-0.21346 0.45325 -0.04200 -0.09117 0.15765 -0.03667 -0.25142 -0.03638 -0.28221 0.26974 0.05632 0.07654 0.07932 -0.28932 -0.08588 -0.13313 0.11552 0.06243 0.00027 -0.16658 -0.00404 -0.16009 -0.28110 0.00144 -0.14094 0.16828 -0.12751 0.18687 0.19718 -0.17678 0.05915 0.00816 -0.01830 0.22794 -0.12503 0.22931 0.01183 0.06485 -0.07636 0.12866
-0.26121 -0.04300 -0.20216 -0.32537 0.37914 0.37216 -0.26734 -0.22572 -0.03559 -0.37260 0.33462 0.05414 -0.15259 -0.22282 -0.22223 0.06818 -0.02396 0.13884 0.12295 0.01805 -0.01612 0.32658 -0.01697 0.41535 0.01359 0.46113 -0.25384 0.10626 0.24681 -0.13327 0.41895 -0.40494 -0.24218 0.03539 0.01337 -0.08317 0.05985 0.29071 -0.04876 0.06639
0.15092 0.27295 0.01827 0.31725 -0.26051 -0.06814 0.12746 0.39071 -0.20113 -0.35200 -0.11570 -0.31424 -0.35318 0.19377 -0.18864 -0.34679 0.21079 -0.15931 0.26346 0.09838 -0.16901 0.00609 0.05980 0.15247 0.31580 0.35600 -0.13181 0.17296 0.29712 -0.04130 0.37467 -0.10108 -0.18057 -0.21039 -0.03505 -0.03950 0.18688 -0.29003 -0.19924 0.02470
-0.13720 0.17045 0.12849 0.19270 -0.04321 0.20265 -0.06789 -0.18185 -0.45732 -0.24630 0.32116 0.24558 0.16333 -0.09155 0.23703 -0.08742 0.15435 0.21578 0.21340 0.05946 -0.11247 -0.13819 -0.31270 0.42645 -0.19628 -0.26200 0.24933 0.34415 -0.09055 0.06538 -0.05141 -0.44174 -0.04846 -0.17524 0.21554 0.21288 -0.13584 0.22240 0.24315 0.24689
0.23132 -0.27359 0.13044 0.24799 0.12974 -0.23001 0.18377 -0.00536 0.11632 -0.06811 -0.15193 0.08587 -0.15582 0.13328 -0.28581 -0.33170 0.20767 0.20888 0.37790 0.02998 0.07177 -0.09282 0.06304 -0.32406 0.37562 0.02101 -0.18906 -0.06555 0.41162 -0.26684 -0.39131 -0.14152 -0.04631 0.25084 0.13702 0.15281 0.20025 0.12078 0.09726 0.34677
0.37780 -0.00230 0.09062 0.14699 -0.13471 0.41338 0.34342 -0.39591 -0.34572 0.30876 0.10888 -0.40801 -0.33413 -0.29764 0.01246 -0.24746 0.32472 -0.21048 -0.37823 -0.06208 -0.41715 -0.37839 0.00578 0.13048 -0.07491 0.27703 -0.13873 0.34549 0.08378 -0.09909 -0.45246 0.03284 0.04547 0.28018 -0.17346 -0.39361 0.07672 0.44335 0.21063 -0.16364
0.42473 -0.09839 0.00604 -0.41610 0.35209 -0.14972 -0.05488 -0.02391 -0.16142 -0.13303 0.00185 0.07920 -0.29910 -0.03570 0.19266 0.22089 0.10361 -0.14396 -0.14239 0.05994 0.23320 -0.19099 0.24585 0.18496 0.07260 -0.15262 -0.16200 0.16966 0.48863 -0.11954 -0.07444 -0.19318 0.22907 0.26396 -0.38287 0.39681 -0.17835 -0.10693 -0.15939 -0.00413
-0.46568 0.29466 0.43180 -0.15063 -0.23536 -0.28898 -0.31676 -0.28950 0.04817 0.06130 0.06909 0.04848 0.33907 -0.34077 0.29494 -0.03547 0.41372 -0.09163 0.34021 0.23541 -0.43178 0.26213 -0.26046 -0.28798 -0.23554 0.01713 0.08762 0.17346 -0.42885 0.37996 -0.11603 0.13352 -0.15000 0.32455 0.38607 -0.36580 -0.22407 0.47960 -0.09841 -0.04665
-0.36635 0.37565 -0.14115 -0.43753 -0.16068 0.32168 0.30640 0.04157 -0.40891 0.13024 0.29938 0.17829 0.20706 0.16204 0.22564 -0.05761 -0.30934 0.27202 -0.07535 0.27568 -0.19287 -0.41370 -0.20124 -0.37386 -0.16567 -0.21049 -0.32231 0.20011 -0.30645 0.18991 0.02746 0.12786 0.10710 -0.02156 0.20537 -0.37804 0.41418 -0.20024 0.26444 0.06736
0.37942 0.02897 0.15207 0.21759 -0.07026 -0.31807 0.17529 0.23765 -0.05797 -0.19740 -0.02500 0.26356 0.05915 -0.00484 0.01281 -0.35356 -0.01812 0.28962 0.10566 -0.29289 -0.14719 0.38791 -0.20974 0.14686 0.32805 -0.22738 0.20575 -0.01005 -0.21359 -0.25727 0.06622 0.19291 -0.02132 -0.26494 0.37020 -0.22098 -0.03404 0.15772 0.14434 0.18635
-0.07949 0.14141 -0.15121 -0.09909 -0.42664 -0.23895 0.27590 -0.04861 -0.01578 -0.24806 -0.11222 -0.20163 -0.41162 0.09713 -0.15529 0.11233 -0.10350 0.41781 0.04360 0.13792 0.20580 0.03985 0.29028 -0.34279 0.37818 0.30953 -0.10252 0.35284 -0.15478 0.02823 -0.07415 0.43932 -0.38906 -0.29732 -0.38663 -0.06318 0.28275 -0.11898 -0.31544 0.12972
0.25652 -0.23093 -0.02383 0.06591 0.31207 0.01076 -0.15912 0.19870 -0.26412 -0.13479 -0.30098 0.13178 -0.31806 0.41511 0.06321 0.30305 -0.09590 -0.01746 0.29694 -0.08435 -0.14828 -0.15865 -0.37711 -0.04215 0.25003 -0.30208 0.24225 0.33283 -0.02464 -0.22225 -0.08244 0.07001 -0.05928 -0.03317 0.18279 0.06771 -0.22561 0.01827 0.03128 0.21469
0.05463 -0.27083 0.37832 -0.23517 -0.03190 0.07371 -0.10071 0.33585 -0.40871 0.33059 0.28266 -0.08026 0.28062 0.06300 0.28426 0.06102 -0.02806 -0.01122 -0.01371 0.10092 0.07176 0.26751 -0.03784 -0.10692 0.16164 -0.09705 -0.12168 0.16192 0.24315 -0.01274 -0.15066 -0.22816 0.24653 -0.18252 -0.32017 -0.32640 -0.07088 0.20976 0.25495 -0.18564
-0.18670 0.23490 0.00508 -0.27202 0.00890 -0.11190 0.25422 -0.16107 0.10554 0.08691 -0.31121 -0.24687 0.21368 -0.32506 0.19362 0.31291 -0.10601 -0.24046 0.11790 0.26733 -0.23213 0.12440 0.00958 -0.07692 -0.09855 -0.12002 0.07304 -0.17543 0.12419 -0.38892 -0.20220 -0.15582 -0.38905 -0.24116 0.25678 0.19988 0.20906 -0.26559 0.04194 0.04021
-0.16722 0.00551 0.35767 0.32936 0.09593 0.40425 -0.18134 -0.05634 -0.10186 0.26546 0.02023 0.13611 0.27407 0.06895 0.36489 -0.32954 -0.37410 0.13310 -0.08185 -0.02767 0.02813 0.25878 0.10100 -0.04710 -0.19322 -0.24854 0.00277 0.19325 -0.00016 0.04748 0.31528 0.14964 -0.14352 0.20989 0.14691 -0.32067 0.16364 -0.18767 -0.20312 0.23844
-0.12748 0.32842 -0.09709 -0.15525 -0.22728 0.33924 -0.02133 -0.07659 -0.11695 0.38628 0.14510 -0.10529 0.05170 0.32025 0.11532 -0.19261 -0.08876 0.25766 -0.09837 -0.29914 0.06268 0.36542 0.16022 -0.09319 0.21692 0.15071 -0.25897 -0.15132 0.13098 -0.05496 0.19463 -0.20517 -0.34397 -0.06374 -0.23646 -0.26367 -0.17129 -0.35553 -0.18754 -0.07443
0.09268 -0.05178 -0.25547 -0.43694 -0.08153 0.03209 -0.10966 0.15462 0.17380 0.34119 0.37402 -0.00394 -0.01743 0.00302 0.41311 0.35174 0.30438 0.19170 0.24523 -0.31231 -0.34615 -0.11006 -0.10382 -0.41551 -0.22685 0.24588 -0.21632 -0.42809 -0.06290 -0.30496 -0.32037 -0.30328 -0.23267 -0.13421 0.08041 -0.16265 -0.39206 -0.36994 0.00328 0.33414
-0.07143 -0.10750 0.48163 -0.32688 0.25460 0.23684 -0.04839 0.19231 0.23602 0.38306 0.20916 0.20016 -0.05997 0.04615 0.12256 -0.20570 0.00325 0.15625 0.06371 0.10540 -0.30223 -0.01351 0.32842 0.27368 0.31077 0.30055 0.25464 -0.15328 0.13174 0.34182 0.22740 0.34786 -0.08573 0.06924 -0.34330 0.01470 0.06351 -0.09351 -0.17667 -0.35946
0.00387 0.26991 0.43460 0.13562 -0.21697 -0.17858 -0.33070 -0.13020 0.38584 -0.00876 0.34295 0.39012 0.07574 -0.29384 -0.08039 -0.29730 -0.12500 -0.06105 0.42130 0.39394 -0.02402 0.25675 -0.11658 -0.12295 0.12488 0.09111 -0.14333 0.41445 -0.33811 -0.05827 0.41888 0.09787 0.05308 0.04265 -0.33559 0.02373 -0.21796 -0.25143 0.26986 0.08187
-0.28204 0.16161 -0.24132 -0.31788 0.04631 0.03394 0.02864 0.13392 0.17877 0.12258 0.29886 0.17058 0.04549 0.28162 0.08236 -0.26830 0.28822 -0.10799 0.00842 -0.00495 -0.11034 0.32572 0.25430 -0.11584 0.10320 0.05412 -0.14254 0.03814 0.33461 0.07249 -0.25875 -0.14861 -0.02522 -0.23133 -0.18671 0.26276 0.08393 0.01391 -0.05899 0.00299
0.04723 0.33395 -0.38426 0.01546 -0.36533 -0.29637 0.40318 0.07640 -0.03615 -0.06663 -0.18138 -0.07321 0.35964 -0.19612 0.34175 -0.32094 -0.27354 -0.05770 -0.23406 -0.45467 0.00746 0.43284 -0.06703 -0.01024 -0.26484 0.22527 -0.19263 0.30677 0.40327 0.21827 0.28631 -0.37578 0.43491 -0.21302 0.39221 -0.00053 0.32452 -0.33184 -0.16109 -0.18499
0.18703 0.04972 -0.10195 0.17191 -0.27768 0.18283 0.14160 0.30288 -0.34572 0.35981 0.02370 -0.21769 0.12693 -0.01782 -0.35900 0.38432 -0.38708 -0.15027 -0.02342 0.01255 -0.20654 0.13440 -0.24890 0.24681 -0.01632 0.07750 -0.24779 -0.15130 0.34711 -0.03546 -0.34788 -0.26939 -0.33568 0.21464 0.34814 0.18527 -0.25673 0.08262 -0.05615 0.04093
0.14762 -0.38341 -0.31297 0.33321 0.10556 -0.02722 -0.12362 -0.17291 -0.38774 0.35644 0.26402 -0.04230 0.15109 -0.08075 -0.26236 0.38549 0.05580 -0.26460 -0.16026 0.31169 -0.21008 0.29585 0.01187 0.31682 0.30681 0.05873 -0.37983 0.27243 -0.40243 0.14232 -0.20135 -0.19460 0.32117 0.32945 -0.28834 -0.19574 -0.28046 -0.39232 -0.29152 0.43231
0.35133 -0.43018 -0.28992 -0.23333 -0.32915 0.17311 0.14367 -0.00428 -0.26527 -0.41022 0.28171 -0.00376 -0.22707 0.32683 -0.13718 0.16046 -0.19711 -0.41408 -0.23904 0.18006 -0.23726 -0.14387 0.44969 0.12760 -0.27490 0.36627 0.31163 0.13113 0.06108 -0.39260 -0.27354 0.05194 -0.36483 0.41869 -0.06515 -0.28210 -0.23294 -0.42230 -0.15264 0.09240
0.35146 -0.11281 -0.36868 0.32694 -0.51708 0.18293 -0.18111 0.11605 0.06496 0.29531 -0.09636 0.24156 -0.35073 -0.20649 -0.48849 0.12358 0.10271 -0.39119 -0.08770 0.41997 0.27609 0.14757 -0.24787 0.03739 0.08584 -0.43952 -0.40711 -0.15133 0.20413 0.07398 0.22506 -0.20910 -0.16781 0.06854 -0.35292 0.15841 0.18006 -0.15878 0.28238 -0.34578
0.12253 -0.08267 -0.11624 -0.13833 -0.38944 -0.01542 -0.34196 -0.28366 -0.03844 -0.17793 -0.03305 -0.37836 0.09787 -0.15747 -0.28648 0.16352 -0.02167 0.00585 0.07938 0.04038 -0.19557 -0.00180 0.30878 0.43608 0.04918 -0.45678 -0.32289 0.17838 0.32108 -0.34922 0.39108 -0.04683 0.06741 -0.12427 0.22442 0.03217 -0.25542 0.24168 0.29959 0.23056
-0.31344 -0.28019 -0.04539 -0.10275 0.06674 -0.17504 0.31486 0.20891 0.27269 -0.04113 0.10989 0.32075 -0.06160 0.44011 0.35167 0.09111 0.11223 -0.19237 -0.05260 0.35446 0.03920 -0.10093 -0.21074 0.29481 -0.06422 -0.01727 0.42165 0.29594 -0.07081 0.13637 -0.28545 -0.33587 0.33324 -0.32942 -0.23261 0.00180 -0.12987 0.13781 -0.13362 -0.21468
-0.06229 0.22450 -0.07259 -0.05356 0.19789 -0.22216 -0.01248 0.29494 0.16265 -0.31986 -0.41513 -0.20241 -0.04445 0.11270 -0.13405 0.24079 0.01923 0.07979 -0.21400 0.29375 -0.13884 -0.08635 -0.30236 0.35505 0.04763 -0.04933 0.39731 0.17585 -0.12555 0.05375 0.04454 -0.30212 0.21236 -0.27059 0.24072 -0.32665 -0.05917 0.30487 0.14360 -0.03467
0.34626 0.42192 0.29930 0.26682 -0.08330 0.34729 -0.32542 -0.01817 -0.34055 0.16874 -0.39321 0.29173 0.31981 -0.42433 0.21662 0.11736 -0.18735 0.09004 -0.25449 0.00015 -0.21050 -0.37425 0.20182 -0.49845 -0.12894 0.23534 0.02077 -0.18746 0.22092 0.16739 -0.08753 0.36943 -0.05418 -0.10657 0.31693 -0.03779 0.16152 0.31392 -0.18223 0.17982
-0.33278 0.22087 0.43377 0.09131 -0.34449 0.04902 0.35801 -0.12497 0.11046 -0.18474 0.35245 0.07255 0.08561 -0.32040 -0.13030 -0.21060 0.23706 -0.09861 0.35003 0.40854 0.13913 -0.27639 0.48023 0.04368 -0.34426 0.11248 0.20508 0.32642 0.11693 0.06673 -0.06341 -0.16731 -0.43255 0.28411 0.03829 0.00659 -0.10365 0.10066 -0.08805 -0.06352
-0.25208 -0.04111 -0.29092 0.18879 -0.49007 0.23454 0.28436 0.00664 0.03765 0.03474 -0.19292 0.38853 -0.20253 0.24140 -0.31978 0.38726 0.30480 -0.24817 0.08112 0.12715 -0.27695 0.34049 0.07882 -0.20871 -0.38482 0.20188 0.04315 -0.13520 0.16448 -0.17459 0.29834 -0.19706 0.18661 0.31295 0.20835 -0.25907 0.04323 -0.31948 0.11421 -0.20769
0.15729 -0.17273 -0.18110 -0.19033 -0.30782 -0.01407 0.15025 0.22491 -0.03134 0.12378 -0.15568 0.10785 0.12338 -0.08447 -0.23709 -0.20065 -0.16869 0.21469 -0.06833 0.02129 -0.24897 -0.37854 0.16093 -0.32231 -0.02176 0.10207 -0.01483 0.25322 0.01486 0.17301 -0.19381 0.30691 -0.06419 -0.10260 0.17882 0.16207 0.27288 0.21620 -0.07278 0.23603
0.24855 -0.18665 -0.14838 0.15548 -0.36914 -0.29068 0.19646 -0.24378 -0.19127 0.02604 -0.27180 0.18346 0.14972 0.04130 -0.04554 -0.17577 -0.05416 -0.26197 0.29237 -0.03302 -0.09307 -0.27725 0.27136 -0.14547 -0.03962 -0.08187 0.21174 -0.31084 -0.00670 -0.09468 0.05898 0.22694 0.21257 0.00767 0.12680 -0.07609 -0.14501 -0.05484 -0.13655 -0.17286
0.15565 -0.15883 -0.02214 0.16630 -0.30748 -0.29006 0.43589 0.34432 0.20112 -0.25946 0.13476 -0.36183 -0.21142 -0.21800 -0.11727 -0.00743 -0.09369 0.28980 -0.36068 0.23990 -0.03559 0.33591 0.14713 -0.29312 -0.25095 0.41024 0.20114 -0.29634 -0.27051 0.29351 0.33340 0.40469 0.03860 0.28438 -0.18527 -0.36041 0.39971 -0.16692 0.14718 -0.08811
0.35285 0.18482 0.31175 0.33251 0.39194 0.29046 -0.07602 0.08489 0.26098 -0.15199 0.13482 -0.16599 -0.31717 0.12199 -0.13483 -0.36234 0.19173 -0.43979 -0.09711 -0.27485 -0.07399 -0.38878 0.03461 0.15786 0.12127 -0.33556 0.21107 -0.23881 0.29156 -0.19896 0.02774 -0.14087 -0.31476 -0.23702 0.16890 0.19754 0.02895 0.22985 -0.14847 0.07135
0.46626 -0.13505 -0.19107 -0.37824 -0.30405 -0.17578 -0.47055 0.10100 0.40359 0.20672 0.16957 -0.47069 0.39913 0.20697 -0.30707 -0.12418 -0.17770 0.27215 -0.33577 0.36657 -0.44682 -0.25478 -0.26542 0.19545 -0.13599 0.28113 0.42590 0.19821 0.03501 0.12912 -0.17878 0.00671 0.29012 -0.05623 0.06252 0.40530 -0.03999 -0.16667 -0.00564 -0.08268
0.01350 -0.22320 -0.22423 0.19150 0.13844 -0.31135 -0.35286 0.33036 0.03163 0.13981 0.08894 -0.36256 0.08510 0.18290 -0.00336 0.26356 0.30090 -0.30773 -0.27276 -0.04106 -0.00092 0.30298 0.01572 -0.04588 0.31919 0.26145 0.39946 -0.23167 0.13340 -0.23128 0.24737 0.31918 -0.10485 -0.13050 0.20936 0.05910 0.21923 0.36657 -0.03779 0.18932
-0.36643 0.10729 0.31056 0.16629 -0.14472 -0.09087 0.03803 0.20879 0.24594 -0.07612 -0.19390 -0.04465 0.31009 0.15161 -0.17931 -0.03045 0.44870 -0.12187 0.09962 0.31026 -0.29229 -0.29125 -0.25052 0.34758 -0.27311 0.42623 -0.36402 -0.28100 -0.03354 -0.01527 -0.36907 -0.00568 -0.33297 -0.05622 0.21670 0.41488 -0.23453 0.09544 0.20261 -0.14367
0.23107 0.32631 -0.21886 0.15663 0.07409 -0.22153 -0.13640 0.22535 -0.13506 -0.45940 0.38796 0.28960 0.23407 -0.29443 -0.32808 -0.05835 -0.03412 0.03233 0.42356 -0.01687 -0.38045 0.14216 0.24034 0.05198 0.20012 -0.03430 0.24429 0.39987 -0.23120 -0.18499 -0.34171 -0.15464 -0.29394 -0.19496 -0.31884 -0.33319 -0.27431 0.05375 0.25637 0.17756
-0.16492 -0.21106 0.18637 -0.27106 0.13736 0.13466 0.13396 0.28419 0.31969 0.39775 -0.37797 -0.08391 0.15885 -0.23487 0.01506 0.22186 0.38644 -0.21984 -0.05591 0.23173 -0.32912 0.28158 -0.38580 -0.24108 -0.06225 -0.05225 -0.05871 0.30773 -0.05796 -0.06952 -0.15250 -0.18094 -0.38072 0.31538 0.04828 -0.11230 -0.09028 -0.25100 0.06858 0.18472
0.13758 0.30782 0.10169 0.16879 -0.42416 0.22933 0.14932 -0.40654 -0.03133 -0.24009 0.32658 -0.02955 0.05467 0.15015 -0.42575 0.37814 0.22234 -0.18723 0.08995 0.30047 -0.20552 0.04571 -0.17803 0.19732 -0.25668 -0.27169 -0.31826 -0.26862 0.26355 0.35743 0.37092 -0.27372 -0.20752 0.15137 0.20157 -0.30983 -0.16515 -0.25890 0.41279 -0.19514
-0.32700 -0.49287 0.36812 -0.07604 -0.28038 -0.25552 -0.15281 -0.01964 -0.02291 0.25257 0.11314 -0.17730 0.41058 -0.37555 0.50637 -0.23882 -0.44130 -0.26299 -0.28385 0.01427 -0.22243 0.15875 0.33381 -0.37101 0.09472 0.21371 -0.19483 0.42557 -0.27072 -0.35427 -0.04350 0.06591 0.03732 0.48700 -0.42189 -0.32561 -0.36276 0.21431 0.36784 -0.23636
-0.09553 0.29655 0.30335 0.31889 0.18337 0.22513 0.05208 0.41685 -0.30194 -0.19152 -0.12296 0.14108 -0.15463 -0.05831 0.18007 -0.16963 -0.30380 0.04873 0.28931 0.17174 -0.30878 -0.13788 -0.17980 0.22956 0.02276 0.19478 -0.06028 0.09222 0.09725 -0.33379 0.20682 0.23409 0.27504 -0.47705 0.32888 -0.49405 0.29064 0.04871 -0.40401 0.20820
-0.20736 0.46579 0.21180 0.09376 0.35694 0.22680 -0.08253 -0.17546 -0.11038 0.47706 -0.10095 0.38510 0.31859 -0.33060 0.24692 0.21075 -0.22999 -0.21175 -0.02013 -0.08403 0.16358 -0.29491 -0.45278 -0.35010 -0.45061 0.25747 -0.03943 -0.41204 0.07966 -0.04579 -0.18204 0.27466 0.18217 0.41166 -0.00728 0.14804 0.25164 0.23971 -0.00301 0.21410
-0.04312 0.26678 0.06469 0.00423 0.13828 0.03956 0.01721 -0.01036 -0.14386 -0.19033 0.10851 -0.15409 0.17849 0.22509 -0.26679 -0.32882 -0.13368 -0.33551 -0.02660 -0.04707 -0.14215 -0.26751 -0.01655 -0.32652 -0.12429 -0.32954 0.03656 -0.19894 -0.03633 0.28678 0.33648 0.33426 -0.15206 -0.31059 0.07896 -0.00964 0.26760 0.08068 -0.35890 0.31728
-0.33926 0.30906 -0.07748 -0.17830 -0.25837 -0.02427 0.33994 0.31318 0.16634 -0.11405 -0.08395 -0.38267 0.11897 -0.24164 0.19301 0.02177 0.02313 -0.27127 0.16803 -0.38580 -0.43740 0.28545 0.12145 0.33191 0.15289 0.04253 0.20957 -0.25702 0.19368 0.25181 -0.31583 0.05895 0.41448 -0.04048 0.23607 -0.06311 0.06562 -0.09453 0.20116 -0.15428
0.15838 0.23930 0.26862 0.48341 0.06107 -0.08718 0.08551 0.20778 0.22748 -0.09242 0.31000 -0.06416 0.26282 -0.27558 0.06594 -0.00779 0.06985 -0.08018 0.04976 0.10600 -0.36341 0.12265 -0.27543 -0.02641 0.15608 -0.16115 -0.13648 -0.19983 -0.14518 -0.25660 0.04355 -0.25497 -0.06218 -0.23424 0.23868 -0.41288 0.04444 -0.02650 -0.34125 0.31186
-0.03866 0.24252 0.07123 0.23764 -0.10494 0.15853 -0.25347 0.43875 0.19590 0.19968 0.22133 0.01666 -0.04326 0.17378 -0.06019 0.07938 0.21822 0.38979 -0.03134 0.20290 -0.35419 0.23407 0.15454 -0.10759 -0.07786 -0.21534 0.24634 0.16649 -0.04105 -0.23450 -0.27363 0.26043 0.09040 -0.25321 -0.04610 0.02138 0.28286 0.22902 -0.38564 0.08281
-0.25432 0.14369 -0.32404 0.12341 0.19430 0.09668 0.19110 0.06904 -0.37449 -0.04056 0.28383 0.20054 -0.09724 -0.36609 0.12398 0.00799 -0.08797 -0.19072 0.20130 -0.01261 0.04506 -0.24071 0.09974 -0.29294 0.01297 0.11847 0.42712 0.17786 0.07757 -0.16308 0.36437 0.36892 -0.37880 -0.33074 -0.01163 -0.21688 -0.44314 0.28106 -0.12309 0.31091
-0.04934 -0.11221 -0.27894 0.34462 0.33153 -0.18534 0.01330 -0.11299 0.20073 -0.13151 0.12543 -0.15416 -0.41218 0.25077 0.24757 0.21001 0.31864 0.25814 0.18992 -0.00851 0.05201 0.15736 0.31712 -0.24611 -0.05549 0.08814 -0.15864 -0.20902 -0.21313 0.23451 0.05614 0.03887 -0.14533 -0.23476 -0.27432 0.18127 0.03906 -0.22153 0.22840 0.29747
0.23520 -0.32851 0.24028 -0.02904 0.46493 0.09179 -0.01883 -0.39008 0.22308 -0.05603 -0.06194 -0.02677 -0.10163 -0.18058 -0.34984 0.17240 -0.03087 -0.24435 -0.40119 -0.09820 -0.23718 -0.39966 -0.02076 -0.29685 -0.18831 -0.03117 0.16281 -0.01247 -0.04063 0.02990 -0.05802 -0.00177 0.17181 0.16246 -0.38052 0.11799 0.33892 0.20281 -0.41836 -0.16080
-0.32275 -0.27044 0.16003 -0.36332 0.23839 -0.01831 -0.05493 -0.17744 -0.24310 0.41503 -0.30529 -0.27942 -0.32838 0.34408 -0.08618 0.35899 0.39355 0.18072 0.09632 -0.36324 0.11762 0.09537 -0.16009 -0.31794 -0.23242 -0.33035 -0.11759 -0.13379 -0.36962 -0.08887 0.13390 -0.08565 0.29683 -0.05418 -0.20064 -0.32161 -0.06870 0.37023 -0.22722 -0.08957
-0.03156 0.22590 -0.00397 -0.20593 -0.40325 -0.12100 0.22468 -0.07238 0.03983 0.03112 0.19979 -0.04819 -0.12552 0.02784 -0.36223 -0.19038 0.07834 -0.03403 -0.06703 -0.03298 -0.10901 0.34694 -0.23199 -0.09472 -0.09649 0.10805 0.29520 -0.23199 -0.11052 -0.26407 0.11530 -0.22242 -0.05381 -0.22396 -0.13876 0.00062 0.12173 0.24849 -0.04799 0.03660
0.42410 0.15765 -0.08641 -0.23867 0.09568 0.05517 -0.15570 -0.14123 0.12802 0.07254 0.13455 -0.21184 -0.17697 0.24904 0.11410 -0.43603 0.10506 0.29388 0.06561 0.17165 0.24851 -0.33850 -0.39800 -0.39903 0.42339 0.16064 0.21186 0.36023 -0.10909 0.19310 0.23078 -0.22723 0.29278 0.27144 -0.28407 0.17029 0.06166 0.05179 0.03988 0.23922
-0.29757 -0.19469 0.35125 0.11663 0.01827 0.20945 -0.03905 0.19600 0.00154 -0.08137 -0.23176 -0.03854 -0.25904 0.03943 -0.25722 -0.15443 0.11696 -0.06158 -0.09345 -0.12617 0.19059 -0.30396 0.05757 0.00247 -0.05509 -0.40672 0.11851 0.08513 0.01792 0.08777 0.13401 0.31516 0.15432 0.13766 -0.25825 0.11598 0.25931 -0.05162 0.27858 -0.26041
-0.09480 0.42879 0.21028 -0.09586 -0.02022 -0.09973 0.16480 -0.30776 -0.09921 -0.39304 -0.31900 -0.30471 0.01765 -0.40224 0.24999 -0.07031 -0.11452 0.18066 -0.07636 0.10121 -0.16022 0.26420 0.25904 0.35806 -0.09394 0.13750 -0.39706 0.09729 0.17573 0.43402 -0.09243 -0.20051 -0.23191 -0.23541 -0.29431 -0.26441 -0.08571 0.03357 0.12272 0.28268
-0.12250 -0.31399 -0.30178 -0.06131 0.38189 -0.25997 0.41373 -0.07167 0.17288 0.29618 0.06346 -0.01453 -0.15711 0.19769 0.15790 -0.33249 0.16813 0.25111 -0.35497 0.08628 0.36251 -0.06490 0.04499 -0.11342 -0.30202 -0.41185 0.03915 0.01537 -0.05431 0.02325 0.29541 -0.26037 0.01079 -0.14922 -0.23210 0.14269 -0.28866 0.29382 0.10934 -0.15749
-0.13438 0.29725 -0.16365 0.33348 -0.20139 -0.33340 0.04789 0.26844 0.37035 -0.22704 -0.19334 0.16896 -0.42941 0.42407 -0.00748 0.07729 0.14619 -0.09036 -0.25950 0.15485 0.05494 -0.18292 0.07499 -0.34243 -0.09043 -0.14245 -0.33017 0.26293 -0.18706 -0.16232 0.18466 0.08033 0.18146 -0.13700 -0.02117 -0.14348 0.35101 -0.22780 -0.10266 0.17922
-0.14440 0.26147 -0.08236 -0.33511 -0.32559 0.43944 -0.13853 0.34908 0.17626 0.42926 0.38977 0.38074 -0.34608 -0.15218 -0.40392 0.01242 -0.32188 0.07959 0.43033 0.18311 -0.13695 0.30919 -0.20492 -0.04877 0.03393 0.24513 -0.21916 0.37842 -0.12813 -0.09774 -0.32278 -0.09915 0.39319 0.29364 0.35989 0.26001 0.01744 -0.29253 -0.46750 0.04047
-0.44553 -0.27318 -0.33169 -0.46477 0.08350 0.20443 -0.32272 0.00510 0.19174 -0.16447 -0.41976 0.13414 -0.32733 0.00034 0.11060 -0.25753 -0.04559 0.18666 -0.28923 -0.10437 0.32650 0.22513 0.06649 -0.22192 0.24008 -0.39573 0.22000 -0.22470 -0.21785 -0.05477 -0.20681 -0.19689 -0.06984 -0.43281 -0.15210 -0.26442 0.40416 -0.11626 -0.04448 -0.40059
0.19647 0.34974 -0.05059 0.29082 -0.14799 0.30055 -0.39896 -0.18740 -0.33800 -0.21442 -0.05546 -0.15601 0.01794 -0.31231 0.00489 0.19545 -0.24888 0.10670 -0.03442 0.41062 0.03690 -0.16266 -0.46494 -0.05311 0.03388 0.20227 -0.02013 -0.05313 0.19359 0.04496 -0.39451 -0.38746 0.21454 -0.40763 -0.10133 0.07630 -0.20563 -0.06516 0.27118 0.39050
0.02055 -0.26723 0.18304 -0.42263 0.25704 -0.04357 0.30943 0.14617 -0.22147 -0.38661 0.17617 0.23223 0.29057 -0.03294 -0.08066 -0.39120 -0.31674 0.09604 -0.30131 -0.36136 0.21001 -0.14238 -0.35181 0.30739 0.29716 -0.06122 0.05037 0.17872 -0.04799 -0.31363 -0.27507 -0.21174 -0.25316 0.29455 -0.10450 0.31636 0.21261 0.20164 -0.01816 -0.07792
-0.33825 0.13148 -0.37960 0.33864 -0.08278 -0.17136 -0.18737 0.11211 -0.35787 0.37040 -0.18936 -0.22282 0.42068 0.34711 0.20808 0.09747 0.31972 -0.37167 -0.06014 0.41372 -0.23694 0.38098 -0.19585 -0.10369 0.23355 -0.16258 -0.36178 -0.05398 0.07440 -0.37492 -0.07635 0.04164 0.27342 -0.23926 0.38706 -0.37419 -0.16443 -0.11236 -0.27421 -0.15523
0.38412 0.17447 0.11031 0.20743 -0.24661 0.21593 -0.20069 0.08257 0.17911 0.31165 -0.01803 0.24270 0.38168 0.29478 -0.00058 -0.23731 -0.19370 -0.24544 -0.36290 -0.04642 0.00828 0.16199 0.27530 -0.09372 0.26866 0.15443 -0.24089 -0.24580 0.02132 -0.17236 -0.09665 -0.13820 -0.26565 -0.19868 0.36041 0.23143 -0.34811 -0.25157 0.28369 0.11001
0.39806 -0.16876 0.39688 0.02442 0.11267 0.11376 -0.15688 -0.04322 -0.14519 0.25762 0.10271 0.42783 0.14647 0.10899 0.05387 0.17569 -0.30877 -0.23184 -0.34835 -0.07622 0.31579 -0.08532 -0.10655 -0.22626 0.25330 -0.03616 -0.10404 -0.33259 -0.06134 0.01862 -0.27265 0.14145 -0.01148 0.11100 0.45870 0.19101 -0.30171 -0.01266 0.11913 0.06358
-0.33541 0.20867 -0.33686 0.18152 0.08112 0.33303 0.21909 0.34125 0.34351 0.24347 0.23580 -0.00297 -0.23925 0.43001 -0.04781 -0.03570 -0.13260 0.24981 0.38402 0.11572 -0.18677 -0.01274 0.03633 -0.34139 0.30096 -0.05724 -0.36288 -0.03529 -0.16131 0.18492 -0.20176 0.08402 0.45461 -0.17963 0.00691 0.39936 0.39970 -0.14348 0.02457 0.10378
0.15119 -0.41485 -0.22494 -0.34973 0.18931 -0.34358 -0.27869 -0.16404 -0.08866 0.08520 -0.18915 0.14522 -0.09763 -0.32744 0.04909 0.23393 -0.31867 -0.14523 0.19990 -0.30831 -0.17714 -0.32941 0.36686 0.13718 -0.34504 -0.34638 -0.39356 -0.07045 0.01411 -0.08275 0.36541 0.33914 -0.28465 0.15267 0.02765 -0.01471 -0.02620 -0.44985 -0.32054 0.33612
-0.12241 0.18916 -0.27914 0.12384 -0.21880 -0.18154 0.28273 -0.14398 0.31762 0.44775 0.13740 -0.25559 0.13969 0.21130 0.12646 0.33197 -0.04905 0.34244 0.26307 0.30472 0.05992 -0.06782 0.20039 -0.32247 -0.45402 -0.27365 0.07855 -0.08345 0.19834 0.09668 0.24436 -0.12331 0.04789 -0.08697 0.22013 -0.34304 0.46610 -0.17521 0.00130 -0.13382
-0.02540 -0.10229 -0.33497 -0.44698 -0.22373 -0.06838 0.20923 0.22066 0.39126 0.08273 -0.34958 -0.15363 -0.26924 0.02856 -0.43020 -0.36972 -0.10059 0.35023 -0.39780 0.19245 -0.09694 -0.09649 0.01039 -0.19582 -0.01824 0.11576 -0.19954 -0.11143 -0.15293 0.24859 0.14175 -0.05944 -0.28721 0.40034 -0.00798 -0.19661 0.13428 0.35456 -0.21056 -0.27494
0.21478 0.11454 -0.04114 0.35318 0.12217 0.22655 -0.06786 0.31141 -0.01369 -0.03583 -0.38180 0.21773 0.06948 0.25890 -0.32347 0.02998 -0.30450 -0.03032 -0.19304 0.43226 0.11264 -0.12752 0.35152 -0.31506 -0.16141 -0.09486 -0.14410 -0.00695 0.18136 -0.03592 -0.21037 0.40042 0.00095 0.14441 -0.32029 -0.42615 0.31511 0.20303 -0.07526 0.28484
0.12402 -0.09779 0.25260 -0.13045 0.23619 0.33346 0.14090 0.04388 0.13206 -0.25806 0.04008 -0.08370 0.26078 -0.02267 -0.22730 0.31116 -0.01390 -0.09460 0.12716 -0.30318 -0.08230 -0.06971 -0.34042 0.15984 -0.26047 0.30345 0.03438 -0.05401 -0.01284 -0.27309 -0.03291 0.03093 -0.19619 -0.22684 -0.14854 0.07853 -0.20769 0.23883 -0.13145 0.35703
-0.10465 0.13895 -0.22332 0.24931 0.10817 -0.19290 0.22736 0.34016 -0.28851 -0.27166 0.06881 -0.03593 0.12001 0.07730 0.43945 0.23635 -0.10487 -0.36310 -0.25984 -0.34852 0.35458 -0.21801 -0.41181 0.14412 -0.30306 0.05757 -0.10494 -0.02719 0.13976 -0.13248 -0.16231 -0.18243 0.19150 0.17313 -0.10245 -0.01943 -0.21205 -0.28393 -0.16641 0.12601
-0.20134 0.07365 0.11364 -0.21321 0.21743 0.01418 0.15284 0.31425 0.02119 -0.06357 0.02349 -0.09585 0.01571 0.30052 0.36615 0.41092 -0.35189 0.14620 -0.32401 -0.14602 -0.03784 0.36589 -0.12847 0.04189 0.23406 -0.13587 0.32414 0.27924 -0.30629 -0.02988 0.02867 0.26053 -0.14580 -0.29022 -0.25141 0.09250 -0.24571 -0.02161 0.29304 -0.04654
0.01189 -0.16077 0.00376 0.23692 0.35535 0.07837 -0.04027 0.22109 -0.27838 0.15099 -0.19829 0.34928 0.12790 0.03467 0.23579 0.09494 0.37990 0.06774 -0.17102 0.32455 0.32390 -0.18791 0.14231 -0.17484 -0.09294 0.10957 -0.22851 0.01158 -0.02911 0.14202 0.28215 -0.44519 0.35148 -0.09178 -0.11349 -0.17575 -0.25673 0.03696 0.24139 -0.20853
-0.22836 -0.05966 0.18348 -0.01712 0.41040 -0.27254 -0.15765 0.00937 -0.25168 -0.18501 0.13421 -0.03429 -0.18916 0.03725 -0.27403 0.35217 -0.16256 -0.05932 0.03341 0.18326 -0.19159 -0.21699 0.11244 -0.27576 -0.15789 0.20344 -0.07120 -0.11971 -0.27614 -0.23160 -0.47180 -0.17039 -0.02031 -0.10434 -0.29624 -0.07059 0.11603 -0.10478 -0.02191 -0.15767
0.41260 0.02272 0.17395 -0.01902 -0.36726 0.39276 -0.15633 0.31025 0.24736 0.00027 -0.06916 -0.23348 0.29928 -0.00913 0.27150 -0.04121 0.10835 0.18077 0.36231 0.28631 -0.02445 0.03372 -0.21309 -0.08991 0.10667 0.24338 0.03308 0.01420 0.24388 -0.44425 0.25409 0.27840 0.07071 0.16441 -0.06180 -0.04465 -0.02285 -0.04208 -0.20231 0.22319
-0.25797 0.23773 0.28826 -0.08513 -0.05089 0.36683 -0.34993 0.14912 -0.22295 -0.21485 0.41214 -0.02071 -0.34641 -0.43195 0.00532 0.05191 -0.19535 0.23039 -0.46147 0.08934 0.37584 0.19576 0.36917 -0.32672 -0.16085 -0.11565 -0.06951 0.35526 0.06882 0.27364 0.00381 -0.17296 0.26146 0.00180 -0.17988 0.27762 -0.32528 -0.45596 0.38999 0.28976
0.29742 -0.19662 0.32718 -0.41990 0.18166 -0.17774 0.13105 -0.11041 0.14760 -0.06273 0.06605 -0.07603 0.01111 0.04951 0.36957 -0.21895 0.10981 -0.11191 -0.08928 0.07863 -0.34263 -0.31330 0.05181 -0.19281 0.23287 -0.04398 0.32496 -0.08563 0.19717 0.22495 -0.11139 -0.05590 0.16940 -0.24884 0.11557 0.17405 -0.12636 -0.10983 0.27077 -0.18275
0.05171 -0.36053 -0.17005 0.07621 0.45998 -0.20776 0.19138 -0.22690 0.14121 -0.11283 -0.19485 0.01109 -0.13338 -0.14451 -0.38331 0.03147 0.02792 0.06064 -0.15183 -0.11367 0.12568 -0.47596 0.13383 -0.11147 0.22494 0.22553 -0.24105 -0.26831 -0.18790 -0.19336 -0.23318 -0.25348 0.11511 -0.13184 -0.42314 0.16921 0.00377 -0.04938 -0.50536 0.00476
0.22422 -0.17722 0.28319 0.23000 0.38276 -0.21135 -0.16966 0.06687 0.19626 0.12062 0.01804 -0.10525 0.07569 -0.25262 -0.31224 -0.04195 -0.19642 -0.05166 0.03663 0.16337 -0.14080 0.11312 0.17999 -0.22832 0.13965 0.28839 0.37113 -0.27013 0.08212 0.24635 -0.03253 0.03488 -0.12295 0.46532 0.43345 -0.15372 -0.26868 0.21518 0.12939 0.19288
0.24135 0.05339 -0.06587 -0.07465 0.01818 0.23703 -0.07886 0.13516 0.08307 -0.27240 -0.03294 0.34862 -0.05205 0.23937 -0.01411 0.30851 -0.08769 -0.01172 0.24346 0.42663 -0.04002 0.06880 -0.15413 0.13049 -0.08400 0.00887 -0.21504 -0.01125 0.14323 -0.04027 0.03655 -0.43326 0.33954 0.43039 0.02750 0.26310 0.36200 -0.00332 -0.30759 -0.10342
-0.11562 -0.14598 0.12062 0.19411 -0.00865 -0.32540 -0.19923 0.01280 -0.15752 -0.19777 -0.09035 0.08785 0.01855 0.11436 -0.01989 0.24568 -0.11957 -0.21356 -0.36855 -0.15935 0.07591 0.42976 -0.02830 0.24506 -0.04062 0.08079 0.33941 0.12383 -0.02564 0.02412 -0.25339 0.12163 0.05092 0.28699 0.13172 -0.09862 0.08405 0.21683 -0.37752 0.25307
0.32216 -0.09792 0.20967 0.07233 -0.43426 0.01488 0.23834 -0.33975 0.46908 -0.19541 -0.23445 -0.11820 -0.06464 0.11649 0.01403 0.45622 0.18742 0.25088 -0.18209 0.30048 -0.44379 0.12139 0.02851 0.03166 -0.01138 -0.25510 0.38263 0.21754 0.06748 0.10053 0.35580 0.23785 0.32483 -0.21021 0.13151 0.19775 -0.07034 -0.31472 0.15133 -0.25489
-0.18858 0.06252 0.10609 0.11822 0.05882 -0.46685 0.04586 -0.45454 0.20188 0.40234 0.20724 -0.32326 0.30456 0.17080 0.06583 0.39488 0.14234 -0.11226 0.41093 -0.00767 -0.40457 -0.04863 -0.40815 0.37696 -0.29840 -0.09386 0.11238 -0.07213 0.37977 0.01123 -0.08856 0.18548 0.14244 0.00991 -0.21260 -0.01895 0.17994 0.36744 -0.07775 0.24189
0.18482 -0.08679 -0.07788 -0.08544 0.10437 0.02625 0.30429 -0.26694 0.05806 0.19304 -0.01309 0.08158 0.06638 -0.18817 -0.15236 -0.11340 0.03834 -0.22336 -0.05901 0.02311 -0.06709 0.00081 -0.14364 0.24867 0.16602 0.04806 0.01897 -0.33936 0.02998 -0.27673 0.31234 -0.07454 0.08934 0.02125 -0.18007 0.07755 -0.08098 -0.15737 -0.36693 -0.32512
0.09151 -0.01760 -0.33837 0.19545 -0.15272 -0.07685 0.11643 0.12120 0.43070 -0.31712 0.38682 -0.04605 -0.01897 -0.32540 -0.22786 -0.30432 0.06216 0.24572 -0.14465 -0.04945 -0.42367 -0.27071 0.29357 0.30449 -0.39541 -0.02191 -0.10940 0.25443 -0.12190 -0.45401 0.02964 -0.19854 0.23405 -0.20518 0.02905 0.39142 -0.43075 -0.46594 0.20647 -0.22553
0.43797 -0.20728 -0.03154 -0.03535 0.36578 -0.24543 -0.25233 0.03377 -0.11640 0.05461 0.24673 0.29874 -0.27588 -0.11454 -0.34429 0.09265 -0.43814 0.26580 -0.02068 -0.22277 0.14882 0.28759 -0.21289 0.44308 0.09644 0.08622 0.06244 -0.29069 0.04708 -0.35296 -0.25168 -0.25129 0.44730 -0.01800 0.32465 -0.18804 0.37811 -0.04524 0.18049 0.34996
-0.29460 -0.19297 0.28273 -0.01811 0.30632 -0.37763 0.15157 0.13520 0.14247 -0.12261 -0.11804 -0.14593 -0.25021 -0.33676 -0.26441 0.22290 0.01516 0.15154 0.36206 -0.15729 0.26730 0.05420 -0.05104 -0.46992 -0.09861 -0.10427 -0.20494 0.10964 -0.20820 -0.29028 -0.18604 -0.47817 0.02517 0.28992 0.02481 -0.31969 -0.17801 -0.08377 0.34117 -0.29929
-0.18563 -0.25510 -0.04292 -0.00764 0.24617 0.28937 -0.20919 0.20834 0.24636 0.14670 -0.17326 -0.36537 0.11638 -0.36602 0.14782 -0.09210 0.26990 -0.11706 0.03334 0.22787 -0.20887 -0.18056 -0.30144 -0.28110 -0.14597 -0.05153 -0.11083 0.04245 0.05992 0.06680 -0.19105 0.04366 -0.34177 0.27249 -0.16805 -0.06368 0.12936 -0.15760 -0.16739 0.09587
-0.26544 -0.03581 -0.22581 0.05084 -0.32266 -0.18920 0.22657 -0.37019 -0.08548 -0.10038 0.21560 0.14218 0.24105 0.24232 0.02406 0.06771 -0.28653 0.33538 -0.30508 0.20599 -0.19656 -0.29414 -0.30288 -0.02477 -0.01873 0.06392 0.32440 0.06709 -0.25160 -0.00533 -0.34679 0.18117 -0.24368 -0.37307 0.13608 0.14240 -0.26157 -0.03744 0.17731 0.01632
-0.36488 -0.30476 -0.14332 -0.26828 0.07255 0.18958 0.06679 -0.18002 0.44888 0.29646 -0.02689 -0.37039 -0.19388 -0.37173 0.21015 0.41464 -0.27646 -0.34217 0.19643 -0.36232 -0.34788 0.13207 0.21300 -0.24979 -0.05581 0.12728 0.19046 -0.26234 -0.30920 -0.37971 0.02954 0.06332 0.08729 -0.24341 0.17204 -0.29954 0.20414 -0.10402 0.42579 -0.33997
-0.02085 0.17956 -0.07579 0.47265 -0.02957 0.12897 0.11097 -0.05442 0.46972 -0.18980 -0.04873 0.18291 0.02241 -0.24058 -0.11838 0.12579 -0.28859 0.29115 0.33184 -0.18127 -0.11156 0.24831 0.10735 -0.41732 -0.05758 0.06810 -0.11148 0.04963 -0.19113 -0.31281 -0.19967 -0.00632 0.10124 -0.00819 -0.37619 -0.33677 0.04696 0.10755 0.04590 -0.29256
-0.21673 0.16667 0.01073 0.37232 0.18027 -0.29261 0.26930 0.26082 0.35522 -0.42118 0.30185 -0.27496 0.32596 -0.31075 0.21996 0.13601 -0.07020 0.06000 0.32187 0.01515 0.17109 0.02275 -0.24520 -0.35312 -0.41553 0.15442 -0.33537 0.23459 -0.19639 0.20904 0.00850 0.33057 -0.19442 0.34434 -0.26067 0.14255 0.11865 0.16786 -0.02486 -0.05042
-0.40253 0.02594 -0.05453 -0.25324 -0.03374 -0.35269 0.37532 0.39379 0.08615 0.54876 -0.24546 -0.00493 0.21013 0.11323 -0.01319 -0.29613 0.02470 -0.04729 0.08965 0.38599 0.25682 0.09741 0.35322 -0.34942 0.04994 0.48237 0.22197 0.04886 -0.27729 0.22144 0.12043 -0.41344 -0.10885 0.29323 -0.36597 0.28778 0.27230 0.29739 -0.17799 -0.35663
0.20888 0.34298 -0.14584 0.27485 0.09845 0.01767 -0.41791 0.31531 -0.17084 0.24268 0.16058 0.13380 0.20932 -0.29736 -0.30377 0.27014 0.22693 0.31904 0.04792 0.10800 -0.02277 0.29347 -0.01991 0.04243 -0.16863 -0.03639 0.19545 0.09675 0.14837 0.20079 0.17914 -0.31449 0.22594 -0.04205 0.22604 -0.30950 0.00303 -0.11005 0.00671 -0.08979
0.08952 0.00926 0.40794 0.07006 0.01110 0.03558 -0.36482 -0.34199 -0.09711 0.11886 0.02049 0.26189 0.28229 0.29997 -0.24824 -0.20392 -0.14363 0.38701 -0.10809 -0.05639 0.34090 0.13597 0.20461 -0.42315 -0.22545 -0.07279 0.17762 -0.34625 0.07038 0.02807 0.21661 0.08580 -0.23427 0.33519 0.02002 0.27268 -0.39475 -0.25528 -0.04906 0.24028
-0.32821 0.22784 -0.35256 0.14794 -0.26094 0.38187 0.06557 -0.40395 0.31069 -0.05058 0.18616 -0.42451 -0.34925 -0.11993 0.24820 0.10351 -0.33994 0.35636 -0.23334 -0.10975 -0.28121 0.16558 0.14309 -0.27708 0.03022 -0.36513 -0.40016 0.32367 -0.48416 -0.16425 -0.06269 0.13817 -0.05880 0.33580 0.07446 0.21282 0.39337 0.10159 -0.11249 0.31401
-0.27624 -0.00957 0.19508 0.15050 0.22463 0.30213 -0.26549 -0.37283 -0.37652 -0.18206 0.13427 0.24953 -0.17634 0.41168 0.32848 -0.02965 0.15267 0.35938 0.10724 0.19593 -0.04185 -0.28382 0.00703 -0.36058 0.32321 -0.19501 0.12425 -0.18044 0.14068 -0.03823 0.14072 0.00374 -0.18648 0.44029 -0.02188 -0.01134 -0.28159 -0.42242 -0.13877 0.24633
-0.36578 0.15113 -0.21363 0.22811 0.07841 -0.09551 0.17262 0.08468 0.05254 -0.13151 0.32956 0.03942 -0.28051 -0.06431 0.17179 -0.25464 -0.21253 -0.12934 -0.18760 0.00551 -0.15676 0.44200 -0.14129 -0.40308 -0.28327 0.07966 -0.32382 0.27143 0.27518 -0.16995 0.00706 0.23783 -0.32124 0.21056 -0.17204 0.01900 0.08443 -0.00631 0.01947 -0.30524
-0.14709 0.23149 -0.02631 0.28352 -0.32850 0.30279 -0.05287 -0.02784 0.15002 -0.27490 0.01438 0.24191 0.16107 -0.38648 -0.40559 -0.18561 0.13602 -0.01988 0.16809 -0.27521 0.09952 0.20740 0.04427 0.05948 -0.08800 -0.35925 -0.12880 -0.17325 -0.28608 -0.17882 0.34768 -0.07670 -0.09098 0.31637 -0.28588 -0.24397 0.14000 -0.20819 -0.10398 0.06866
