-0.14830 -0.09540 -0.08901 -0.12888 0.21382 0.03901 -0.14279 0.02212 -0.03906 0.01363 0.24602 0.04615 -0.02409 0.18062 -0.11752 -0.19982 0.22238 -0.19044 0.31921 -0.07245 -0.09154 -0.02472 0.07127 0.05446 0.31821 -0.06144 0.06772 -0.26978 0.13075 0.11297 0.07902 -0.42125 -0.04382 0.01470 -0.11025 -0.08704 -0.02128 0.04676 0.13292 0.14879
-0.02380 -0.08590 0.24013 -0.11293 -0.05574 -0.04138 0.18780 -0.11578 0.08327 -0.13119 -0.06364 -0.06073 0.18682 -0.00475 0.04806 -0.32057 0.16856 -0.15748 0.20231 0.23433 0.01117 0.02284 -0.03525 0.09671 0.08867 0.07365 -0.12095 0.03528 0.01504 0.14457 0.15369 -0.28907 0.18010 -0.03480 -0.06845 -0.20392 0.04575 -0.18795 0.12763 -0.22549
0.09101 0.05229 -0.00414 -0.08359 -0.22018 -0.10310 -0.10730 0.09109 -0.00944 -0.03350 -0.00776 0.01249 -0.28743 0.03895 -0.00452 0.19110 -0.03372 0.09953 -0.11337 -0.15124 -0.14309 0.17230 0.03574 0.12361 -0.05283 0.08476 0.07699 -0.03888 -0.12568 -0.13386 0.04491 0.20664 -0.03397 -0.06196 0.10518 0.03833 -0.15669 0.05271 -0.01953 0.00232
0.04047 0.08489 -0.12080 -0.11875 -0.20927 -0.15974 -0.20032 -0.13354 -0.06193 -0.05423 -0.07832 0.08538 -0.03691 -0.03146 -0.07950 0.31844 0.11339 0.06155 -0.17292 -0.09513 0.18682 0.15414 0.13066 0.11729 -0.12607 0.16565 0.07882 -0.10903 -0.10136 -0.22416 0.09863 0.20591 -0.11435 -0.04516 -0.16002 0.00063 -0.07058 0.02533 -0.15082 0.01347
0.06082 -0.01935 0.30848 -0.14296 -0.09585 -0.04269 -0.14132 0.09877 0.00962 -0.07558 -0.16139 -0.14853 -0.36224 0.24463 0.05405 -0.06159 -0.10068 -0.06160 -0.13099 -0.07096 -0.08341 0.07693 0.09117 -0.04039 -0.09738 0.13731 0.17038 -0.01994 -0.16979 -0.19374 -0.07978 0.25441 -0.06477 0.06933 0.02891 -0.01978 -0.15641 0.13212 0.09209 -0.13606
0.18952 -0.04795 -0.18093 0.31695 -0.14279 -0.08497 -0.07956 -0.04044 -0.04761 0.28554 -0.14740 -0.11555 0.00414 -0.04037 0.10137 -0.38277 -0.01529 0.01780 0.08365 -0.11209 0.10333 -0.09650 -0.15479 0.05848 0.11957 -0.21121 -0.17650 0.05835 -0.26278 0.14172 -0.02408 0.12603 0.05837 -0.15109 0.12220 -0.02900 0.18038 -0.26725 0.02487 -0.25282
-0.04584 0.10821 0.04748 -0.05467 -0.11961 -0.17811 0.02232 0.09227 0.12111 -0.26108 -0.11344 -0.07337 -0.14055 0.05547 -0.21862 0.18047 0.10441 0.27054 -0.07612 0.12781 0.07829 -0.00840 -0.10375 -0.07250 -0.22646 -0.19435 0.30132 -0.22020 -0.08870 -0.25060 -0.02049 0.12559 -0.08619 -0.08169 0.17674 0.12721 -0.21460 -0.16706 -0.10131 0.18329
0.09326 0.11493 0.01709 0.07281 -0.12541 0.13762 -0.23745 -0.09808 0.03397 0.00384 -0.10626 -0.02209 -0.21483 0.07991 0.03139 0.23016 0.09865 0.02327 -0.24195 0.02888 0.13283 0.23765 0.14133 -0.01089 -0.10619 0.01941 0.09452 -0.12116 -0.06596 0.04231 -0.09659 0.33388 -0.00336 -0.27112 -0.05698 0.13313 -0.05555 0.13312 -0.05980 -0.04641
0.06594 0.05165 0.05209 -0.07745 -0.19635 -0.05226 -0.21819 -0.07930 0.05640 0.02748 -0.01238 -0.09759 -0.19619 0.02110 -0.10887 0.20879 -0.03104 0.10488 -0.11685 0.11191 -0.00216 0.00729 0.07975 0.00831 -0.14092 0.04101 0.17055 -0.01066 0.00809 0.01413 -0.00298 0.13567 -0.08550 -0.01285 -0.05058 0.09855 -0.02523 -0.08529 -0.18562 -0.02313
0.12852 0.00573 0.03781 -0.10739 -0.23321 -0.01862 -0.10577 -0.06997 0.10601 -0.08318 -0.13303 -0.01422 -0.06254 0.00112 -0.07387 0.20652 0.12704 -0.02219 -0.20952 0.07407 0.02101 0.19294 0.02189 0.01499 -0.02720 0.05414 0.12550 0.04487 0.00988 -0.23955 -0.02325 0.24404 -0.10712 -0.07700 0.00087 0.04225 -0.28488 0.11805 -0.16466 0.10272
0.04615 0.15393 0.10250 -0.13125 -0.02818 0.05695 -0.17828 -0.05285 0.03124 -0.11630 -0.02403 0.04946 -0.15023 0.02499 -0.11198 0.23474 0.00625 0.15986 -0.10183 -0.01667 0.11914 0.06136 0.07092 0.04540 -0.10430 -0.06838 0.12883 -0.05597 0.00690 -0.10524 0.08099 0.05753 -0.22753 -0.09656 0.08771 0.04366 -0.13215 -0.07570 -0.10352 0.09016
0.19468 0.06921 0.04036 -0.19603 -0.17313 0.19377 -0.18882 -0.03181 -0.21293 -0.02996 -0.15012 -0.01770 -0.27011 0.13232 -0.14478 0.25142 0.04881 0.16227 -0.24246 0.00549 0.16132 0.22920 0.18424 0.00548 0.05874 0.05582 0.13625 -0.20008 -0.10438 -0.14448 0.20738 0.29093 -0.30166 -0.03232 -0.07916 0.00804 0.16021 -0.10519 -0.18498 -0.26384
0.06606 0.21652 0.07539 0.06782 -0.30390 -0.16832 -0.19012 -0.11791 0.19553 -0.08803 -0.08013 0.02212 -0.13267 -0.05198 0.08832 0.12456 0.03806 0.11285 0.00970 0.02483 -0.14989 0.26093 0.02140 0.09947 -0.09157 0.01176 0.06065 0.02270 0.01964 -0.00908 -0.07644 0.22460 -0.15713 -0.27747 -0.01777 0.08757 -0.14369 0.03543 -0.00874 0.05361
-0.07635 0.00828 0.04384 -0.10428 0.05707 -0.05548 -0.15709 -0.07096 -0.04087 -0.00136 -0.04357 -0.09999 -0.22938 -0.03187 -0.30832 0.17023 -0.02190 0.17275 -0.09432 0.07311 -0.01538 0.07593 0.13862 -0.01037 -0.08150 0.17140 0.13832 -0.12707 0.02665 0.03727 0.18318 0.06307 -0.13683 -0.08623 -0.06853 0.01591 -0.04004 0.01779 -0.15360 -0.01311
0.03573 0.07058 -0.04232 -0.12321 -0.19632 -0.06728 -0.12906 -0.08663 0.11199 -0.15413 -0.06315 0.01750 -0.15413 -0.02638 -0.11839 0.22436 0.00739 0.20937 0.06723 -0.02213 -0.14128 0.16079 0.12668 -0.03223 -0.17951 -0.11056 0.05454 0.06887 -0.09160 0.00238 -0.05745 0.13584 -0.02864 -0.15781 0.00245 0.01731 -0.12641 0.08768 -0.05800 -0.03683
0.09169 0.01854 0.20574 -0.13773 -0.19660 0.04182 -0.07234 -0.10498 -0.06153 -0.22603 0.01037 -0.02006 -0.13979 0.09108 -0.09581 0.28107 0.09811 0.16178 -0.12158 -0.06522 -0.05445 -0.02213 0.10278 -0.08881 -0.04228 -0.09347 0.09103 -0.08350 0.00937 -0.07915 0.04214 0.21313 -0.11650 -0.16574 -0.07081 0.03662 -0.11663 -0.08716 0.03827 -0.01335
0.01899 0.18463 0.13897 -0.26475 -0.11759 0.00020 -0.22147 -0.09631 -0.08964 -0.04411 -0.16896 0.00672 -0.18017 0.01930 -0.10121 0.13248 -0.11517 -0.01267 -0.17354 -0.07462 0.00749 0.23374 0.12510 0.05415 -0.04143 -0.05182 0.21749 0.10522 -0.00788 -0.09507 -0.09366 0.14262 -0.13649 -0.07296 -0.08399 0.00388 -0.30792 0.01256 -0.09628 0.02211
0.06711 -0.05625 0.08716 -0.13412 -0.18633 0.05521 -0.28078 0.05935 0.07277 -0.04866 -0.09377 0.04007 -0.28282 0.10016 -0.01285 0.23344 -0.01321 0.18985 -0.17027 0.00030 -0.12197 0.04954 -0.10447 0.02998 -0.10254 -0.11391 0.20245 -0.07396 -0.04742 -0.18674 0.01673 0.26878 -0.18537 -0.08432 -0.07610 0.00071 -0.11253 0.13220 -0.09868 0.20696
0.20656 -0.01384 -0.13612 0.07983 -0.07696 0.16727 0.06200 -0.06397 0.09190 -0.01543 0.11522 -0.05132 0.02152 -0.06674 -0.17753 0.17866 0.13437 0.12120 -0.08459 0.04328 0.07175 0.06723 0.10747 0.06854 -0.19414 -0.06608 0.05285 0.12195 -0.09827 -0.15560 0.11979 0.08660 -0.11624 -0.10126 -0.10448 0.30295 0.01925 0.08762 -0.00638 0.09767
0.00273 -0.25040 0.10911 0.15346 0.06731 -0.02938 0.21133 0.15861 -0.06242 0.04565 0.23548 0.02075 -0.10138 0.11369 0.03610 -0.04949 0.03264 0.01353 -0.22516 -0.25501 -0.13900 -0.07387 -0.01481 -0.00215 0.00128 -0.00345 0.09471 0.09341 0.03158 -0.28208 -0.00136 0.19618 -0.13871 0.16579 0.26482 0.10373 0.06010 -0.04264 0.20938 -0.12097
0.09084 -0.17454 -0.00872 -0.11456 -0.09863 0.01491 -0.17533 0.04675 -0.06577 0.17616 -0.24038 -0.02291 0.05986 -0.06219 0.08437 0.11967 -0.04219 -0.12525 0.01617 0.03895 -0.09093 0.04747 -0.15355 0.00829 -0.00154 0.12205 -0.05083 0.22494 -0.05521 -0.16493 -0.04757 -0.18416 0.05983 0.01219 0.00231 -0.07647 -0.21246 0.03520 0.06180 -0.12414
0.11307 0.18250 0.10402 -0.08293 -0.18506 -0.08364 -0.24478 0.01577 0.21836 -0.26976 -0.24882 0.02268 -0.17309 -0.15394 -0.10830 0.16349 0.05947 0.21115 -0.02491 -0.00944 -0.15651 0.01394 0.11342 0.02312 0.00967 0.07885 0.10021 -0.05524 -0.00975 -0.01283 -0.08866 0.27219 -0.10136 -0.21200 0.08627 -0.04154 -0.06877 0.18263 0.08175 0.03518
0.09123 -0.01914 0.07355 -0.08252 -0.17949 -0.08480 -0.09304 -0.09149 -0.00505 -0.01676 -0.08292 0.01996 -0.20592 -0.06353 0.07265 0.26407 -0.06808 0.13688 -0.22805 -0.11516 -0.11707 0.11336 -0.03549 0.04909 -0.12809 -0.03903 0.19253 0.12439 -0.06518 -0.27874 -0.16248 0.23521 -0.09204 -0.08059 0.10889 -0.09009 -0.10292 0.08582 0.04815 0.05990
0.26513 -0.10412 -0.09015 0.31214 -0.02599 -0.05969 -0.01277 -0.05769 -0.06101 0.22781 -0.10748 -0.17697 -0.02248 0.01971 0.10760 -0.36785 -0.06912 0.02768 0.07302 -0.04437 0.13414 -0.12030 -0.15748 0.04219 0.06680 -0.11647 -0.21254 0.09608 -0.19678 0.07364 -0.03261 0.10967 0.07757 -0.05384 0.20145 -0.04700 0.16213 -0.25768 0.00054 -0.30887
0.31594 0.29015 0.24675 0.01779 0.13883 -0.08203 -0.13042 -0.07167 -0.08744 -0.14898 0.17407 -0.02941 -0.29173 0.05073 0.17109 0.19608 -0.25858 0.05905 -0.00361 -0.13554 0.09689 0.01027 -0.02263 -0.14000 -0.19340 -0.04892 -0.04384 0.20113 0.10584 -0.15624 0.03258 0.27966 -0.06901 -0.13143 0.07797 0.03848 -0.25581 -0.18013 -0.22934 -0.14867
0.10816 0.05436 -0.08001 -0.17977 -0.15082 -0.01948 -0.16649 0.01952 0.08562 -0.03063 -0.08253 -0.01738 -0.10052 0.14473 -0.12039 0.34464 -0.05329 0.03902 -0.22974 -0.12105 -0.05834 0.20059 0.12230 0.20288 -0.07442 -0.04360 0.06425 0.03066 -0.15656 -0.21146 0.15755 0.13968 -0.05507 -0.08367 -0.00384 0.14910 -0.20877 0.18637 -0.04067 -0.00960
0.17265 0.14283 -0.01038 0.05498 -0.25585 0.03071 -0.21230 0.01903 -0.05469 0.05106 0.02453 0.09263 -0.26622 0.06750 -0.02633 0.22627 -0.04728 0.06048 -0.19286 -0.01817 0.14901 0.19345 -0.01738 0.01935 -0.10952 0.00364 0.13911 0.05227 -0.11324 -0.19758 0.06174 0.21052 -0.11488 -0.26268 -0.08452 0.07767 -0.18332 -0.08061 -0.19084 -0.03349
0.02911 -0.14475 0.05423 0.08351 0.26138 0.06732 0.17040 0.20245 -0.05590 0.12098 -0.04217 0.18497 0.18111 0.00108 0.05613 -0.27252 0.11103 -0.15726 -0.08729 0.12912 0.26204 -0.06289 0.20786 -0.04915 0.12474 0.05201 -0.27633 -0.20157 0.14721 0.12348 -0.06558 -0.09931 0.28087 0.02945 0.00961 0.08740 0.16211 -0.29150 -0.00539 -0.00193
0.07336 -0.09172 0.07066 -0.02321 0.24204 0.09355 0.04267 0.15200 -0.09320 0.13931 -0.13671 0.17899 0.16216 0.05898 0.04874 -0.24376 0.07516 -0.11479 -0.08122 0.09827 0.27312 0.05971 0.20770 0.00568 0.13511 0.00338 -0.22639 -0.14082 0.00047 0.06628 -0.06856 0.03983 0.33898 0.02494 0.00093 0.02377 0.04128 -0.25621 0.03675 0.01737
0.03972 -0.06311 0.08581 0.06314 0.29567 0.19408 0.10759 0.23100 -0.07403 0.14679 -0.09370 0.17952 0.25587 -0.01965 -0.00653 -0.31952 0.06864 -0.16357 -0.08869 0.09792 0.29037 -0.00276 0.23060 0.00161 0.11558 0.07855 -0.28663 -0.22057 0.03933 0.19235 -0.09892 -0.01261 0.40480 -0.01058 0.03502 0.06744 0.14307 -0.22666 -0.04267 0.01658
-0.09465 -0.26988 -0.04989 0.33351 0.05324 -0.09737 -0.03549 0.14483 -0.23739 0.04431 -0.08868 0.12286 -0.06453 -0.31607 -0.00549 -0.17052 -0.09388 -0.29684 -0.19969 0.07858 -0.27015 -0.01610 -0.28081 -0.31196 -0.07525 0.22258 -0.04493 0.06386 0.31316 0.05264 -0.17096 -0.34604 0.27605 -0.08598 0.16878 0.27509 -0.15649 0.19367 0.20382 0.27779
-0.02222 0.27388 -0.03911 -0.08914 -0.07602 0.00801 -0.18486 -0.13803 -0.15001 0.05598 -0.08221 -0.06700 -0.12665 0.06395 0.06649 0.03107 -0.08268 -0.04240 0.01425 -0.12575 -0.01482 0.19684 -0.06056 0.12241 0.15317 0.14547 0.13637 0.13642 -0.11028 0.04470 -0.06148 0.18048 -0.19557 -0.15405 -0.04918 0.06242 -0.13633 -0.09528 0.02325 0.17284
-0.19472 -0.13847 -0.18112 -0.12448 0.00430 0.01301 0.09502 -0.01682 -0.08208 0.13675 -0.07302 0.00714 0.19767 -0.00913 0.21343 0.06766 -0.19182 0.06463 0.15860 -0.08074 -0.28306 -0.03096 -0.33645 -0.12000 -0.16866 -0.22013 -0.05325 0.26549 -0.19323 0.06254 -0.08718 -0.19666 0.18716 0.16753 0.04676 -0.30273 0.25312 0.27900 0.22201 0.01378
-0.15811 -0.05414 -0.03132 -0.08912 0.30063 -0.00235 -0.09887 -0.03679 -0.01251 -0.00623 0.23841 -0.01983 -0.05224 0.19744 -0.13892 -0.25151 0.29901 -0.08806 0.30372 -0.02158 -0.15930 -0.04655 0.04378 0.00803 0.34270 0.03808 0.10589 -0.27703 0.17610 0.10772 0.08972 -0.41664 -0.08383 0.00522 -0.03675 -0.10639 -0.00054 0.10500 0.14955 0.23183
0.18486 0.17026 0.18579 0.08375 -0.11566 0.12701 -0.28368 -0.10036 0.03852 -0.06849 -0.17636 -0.02343 -0.13000 0.02921 0.07188 0.12070 -0.07669 0.06135 -0.14082 0.01154 -0.05036 0.28230 0.08177 0.02823 -0.29384 0.16576 0.12484 0.05655 -0.06682 -0.01145 -0.00032 0.15947 0.01857 -0.03550 0.08948 0.21482 -0.29209 0.06340 -0.10746 -0.14133
-0.09619 0.05697 -0.04096 0.19801 -0.07942 -0.06434 -0.09127 0.06358 -0.12092 0.06175 -0.08819 -0.23934 -0.09037 0.01186 -0.11343 -0.21875 0.12147 0.19599 0.01458 0.09431 0.14275 0.04284 -0.17310 0.21557 -0.10606 0.10213 -0.00084 0.08288 0.21110 0.09984 -0.26986 0.26690 -0.09621 0.18139 0.19879 0.23678 0.24735 0.11941 -0.12664 -0.21139
-0.15029 -0.07752 -0.12883 -0.11232 -0.01753 -0.02230 0.11604 0.01941 -0.08070 0.16329 -0.03893 0.01787 0.12628 -0.00990 0.23829 0.05048 -0.15549 -0.01521 0.10152 -0.09625 -0.27874 -0.06413 -0.26440 -0.11875 -0.12451 -0.18563 -0.05012 0.25300 -0.22030 0.01799 -0.11677 -0.14397 0.17748 0.12019 0.05761 -0.23779 0.18333 0.25365 0.20857 0.02434
-0.17795 -0.08812 -0.08692 0.17882 0.28324 0.25979 0.01875 0.08815 -0.03592 0.08048 -0.24994 0.04828 0.13284 -0.08117 0.02816 0.29804 -0.08530 0.00386 -0.19428 -0.12421 -0.01607 -0.23898 -0.01166 -0.10551 -0.18659 -0.04414 0.00139 -0.04606 0.00004 0.06477 -0.20381 -0.02896 -0.08108 -0.11039 -0.03158 0.09142 -0.06241 -0.05943 -0.20360 -0.02763
-0.32427 -0.09190 0.01325 0.10608 0.16753 -0.08948 0.09359 -0.18172 -0.22558 0.18774 0.00535 0.24700 0.18892 -0.02535 0.14111 0.02108 -0.09866 -0.06951 0.12674 0.05932 -0.18128 0.06750 -0.05479 0.04696 0.16257 0.02480 -0.11941 0.11696 0.25115 0.08366 -0.08328 -0.18002 -0.10548 -0.08431 -0.07559 -0.18972 0.00348 -0.11089 -0.03193 0.05645
