0.04523 0.11086 0.17138 0.33842 0.10667 -0.04780 0.10772 -0.28203 0.14856 -0.11559 -0.26541 0.12029 -0.05643 0.14874 0.16471 -0.09252 -0.00043 -0.09882 -0.01776 -0.18591 0.19537 0.06311 -0.23316 -0.03760 -0.10984 0.12709 -0.12708 -0.08382 -0.05815 -0.14767 0.13291 0.02547 0.02884 -0.03617 -0.02978 -0.03501 0.12603 -0.23955 0.14713 0.05689
0.10608 -0.08525 0.12432 0.26549 0.21938 -0.10603 0.12589 -0.33206 0.05606 -0.10397 -0.28537 0.18700 -0.08708 0.05300 0.23228 0.04283 0.11574 -0.11551 -0.04041 -0.11688 0.15096 0.06861 -0.23834 -0.06047 -0.13463 0.04586 -0.10365 -0.11316 -0.00420 -0.18548 0.11254 0.08699 -0.03237 0.03797 -0.01574 -0.04145 -0.07902 -0.30392 0.08668 0.11555
0.05032 -0.04841 0.13812 0.20511 0.20523 -0.02531 0.10900 -0.25856 -0.05124 -0.09871 -0.24384 0.09794 -0.10271 0.08824 0.13577 -0.02728 0.02111 -0.10829 -0.06569 -0.05022 0.08603 0.04998 -0.12147 0.04436 -0.09393 0.07895 -0.08852 -0.09988 -0.00344 -0.16062 0.06504 0.03327 0.05559 0.05018 -0.00555 0.11573 -0.03824 -0.24925 0.13240 0.04034
0.06176 0.03335 0.18914 0.19259 0.12805 -0.05374 0.08918 -0.29543 -0.01150 -0.10260 -0.27019 0.10126 -0.09562 0.13708 0.17395 -0.13537 0.06009 -0.07832 0.09777 -0.08689 0.14331 -0.01469 -0.21738 0.06916 -0.09790 0.14508 0.00483 -0.06715 -0.04469 -0.14557 0.14315 -0.12328 0.01026 0.12876 -0.06030 -0.01635 -0.04381 -0.18835 0.14024 0.06638
-0.00712 -0.13272 0.17175 0.27127 0.13760 -0.08761 0.10453 -0.26124 0.04760 -0.19433 -0.25025 0.14034 0.01326 0.12930 0.09898 -0.08531 0.05472 -0.19672 -0.00348 -0.11486 0.09963 0.19953 -0.18848 0.02407 -0.14196 0.05810 -0.06249 -0.13951 -0.06333 -0.13345 0.04370 -0.01629 0.00947 0.07852 -0.10070 0.07632 0.05523 -0.25498 0.03855 0.12151
0.03809 0.04322 0.06749 0.18017 0.19025 -0.00388 0.09988 -0.27877 -0.03268 -0.08162 -0.21447 0.11657 -0.02072 0.17736 0.16726 0.03492 0.05417 -0.12379 0.07355 -0.11680 0.03041 0.10786 -0.21922 0.05976 -0.11354 0.02485 -0.04502 -0.09279 0.05931 -0.16225 0.07035 -0.00792 0.08961 0.04242 0.01380 0.09721 -0.02362 -0.29133 0.10400 -0.00000
0.04113 -0.03919 0.12576 0.27924 0.24373 -0.03971 0.25246 -0.39727 -0.12421 -0.22002 -0.32028 0.08001 -0.02048 0.06362 0.19898 0.00337 -0.00959 -0.15389 -0.06014 -0.18912 0.09479 0.09861 -0.11112 0.08143 -0.19269 0.08328 -0.18627 -0.10208 -0.01677 -0.26841 0.01439 0.13553 -0.01813 0.16695 -0.08617 0.00493 -0.01404 -0.13547 -0.01323 0.05646
0.01973 0.02141 -0.00951 0.11818 0.11389 0.09599 0.05471 -0.27051 0.02725 -0.07709 -0.13699 0.05882 -0.11076 0.08177 0.16228 0.06651 0.04258 -0.10216 -0.07823 -0.07881 0.07522 -0.00671 -0.11892 -0.03505 -0.01462 -0.02583 -0.13747 -0.09966 -0.01198 -0.02611 0.02404 0.08291 -0.04696 0.03890 -0.05292 0.04367 -0.02610 -0.15064 0.06491 -0.03464
0.07876 -0.22500 0.06208 0.17952 0.13849 -0.13127 0.20621 -0.39182 0.00940 -0.15833 -0.17897 0.17879 -0.02694 0.01706 0.22163 -0.01479 0.01635 -0.18529 0.05203 -0.14871 -0.02312 0.10215 -0.12080 0.12366 -0.07272 0.01491 -0.03775 -0.22686 -0.03841 -0.19820 0.12645 0.07315 -0.02843 0.00088 0.00511 0.08626 -0.05072 -0.34418 0.08368 0.00817
0.04009 -0.02065 0.10028 0.24542 0.18879 -0.04529 0.10334 -0.28353 0.02701 -0.09417 -0.21039 0.10763 -0.10047 0.06685 0.20792 -0.07755 0.01511 -0.15509 -0.00997 -0.08107 0.10484 0.08473 -0.19209 0.02907 -0.09471 0.05663 -0.05301 -0.08720 -0.00696 -0.13721 0.09169 -0.00570 0.01399 0.00526 -0.03471 0.06168 0.03321 -0.24446 0.12511 0.04301
0.00341 -0.07038 0.22502 0.32508 0.18625 -0.07467 0.10178 -0.30268 -0.06533 -0.16669 -0.19049 0.20832 -0.03414 0.14304 0.29284 -0.11571 0.16075 -0.28886 0.01538 -0.11970 0.09778 0.09555 -0.20283 0.12586 -0.06573 0.07863 -0.05339 -0.23200 -0.04217 -0.16833 0.03756 0.02895 0.09606 0.13252 -0.13390 -0.03783 -0.09558 -0.34294 0.08826 0.03107
-0.03856 -0.09940 -0.05014 0.25563 0.10779 -0.01989 -0.14488 -0.19777 0.33450 -0.21914 -0.12064 -0.01541 0.06269 0.13696 0.08832 0.18938 0.07691 0.03411 -0.01805 0.20221 0.15728 -0.00223 0.11326 0.06831 0.12510 -0.08285 0.07177 -0.32321 0.00534 -0.01102 -0.10430 0.02948 -0.00942 0.10093 -0.01517 -0.18065 0.07719 0.05478 0.06619 0.06172
0.05244 0.07249 0.13027 0.12897 0.18921 -0.01132 0.05034 -0.24486 0.15305 -0.10269 -0.17855 0.11125 0.02512 0.08985 0.14496 -0.01844 0.02000 -0.11257 -0.02983 -0.11278 0.11244 0.03986 -0.14706 -0.01360 0.00641 0.00214 -0.06646 -0.21193 0.03289 -0.20321 0.12153 -0.05452 0.00947 0.05776 -0.08629 -0.08262 0.15367 -0.07548 -0.03127 0.04914
0.08332 -0.10077 0.11922 0.23656 0.22430 -0.06503 0.11905 -0.36496 -0.03205 -0.10109 -0.23369 0.11825 -0.07194 0.05540 0.19328 -0.05364 0.03983 -0.13959 -0.05467 -0.06332 0.10821 0.09989 -0.21450 0.07420 -0.12363 0.11242 -0.11672 -0.10514 -0.01588 -0.24001 0.06112 0.02938 0.02194 0.07545 -0.01715 0.06836 -0.07433 -0.19179 0.07662 0.02784
-0.05554 -0.08590 0.13914 0.22216 0.10878 -0.16701 0.17541 -0.32468 0.08933 -0.12612 -0.29762 0.02390 0.00800 0.06363 0.14140 -0.00654 -0.07037 -0.09506 -0.07729 -0.05255 0.18498 0.16795 -0.11061 0.09186 -0.11619 0.14570 -0.03028 -0.06789 -0.12318 -0.16911 0.11142 0.00982 0.02008 -0.10685 0.00236 0.05366 -0.09398 -0.12894 -0.00776 0.20031
0.03905 -0.32375 0.15816 -0.08312 -0.02910 0.07277 0.17514 -0.18989 -0.14870 -0.09314 -0.15008 -0.01216 -0.17260 0.03266 0.01988 0.11569 -0.05690 -0.29470 0.15742 0.13589 -0.10987 -0.21734 -0.14063 0.04272 0.09345 -0.00659 0.03677 -0.07015 0.05863 -0.01503 0.09918 -0.02362 -0.13269 -0.21988 -0.06228 0.04097 -0.25101 -0.13551 0.22908 0.01861
0.06416 -0.11395 -0.03237 0.18229 0.11906 0.10968 0.17094 -0.34022 0.14717 -0.13185 -0.09746 0.09028 -0.13830 0.19601 0.27086 0.18635 0.02246 -0.09685 0.17473 -0.17383 -0.01795 0.16814 -0.26488 0.05814 0.05097 -0.07835 -0.05214 -0.08408 -0.06699 -0.10095 0.09045 0.08127 0.12614 -0.10224 -0.05986 0.00877 0.11591 -0.24387 0.06407 0.03799
0.11279 -0.15245 0.11727 0.18055 0.17317 -0.02962 0.04376 -0.20832 0.11038 -0.22209 -0.16781 0.05683 -0.05939 0.16567 0.20918 -0.00053 0.00906 -0.19554 -0.01782 -0.00623 -0.01027 0.16700 -0.11778 0.15496 0.07419 -0.13859 -0.06036 -0.10861 0.02208 -0.11421 0.11988 -0.02431 0.08590 0.04026 -0.12363 -0.01697 0.02509 -0.13222 -0.01066 -0.05538
0.04775 -0.02063 0.16111 0.14255 0.23883 -0.01391 0.09631 -0.32382 -0.03374 -0.15579 -0.20565 0.10773 -0.09297 -0.03518 0.12164 -0.08363 0.08057 -0.18744 0.09520 -0.18776 -0.00009 0.06495 -0.18049 0.06779 -0.11209 0.09653 -0.14580 -0.15370 -0.02278 -0.20191 0.10844 -0.06020 0.06954 0.15898 -0.09842 0.09680 0.06081 -0.24537 0.11536 0.09158
0.13161 0.00787 0.06469 0.27570 0.15833 -0.01256 0.14154 -0.35492 0.06070 -0.17744 -0.23084 0.17340 -0.05805 0.13486 0.22986 -0.00249 -0.08892 -0.20939 -0.03959 -0.05676 0.13628 0.09953 -0.20321 0.01102 -0.06044 0.12926 -0.07477 -0.25588 0.04301 -0.26908 -0.00220 0.04069 0.08401 0.09605 -0.04426 0.09283 0.03432 -0.16125 -0.01241 0.10598
-0.07606 0.04749 -0.06148 -0.18541 -0.14899 -0.00925 -0.12507 0.29843 0.00651 0.12219 0.06660 -0.03182 -0.00981 -0.11817 -0.18269 -0.08617 -0.01832 0.01690 -0.15090 0.01898 0.03994 -0.01323 0.16705 -0.06536 -0.08195 -0.00644 -0.04420 0.12658 0.01979 0.13666 -0.00368 0.01296 -0.07810 -0.08634 0.07477 -0.02640 0.06555 0.24925 -0.12413 -0.08855
0.06861 -0.18811 0.01693 0.09704 0.00207 -0.10653 0.14909 -0.22158 0.05569 -0.18141 -0.19479 0.01665 -0.08611 0.22996 0.06852 0.22872 0.06198 -0.13999 0.11115 -0.16052 0.10263 0.13693 -0.07183 0.05630 0.07774 -0.02715 -0.08472 -0.18348 0.00485 -0.19346 0.22417 0.01546 0.04248 -0.15664 0.06489 -0.13885 -0.00249 0.01115 -0.02104 0.02710
0.13163 0.00675 0.12140 0.25283 0.21326 -0.07895 0.17259 -0.24623 0.06118 -0.12818 -0.20752 0.14565 -0.05923 0.08017 0.14146 -0.03620 0.00719 -0.13847 -0.01360 -0.03980 0.14029 0.07988 -0.16255 0.04451 -0.15157 0.07713 -0.12778 -0.11569 -0.03702 -0.16452 0.01913 0.02571 0.00135 -0.01529 -0.01604 0.02587 -0.05796 -0.25479 0.16842 0.05464
0.09634 -0.16615 0.00669 0.19136 0.13313 -0.02441 0.12385 -0.27039 0.03281 -0.18150 -0.14877 0.14204 -0.02671 0.01795 0.23621 0.00951 0.01925 -0.16143 0.04979 -0.13382 0.04964 -0.02188 -0.09040 0.04185 -0.08195 0.00637 -0.06614 -0.13304 -0.00666 -0.19581 0.18137 0.09881 0.05125 0.00596 -0.01645 -0.01386 0.03689 -0.17995 0.04106 -0.00630
-0.00928 0.02847 0.01465 0.10804 0.17101 0.05465 0.09141 -0.14015 -0.05091 -0.06224 -0.31545 0.13413 -0.05939 -0.04747 -0.01226 0.02192 -0.06045 -0.11427 0.02830 -0.11293 -0.00719 0.10235 -0.16770 0.03748 -0.09719 0.08255 -0.18103 -0.01078 -0.08144 -0.07294 0.15948 -0.08829 0.04002 0.17035 -0.03548 0.09605 0.04243 -0.25666 -0.01369 -0.11200
0.01395 -0.05712 0.08363 0.22117 0.16073 -0.00060 0.17472 -0.34471 -0.05186 -0.15891 -0.29916 0.10628 -0.14224 0.13900 0.17156 0.02421 0.02447 -0.18911 0.03877 -0.09280 0.09519 0.08699 -0.19956 0.07274 -0.11305 0.02914 -0.09749 -0.17667 -0.00275 -0.25381 0.03949 0.04543 0.05840 0.05887 -0.10556 0.04665 -0.01861 -0.21720 0.07590 0.05978
0.08910 -0.13858 0.14279 0.24001 0.18022 -0.02640 0.06547 -0.27504 0.08593 -0.10431 -0.12965 0.12397 -0.09709 0.11943 0.11917 0.05858 0.09209 -0.21384 0.04773 0.05900 0.15502 0.05900 -0.17322 0.03575 -0.01175 0.11766 -0.05091 -0.15327 -0.03127 -0.00048 -0.01868 0.03582 -0.03793 0.03289 -0.09421 -0.09349 -0.04113 -0.18884 0.11492 0.03088
0.08949 -0.08392 0.05827 0.10413 0.07087 -0.08468 0.10495 -0.43576 -0.01007 -0.13932 -0.13714 0.28609 -0.03703 0.04281 0.27096 0.08620 -0.00813 -0.08811 0.12957 -0.18375 0.02667 0.05075 -0.22174 0.06797 -0.02657 0.03440 -0.12571 -0.10209 0.20660 -0.03833 0.08918 -0.00675 -0.05275 -0.06992 -0.04011 0.02643 0.05877 -0.33800 0.09790 -0.01494
-0.00147 -0.05934 0.15836 0.24655 0.29284 -0.00496 0.20829 -0.35566 0.01715 -0.10924 -0.23049 0.13810 -0.13914 0.09265 0.15971 -0.01192 0.04705 -0.15146 0.01880 -0.09015 0.08872 0.09133 -0.16530 0.13363 -0.13014 0.04556 -0.11588 -0.21599 -0.05638 -0.21517 0.10612 -0.03950 -0.01654 0.05366 -0.19494 0.03295 -0.01658 -0.31367 0.15711 0.02306
-0.07179 0.14621 -0.06601 -0.04416 -0.12318 -0.09634 -0.03267 0.23261 0.02108 0.11639 0.13206 -0.06798 0.02348 -0.05900 -0.15417 -0.09941 -0.06890 0.11878 -0.09195 0.19262 0.04622 -0.05001 0.19150 -0.15161 0.01253 -0.01835 0.02076 0.09566 -0.01641 0.13500 -0.02688 -0.00689 -0.05314 0.02864 0.04208 -0.05190 -0.03697 0.08320 -0.07833 0.00647
-0.03723 -0.14297 0.05751 0.21839 0.24423 -0.02249 0.10117 -0.33665 -0.12115 -0.13855 -0.20965 0.01836 -0.05748 0.11653 0.17541 0.15623 0.17732 -0.21618 -0.03778 -0.11085 0.10946 -0.00891 -0.15322 0.09068 -0.03905 -0.08875 -0.07857 -0.11506 -0.02069 -0.23766 0.09348 0.01782 0.07197 0.06353 -0.13052 -0.10115 -0.02218 -0.17699 0.10672 -0.01322
-0.02733 0.13840 -0.10022 -0.20496 -0.19205 0.03805 -0.11599 0.33825 0.02248 0.16492 0.24959 -0.12929 0.11183 -0.04392 -0.24520 -0.04143 -0.09502 0.16180 -0.01751 0.11797 -0.11802 -0.08143 0.18133 -0.07747 0.09402 -0.06898 0.11913 0.13235 -0.01735 0.15169 -0.14245 -0.04774 -0.04351 0.02024 0.05781 0.06308 -0.02090 0.22094 -0.06013 0.01810
0.08286 -0.07902 0.13097 0.12021 0.17829 -0.03957 0.09992 -0.38516 0.01405 -0.12576 -0.34216 0.17893 -0.15923 0.06113 0.20374 0.10274 0.08810 -0.17448 0.04251 -0.10368 0.08815 0.05985 -0.19085 0.05039 -0.05348 0.09891 -0.18985 -0.14802 -0.03158 -0.15234 0.09685 0.04546 -0.02603 -0.03038 -0.13783 -0.00988 -0.09399 -0.26021 0.19574 0.08790
0.07462 -0.13743 0.03117 0.14842 0.10602 -0.03374 0.12024 -0.25189 0.08209 -0.21718 -0.19081 0.07884 -0.04495 0.05451 0.22487 -0.12132 0.06598 -0.13953 -0.05846 -0.07382 0.03480 -0.01269 -0.16636 -0.03696 -0.10397 0.05829 -0.07916 -0.13512 -0.05539 -0.08564 -0.01098 0.12625 0.02568 -0.10021 0.02474 0.10426 0.06309 -0.22804 0.05030 0.04916
