0.05780 -0.14465 0.14957 -0.06335 0.02609 0.05017 -0.04595 -0.07161 0.14387 -0.08909 0.04290 -0.01018 0.14542 0.00962 -0.04751 -0.09013 -0.04814 -0.05612 -0.18409 0.00561 0.02528 -0.01578 -0.29060 -0.35934 0.03051 0.23616 0.10838 -0.24714 0.05537 -0.09739 -0.07830 0.13632 0.21919 0.03911 -0.03258 -0.13006 -0.26386 -0.00300 0.31667 0.23369
0.08595 -0.12596 0.20722 -0.03953 -0.00582 -0.09426 0.00879 0.07280 0.11991 0.01855 0.10677 0.07462 0.11654 0.00688 -0.00892 -0.03611 -0.08064 -0.17067 -0.14930 0.12428 -0.17422 0.03309 -0.20520 -0.32636 -0.10432 0.33119 0.06403 -0.21500 0.00725 -0.04499 -0.01047 0.02146 0.12039 0.04894 -0.04365 -0.14465 -0.26056 0.07700 0.37890 0.21851
0.07231 -0.01950 0.10036 -0.00528 0.03101 -0.10365 0.02473 -0.04623 0.04839 0.00628 0.04229 -0.01286 0.06354 -0.02935 -0.11565 0.03455 -0.06371 -0.21883 -0.13287 0.02254 -0.05159 0.00453 -0.20427 -0.23684 -0.08678 0.19731 0.04858 -0.18576 0.10003 0.02245 -0.04114 0.02430 0.02012 0.04909 -0.11974 -0.18902 -0.18049 0.13754 0.30739 0.16457
0.09496 0.01225 0.15069 -0.07758 0.06850 -0.04266 -0.06372 -0.03807 0.03908 0.04304 0.13014 0.12562 0.06773 0.08903 -0.09664 -0.02568 -0.11494 -0.13194 -0.16339 0.07099 -0.10918 -0.03647 -0.16744 -0.18553 -0.00286 0.20566 0.02775 -0.12037 0.16526 -0.06753 -0.04858 0.09106 0.17670 0.06966 -0.12073 -0.23716 -0.22739 0.04735 0.35126 0.18396
0.07305 -0.13383 0.19274 -0.04378 0.03087 0.07275 0.01181 0.09091 0.15563 -0.04216 0.07416 0.04805 0.21021 0.03497 -0.00358 -0.10538 -0.07042 -0.18956 -0.22851 0.06169 -0.06837 0.03057 -0.29398 -0.32274 -0.03924 0.25597 0.08071 -0.12760 0.07024 -0.07372 -0.03145 0.01846 0.13952 0.01379 -0.05189 -0.14627 -0.26756 0.07063 0.40626 0.22035
0.07039 -0.09391 0.21102 -0.03921 0.01463 0.00362 0.05884 0.06062 0.20995 0.00201 0.08225 0.04977 0.15399 0.05066 -0.04943 -0.05084 -0.06934 -0.13991 -0.25547 0.04148 -0.06707 0.03325 -0.34610 -0.34929 -0.12552 0.32183 0.13899 -0.20768 -0.01643 -0.01440 -0.05946 0.11626 0.19475 0.04485 -0.12028 -0.18633 -0.35163 0.04785 0.39052 0.27653
0.13714 -0.10500 0.24011 -0.11656 -0.00822 0.00996 -0.00060 0.04057 0.12642 -0.00745 0.06862 0.05552 0.15336 0.02508 -0.08878 -0.06839 -0.06038 -0.09082 -0.14076 0.06523 -0.08502 0.02031 -0.26375 -0.39210 -0.09181 0.26002 0.07057 -0.16432 -0.01525 0.00954 0.00534 0.01545 0.10659 0.01965 0.01516 -0.10933 -0.25583 0.08880 0.35909 0.25379
0.09218 -0.07228 0.21712 -0.09070 0.05519 0.00904 -0.04112 -0.02636 0.12927 0.06189 0.09080 0.00322 0.10131 0.09368 -0.10823 -0.03852 -0.10378 -0.14974 -0.19251 0.03961 -0.10348 0.03451 -0.24279 -0.38795 -0.01784 0.29115 0.07896 -0.12599 0.07724 -0.08015 0.00395 0.08907 0.11931 -0.01692 -0.03648 -0.19681 -0.30921 0.12568 0.42458 0.28312
0.21968 -0.13432 0.40692 0.01603 -0.11312 0.02175 0.09305 0.04756 0.31279 -0.00815 0.01054 -0.05727 0.14150 -0.10787 -0.03437 -0.01698 -0.22196 -0.10311 -0.11631 0.08159 -0.08537 -0.04423 -0.23213 -0.25763 -0.14762 0.38265 0.13193 -0.14174 -0.04839 -0.01138 0.11019 0.01412 0.12155 -0.05208 -0.00530 -0.09676 -0.33375 0.15676 0.40490 0.15207
0.13841 -0.05409 0.21782 -0.04630 -0.02431 -0.02215 0.01351 -0.01756 0.17877 -0.07686 0.03014 0.03703 0.15155 -0.01143 -0.00868 -0.06504 -0.08911 -0.18333 -0.20251 0.07136 -0.01410 0.00487 -0.22958 -0.36668 -0.11483 0.29043 0.00609 -0.21234 -0.02786 0.00788 -0.06485 0.09379 0.13173 0.02145 0.00356 -0.10158 -0.26364 0.09982 0.37031 0.26732
-0.02103 -0.04820 0.16784 -0.07014 0.08211 -0.02949 -0.01288 -0.10677 0.10449 -0.00784 0.12161 0.05646 0.14754 -0.08341 -0.15167 0.04932 -0.03185 -0.22834 -0.07956 -0.00527 -0.13938 -0.02841 -0.30984 -0.34072 0.00561 0.25334 0.05958 -0.13996 0.11926 0.06118 -0.02635 0.09971 0.14733 0.01476 -0.10849 -0.17910 -0.22744 0.15895 0.42638 0.26617
0.06249 -0.13861 0.25781 -0.10253 0.03052 -0.00962 0.02524 0.02861 0.17481 0.02370 0.05621 0.08786 0.07297 0.06023 -0.07511 -0.00033 -0.11124 -0.10926 -0.19657 0.06833 -0.12792 0.01988 -0.23298 -0.35858 -0.05124 0.32011 0.08714 -0.16487 0.00520 -0.00136 0.03107 0.03827 0.14719 0.00103 -0.03422 -0.15969 -0.31715 0.07921 0.34657 0.23917
0.14289 -0.03173 0.20507 -0.10346 -0.06160 -0.08995 0.01549 0.01510 0.16659 0.05239 -0.02864 -0.02262 0.07261 0.09851 -0.07539 0.00937 -0.09411 -0.06354 -0.15747 0.05386 -0.03489 0.00154 -0.23869 -0.41109 -0.14656 0.32803 0.12334 -0.19797 0.02576 -0.05937 -0.00740 0.06809 0.04953 0.02289 -0.05652 -0.14975 -0.28880 0.12221 0.34005 0.19802
0.09948 -0.01813 0.02324 -0.20484 0.09948 -0.00739 -0.01370 0.03727 -0.01012 0.07590 0.05637 0.01654 0.08671 0.14048 -0.10782 0.00682 -0.04312 -0.10411 -0.10578 0.04995 0.03331 -0.03810 -0.16894 -0.14856 -0.02731 0.12544 -0.02251 -0.13037 0.12767 0.01609 -0.00286 0.06600 0.07617 0.04309 -0.09294 -0.17512 -0.06931 0.04251 0.33272 0.20002
0.07061 0.03559 0.27063 -0.16335 0.02696 -0.10401 0.07235 -0.09767 0.16636 -0.05166 0.03032 0.09235 -0.04125 0.02226 -0.09939 -0.04361 -0.15145 -0.15083 -0.23978 0.04291 -0.03752 -0.00521 -0.21258 -0.28721 -0.17802 0.17154 -0.04033 -0.14392 0.02122 -0.04873 -0.05793 0.16164 0.14006 0.01817 -0.11099 -0.09311 -0.25836 0.08583 0.33706 0.27048
-0.02220 -0.12691 0.08975 0.00343 0.05030 0.04135 -0.10637 -0.03524 0.12343 0.03749 0.11767 -0.06874 0.08184 0.05927 -0.19479 -0.04029 -0.02996 -0.09301 -0.20810 0.12396 -0.00355 -0.14170 -0.28383 -0.45611 -0.03461 0.23588 0.07350 -0.06911 0.08568 0.01115 -0.05447 0.00759 0.10297 -0.04955 -0.11336 -0.10700 -0.16578 0.12445 0.42379 0.28770
0.00413 0.25513 -0.09082 -0.06651 0.10085 -0.02712 0.09290 0.02784 -0.22708 0.01829 -0.02448 0.03577 -0.04229 -0.01328 0.09607 -0.01574 0.14757 0.19239 0.09959 -0.23041 0.03329 -0.02735 0.08861 0.28940 -0.01654 -0.32070 -0.18070 0.13156 -0.13775 0.11359 0.02834 0.09017 -0.06008 0.01780 0.03258 0.24966 0.17470 -0.11334 -0.34162 -0.12295
0.06495 -0.09255 0.26660 -0.06737 -0.00867 -0.02656 -0.00108 -0.03931 0.16697 -0.05707 0.08595 0.02898 0.13319 0.03302 -0.11657 -0.04373 -0.07171 -0.08448 -0.21506 0.11323 -0.03362 0.04605 -0.26258 -0.39743 -0.16570 0.28871 0.07694 -0.19431 0.02837 -0.02673 -0.07471 0.07282 0.14330 -0.00402 -0.02106 -0.15934 -0.33454 0.06010 0.42247 0.29838
-0.07651 0.08351 -0.20272 0.05167 0.06317 0.04152 -0.13352 -0.18187 -0.20190 0.01095 -0.07815 -0.02672 -0.13711 -0.13112 0.00073 -0.06696 0.07826 0.04302 0.12168 -0.12066 -0.13733 -0.10240 0.29344 0.29087 0.26511 -0.17725 -0.05676 0.05258 0.03597 -0.00891 -0.02955 0.01667 -0.16891 0.18664 0.23263 0.05932 0.30998 0.12009 -0.28768 -0.25157
0.10137 -0.06767 0.26608 -0.10389 0.05031 0.01103 0.04471 -0.01694 0.13392 -0.07039 0.03017 0.03769 0.09954 0.02799 -0.08134 -0.00032 -0.07658 -0.18985 -0.21170 0.05030 -0.09353 0.03844 -0.20003 -0.34723 -0.02681 0.27332 -0.03487 -0.18249 -0.01757 -0.07284 -0.04829 0.03608 0.10175 0.09465 -0.03258 -0.08122 -0.26069 0.10416 0.40930 0.25173
0.05014 -0.13052 0.22215 -0.11625 -0.01757 0.02035 -0.04174 0.00126 0.14195 -0.01285 0.10004 0.04967 0.19061 -0.00573 -0.13662 -0.15831 -0.00502 -0.08968 -0.18747 -0.01867 -0.04997 -0.05842 -0.27077 -0.40221 -0.02464 0.31200 0.07513 -0.19350 -0.02545 -0.02783 -0.07177 0.07880 0.16917 0.09989 -0.01187 -0.13688 -0.26047 0.12394 0.35983 0.23306
-0.02420 0.01892 -0.20274 -0.11191 -0.03817 0.00024 -0.03016 -0.06235 -0.09491 -0.00777 -0.02231 -0.04343 -0.05072 0.03546 -0.08362 0.02615 0.22727 0.02085 0.20496 -0.21799 -0.12774 -0.14952 0.02216 0.12631 0.07980 -0.13372 -0.01816 0.04806 0.10021 0.06825 -0.05058 0.05179 0.02349 0.14320 -0.07912 0.01069 0.09816 0.05000 -0.02834 -0.06076
0.17351 -0.08434 0.18934 -0.07824 -0.01251 -0.02301 -0.00199 0.00995 0.25600 -0.11529 0.07639 0.10478 0.04317 0.03299 -0.03422 -0.08495 -0.13061 -0.17714 -0.24258 0.12569 0.00831 0.02423 -0.26759 -0.37710 -0.08950 0.20588 0.00365 -0.27712 0.02359 0.06168 -0.02616 0.12312 0.19972 -0.01853 0.04651 -0.16872 -0.23068 0.07235 0.33757 0.38531
-0.11755 0.13232 -0.28828 0.05852 -0.04333 0.01938 -0.08045 0.07138 -0.11947 -0.07873 -0.16154 0.07756 0.01548 -0.15711 0.11438 -0.19708 0.12305 0.20029 -0.01560 0.12099 0.29158 -0.06781 0.04378 0.21529 0.01218 -0.02697 0.07994 -0.00392 -0.06159 0.10099 -0.06203 0.00135 0.10614 -0.04004 0.19298 0.00206 0.13863 -0.07234 -0.21248 -0.22347
-0.00137 0.13684 -0.07170 -0.03938 0.04255 -0.00063 -0.04144 0.01178 -0.13369 0.12792 -0.06700 0.00929 -0.10994 -0.01194 0.01304 0.03343 0.05728 0.23553 0.03211 -0.09978 0.14784 0.09825 0.18232 0.26963 -0.05361 -0.27764 -0.14885 0.29283 -0.15810 0.18036 -0.02709 -0.05509 -0.17583 -0.10902 0.06677 0.22719 0.25381 -0.01431 -0.40067 -0.19475
0.07383 -0.07873 -0.11737 -0.06689 0.08507 -0.00732 -0.01817 0.11033 -0.01386 0.09138 -0.06940 -0.07833 -0.12744 0.06065 0.12654 -0.04573 0.16342 0.07317 0.23047 -0.08075 0.04274 -0.08595 0.26885 0.15293 0.14456 -0.20079 0.00595 0.10870 -0.10816 0.02171 0.02569 -0.03301 -0.01961 -0.16024 0.10375 0.21355 0.30123 -0.13122 -0.38268 -0.18779
-0.24305 0.07144 -0.04271 0.14864 -0.04594 0.08580 0.01071 -0.02422 0.07647 -0.03848 -0.01904 -0.09508 0.03836 -0.09877 0.08458 0.20154 0.10087 0.05870 0.21630 -0.09253 0.00554 0.11146 0.21116 0.24236 0.13077 -0.26196 0.10730 0.32136 -0.07919 -0.19764 -0.01571 0.02838 -0.22098 -0.00957 -0.04925 0.06663 0.08224 -0.18451 -0.32084 -0.14634
