-0.11749 0.01060 -0.07775 -0.15698 0.29268 -0.12643 -0.23941 0.07822 0.20832 0.13242 -0.16587 0.11026 -0.01501 -0.07289 -0.01453 -0.17502 -0.03796 0.08294 0.01628 0.07319 -0.00852 0.11001 0.18351 0.06757 -0.04160 0.08473 0.00483 0.07367 0.06665 0.06546 0.05460 -0.06680 -0.06151 -0.00086 -0.29796 -0.04743 0.14451 -0.07004 -0.08328 0.20388
-0.29928 -0.22470 0.15903 -0.14373 -0.04058 0.10971 -0.14687 -0.10422 0.09089 0.20918 -0.21659 0.05374 -0.04335 0.10374 -0.20055 -0.17207 -0.13226 0.20616 -0.02051 0.00351 -0.12225 -0.06785 0.13821 0.07559 0.01285 -0.10851 0.08491 0.02473 0.24528 -0.15185 -0.17775 -0.07963 -0.16128 -0.15048 -0.02405 0.17236 -0.06574 0.01693 -0.22430 -0.16825
0.14047 -0.17867 0.00022 -0.11636 -0.22059 0.08971 0.18483 0.23586 -0.29210 0.12139 -0.07328 -0.16725 0.10083 -0.09498 -0.01300 -0.15480 -0.07935 0.00951 0.03792 -0.25703 -0.01577 0.18764 0.16019 0.13622 0.15453 -0.13320 0.18385 0.08712 -0.51844 -0.17637 -0.13823 -0.07614 0.04614 -0.11847 0.07844 -0.09981 -0.24442 0.15512 -0.15103 0.08125
-0.21750 -0.03333 -0.13717 0.05134 -0.06854 -0.10831 -0.01163 0.04885 -0.03089 0.11417 -0.10043 0.05988 0.32177 -0.02605 0.22200 -0.16348 0.24226 0.31245 0.20344 0.30416 0.15776 -0.19858 0.20584 0.05567 -0.16708 -0.06976 -0.04354 -0.34070 -0.00306 -0.23777 0.28139 -0.19395 -0.09309 -0.26528 0.03881 -0.22459 0.09890 0.19261 0.09424 -0.24598
0.06418 0.00527 0.02414 -0.09428 0.11647 -0.00076 -0.29769 -0.15360 0.04601 -0.09488 -0.10219 0.25521 0.01759 -0.00989 -0.13088 -0.17439 -0.01453 0.01452 -0.16581 0.19879 -0.16849 -0.02975 0.11456 -0.02374 -0.03159 -0.01662 -0.02267 -0.03956 0.20133 -0.19797 0.05879 -0.23190 -0.09942 -0.24404 0.01711 -0.15746 0.00819 -0.28314 -0.08867 -0.07883
-0.09715 0.24864 -0.11135 0.11132 -0.02602 0.01490 -0.12812 0.25340 0.22638 0.06177 0.36618 -0.14786 -0.12738 -0.22855 -0.31823 0.38116 0.12197 -0.29973 0.25761 -0.23732 0.28951 -0.29690 -0.14524 0.24850 0.15308 0.03663 -0.27772 -0.36483 0.22963 -0.17691 0.06542 -0.23654 0.06186 0.41399 0.26573 -0.19083 -0.15649 -0.17628 -0.22238 0.20311
0.06493 0.38298 0.21591 -0.20089 -0.12941 -0.10336 0.07612 0.16299 -0.06011 0.06254 -0.18799 0.00992 0.28575 0.17918 -0.10524 -0.16185 -0.00309 0.01197 0.05577 0.23578 0.33477 -0.08932 0.09971 0.16435 -0.22115 0.12431 -0.18916 -0.09827 -0.02115 -0.24177 -0.27762 -0.01782 0.15734 -0.13336 0.11688 0.13599 0.01983 -0.03746 0.13236 -0.25208
-0.01982 -0.31075 -0.31405 0.08512 0.02993 0.10484 0.33931 -0.09392 -0.04404 0.06790 0.16752 0.13736 -0.06184 -0.00529 -0.16662 -0.05457 0.09952 -0.08654 0.02928 -0.09456 0.10906 -0.19710 -0.02513 -0.27936 0.22669 0.07469 0.19716 0.00305 0.27155 -0.06659 0.23613 -0.13348 0.16862 -0.10415 -0.10193 0.09331 -0.14010 -0.04978 0.08386 -0.17528
-0.21416 0.27120 0.09063 -0.16734 0.30789 0.02761 -0.18993 -0.07385 -0.11746 0.18986 -0.12579 0.21766 0.11327 0.14716 -0.27874 -0.12562 -0.16604 0.35012 -0.11323 0.07682 -0.00418 0.20634 0.22908 0.07556 -0.03010 0.19235 -0.34279 -0.09496 0.13152 0.25895 -0.21729 -0.21429 -0.22192 0.02809 0.34615 -0.08902 0.06089 -0.00403 0.20634 0.07650
0.00690 -0.03912 -0.14827 0.19805 0.02686 -0.02461 0.10547 0.00413 0.14124 0.09181 0.20672 -0.25955 0.27235 0.12158 -0.04203 -0.11973 0.19781 -0.17133 -0.13832 -0.08107 0.17313 0.12212 -0.18888 -0.09123 -0.22094 -0.25552 -0.05294 0.01368 -0.25708 0.05527 -0.19000 0.36716 -0.05070 -0.10292 0.09311 -0.17605 -0.00406 0.11895 0.10502 0.02026
0.16548 -0.13654 -0.06294 -0.23448 -0.10993 0.02684 0.20699 0.17543 -0.23940 0.10622 0.01380 -0.22789 0.01056 0.06445 -0.09514 -0.05077 -0.11894 -0.00761 0.02742 -0.19457 -0.10522 0.11480 0.17655 0.18519 0.27242 -0.12758 0.18702 0.01051 -0.46199 -0.09787 -0.11140 0.01832 -0.10843 -0.08101 0.04517 -0.04098 -0.20340 0.06993 -0.03044 0.08824
-0.16966 0.35069 0.26174 0.04510 -0.27179 0.10303 -0.28221 0.10472 -0.01701 -0.06538 0.00699 -0.00968 0.07861 0.01106 -0.11584 -0.09989 -0.07612 -0.04383 -0.20109 -0.05888 0.02852 0.16918 -0.03163 0.09954 -0.13399 0.17277 0.09202 -0.13078 0.24961 0.02386 -0.10510 -0.00997 -0.15867 -0.09963 -0.23497 0.09530 0.18746 -0.38744 0.25622 -0.35673
0.07003 -0.30658 -0.39870 -0.10305 0.04021 0.12465 0.20941 -0.13790 -0.18287 0.07655 0.13600 0.27403 -0.08373 0.06285 -0.31986 0.22333 0.13817 0.07191 0.07242 -0.19161 0.08204 -0.22263 0.03605 -0.02757 0.16529 0.10768 0.22312 -0.01829 0.25560 -0.12384 0.10880 -0.01484 0.21316 -0.18188 -0.02392 0.07849 -0.03823 -0.03722 0.18915 0.00417
-0.09671 -0.12375 0.19228 -0.01353 0.20185 0.14166 -0.31139 0.06621 0.09100 0.02993 -0.00940 -0.09841 0.12174 0.12832 0.04775 -0.24374 0.22237 -0.21325 -0.21989 -0.22280 0.14090 -0.14084 0.08056 -0.02447 -0.25815 -0.05011 -0.11285 0.02263 -0.05724 -0.21636 0.04780 0.14028 -0.17594 -0.15261 0.10970 -0.16545 -0.12966 -0.22256 -0.10399 -0.16607
0.10692 0.21942 0.20570 0.06134 0.17447 -0.01099 -0.28508 -0.00661 0.19876 -0.06953 0.22031 -0.05155 0.10967 0.04148 -0.07855 0.03955 0.04862 -0.12975 0.15481 0.14371 -0.20889 0.26837 -0.21167 -0.08694 -0.18521 0.19829 0.17119 0.22668 -0.01459 -0.03109 -0.25529 -0.03932 0.16932 -0.02358 0.20819 -0.04542 -0.08250 0.01876 -0.20403 0.18507
-0.24032 -0.15853 -0.19486 0.34801 -0.00152 -0.26075 0.08580 -0.00513 -0.17667 -0.12422 0.15077 0.04203 -0.05511 0.06937 0.00679 0.23079 -0.09293 -0.28130 0.23855 0.28031 -0.10241 0.02587 -0.31700 -0.19990 0.22210 0.02845 -0.10258 -0.01321 0.28689 0.02096 -0.11249 0.18144 -0.28717 -0.12426 0.33633 -0.09918 -0.27973 -0.30039 -0.16252 0.04489
0.04541 0.19350 0.11942 -0.04749 -0.03903 -0.32133 -0.16841 -0.16135 0.11538 -0.22792 -0.09030 -0.01180 0.14722 -0.30009 0.04079 -0.29636 0.07404 0.03439 -0.07851 0.04495 -0.33998 0.12331 -0.32950 -0.17822 -0.17574 0.20042 -0.08180 0.30136 -0.14520 0.03805 0.14048 -0.06154 -0.26274 -0.07820 -0.25993 0.06500 -0.22190 -0.11750 -0.27205 -0.23791
0.11309 0.14346 0.14286 -0.11056 0.20549 -0.16560 -0.33595 -0.14072 0.24310 -0.10535 0.06867 -0.17408 0.18125 0.39598 0.18161 -0.15486 0.20550 -0.28595 0.10883 0.11130 -0.02035 0.24846 0.18500 0.11635 -0.20108 0.31804 -0.31494 0.22201 0.00503 -0.17993 -0.00285 0.09537 0.06854 -0.10406 0.14543 -0.15571 -0.21800 0.17905 0.17914 -0.22710
-0.09332 0.24705 -0.10029 -0.19226 -0.26162 -0.13585 0.26489 0.42789 0.19579 -0.17299 0.11918 -0.06396 0.29986 0.10308 -0.03938 0.29581 -0.00449 0.21192 0.22832 -0.17247 -0.15057 -0.24316 0.32417 0.24482 0.08717 0.02180 0.16037 0.04634 0.18452 0.06783 -0.16816 0.09734 0.24633 0.07127 -0.12995 -0.06758 -0.13122 0.04251 -0.02738 -0.03252
-0.23282 0.28561 0.32731 0.10210 0.18450 0.15374 -0.14288 -0.29747 0.30001 0.09061 0.04845 -0.00421 0.07872 -0.11767 -0.22391 -0.15893 0.14797 -0.20737 -0.22649 0.12871 -0.11830 -0.11088 -0.18020 0.30014 -0.26419 0.06878 -0.01098 -0.29656 0.01701 -0.01763 -0.20565 -0.24108 -0.17588 0.03289 -0.00453 -0.21855 0.13228 -0.22157 0.27228 0.21790
0.13861 0.07766 0.02908 0.08369 0.19727 -0.05123 -0.02601 -0.11279 0.21103 0.13188 0.12528 -0.18331 -0.02483 -0.30552 0.40925 0.08571 0.27517 -0.19787 0.21227 0.24857 -0.05976 0.06074 -0.02121 -0.22895 0.23487 -0.13503 -0.15537 0.16272 -0.13987 -0.00887 0.20498 0.22088 -0.11067 -0.07659 0.05269 0.24296 -0.07713 0.31227 0.02688 -0.10845
-0.29202 0.39662 -0.21578 -0.06852 0.33843 -0.27336 -0.30948 -0.29194 -0.08425 0.07870 -0.38526 0.20439 0.18673 0.21593 0.20318 0.05198 -0.01365 -0.13859 -0.30677 0.35945 -0.18679 -0.06443 -0.38573 -0.13582 -0.24953 -0.21638 -0.16812 -0.12306 -0.07388 0.29411 -0.08887 0.22665 0.32786 0.38399 -0.27213 0.28698 0.07315 -0.19287 -0.33487 0.36174
0.01659 0.03472 -0.01421 0.01021 -0.13704 0.08957 -0.09612 0.20363 0.16677 -0.23755 0.02553 -0.14919 0.12827 0.00142 -0.16821 0.21864 -0.27347 0.25237 0.21120 -0.05265 -0.01918 -0.04740 0.25772 0.07349 0.22852 0.06448 -0.08768 0.07680 -0.10720 0.07148 0.00413 0.22246 -0.02734 0.20201 -0.12084 0.09783 0.05819 0.06016 -0.19939 -0.06390
-0.24560 0.04716 -0.03826 -0.23571 -0.28408 0.19403 -0.05355 -0.00045 0.04905 0.04972 0.02947 0.02300 0.31097 0.11940 0.08541 0.16552 -0.12705 0.05173 0.28695 -0.38249 -0.34130 -0.05452 0.08330 -0.04369 0.35607 -0.06246 -0.07966 -0.03805 0.01458 -0.10435 -0.15076 0.21909 0.07356 -0.17292 0.15375 -0.19410 -0.02940 0.19436 -0.04732 -0.12040
0.03771 0.00754 -0.15584 -0.18202 0.22267 -0.05772 0.01088 0.08630 -0.12302 0.00922 0.16915 -0.13658 0.29503 0.28190 0.05930 -0.27066 0.34248 -0.20076 -0.27627 -0.00748 -0.17492 -0.17061 -0.01795 0.24449 -0.02857 0.30068 -0.24138 -0.13978 0.16017 0.25418 -0.03632 0.03574 -0.26461 -0.30756 0.32760 0.09893 -0.16188 -0.06420 -0.02401 -0.02505
0.17654 -0.17498 -0.02336 -0.05395 0.34054 -0.32767 0.07720 0.05765 -0.21426 0.05303 0.11161 0.05193 -0.16275 0.15077 -0.11143 0.19968 -0.11370 -0.11703 -0.18976 0.16403 -0.11628 0.36077 -0.17633 0.03119 0.09034 0.16797 -0.14853 0.17451 0.14127 0.27286 -0.08478 -0.10283 0.07950 -0.13999 -0.07637 0.30113 0.03090 -0.04022 0.25743 0.03555
0.06185 -0.17392 -0.29976 -0.09987 -0.17569 0.13227 0.27819 -0.07434 -0.22249 0.07926 -0.06001 0.10243 0.03165 -0.04404 -0.26802 0.01945 0.13103 0.07859 -0.05671 -0.21405 -0.01060 -0.08622 0.16026 -0.24154 0.14643 0.10753 0.13076 -0.07642 0.16877 0.11595 0.07502 -0.08314 0.17205 -0.16801 -0.08993 0.24420 -0.10201 -0.12346 0.09068 -0.12981
-0.18605 0.08451 -0.28449 0.32724 0.01580 0.03923 -0.06546 -0.14454 0.22882 0.06087 0.07942 0.23914 -0.18068 0.10841 -0.16353 0.16322 -0.04903 0.09270 0.24580 -0.26207 0.11688 -0.09923 -0.24258 -0.13670 -0.18246 0.00276 0.15080 -0.19716 -0.18998 -0.18980 0.33170 0.10213 0.14242 0.35817 -0.29864 0.13441 0.11845 -0.01557 0.24484 -0.10010
-0.12142 -0.15186 -0.18174 -0.07746 0.00324 0.10583 0.26150 0.06212 -0.04290 0.00314 0.19372 -0.39813 0.09971 0.00725 -0.01912 -0.08177 0.25422 0.13776 -0.22320 0.12377 0.03552 -0.11101 -0.05688 -0.11950 -0.07065 -0.07987 -0.00837 0.03363 -0.28165 -0.07018 0.08394 0.15310 0.17454 -0.13441 -0.13282 -0.35010 0.02017 0.11186 0.02570 -0.26154
-0.25646 0.46908 0.34761 0.13046 0.24517 -0.06916 -0.25207 -0.09363 0.26806 -0.08456 0.12948 -0.20139 0.27207 0.24521 0.16662 -0.29325 -0.38673 0.15833 0.19278 0.19565 -0.15213 -0.04157 -0.36396 0.14848 -0.06428 -0.05212 -0.09656 0.20889 -0.24505 0.23818 0.03274 0.10348 -0.24969 0.06325 -0.00787 -0.10635 -0.05312 -0.29924 0.06161 0.20771
0.30401 0.06460 0.12314 -0.08819 0.00551 0.04178 -0.15233 -0.25597 0.03011 0.15885 -0.11157 0.06182 -0.17330 0.27814 0.00409 -0.09118 0.18405 -0.11853 0.02545 0.09278 -0.13881 0.09112 -0.20052 -0.11365 0.10836 -0.04118 -0.27419 0.18217 -0.06788 -0.08770 0.00587 -0.10261 0.19854 -0.10558 -0.22024 -0.10670 -0.17501 -0.22041 -0.21732 -0.19476
-0.10334 0.20906 0.38433 0.04590 -0.02710 0.04452 0.23540 -0.24614 -0.28010 -0.15982 -0.04743 -0.20941 -0.17291 -0.22204 0.06045 0.17460 -0.06602 0.21117 -0.31507 0.22415 0.13918 -0.28269 -0.06942 0.16168 -0.29845 -0.09687 -0.20977 -0.19038 -0.01498 0.24450 -0.23695 -0.16054 0.25873 -0.03800 0.17635 0.13964 0.39741 0.20674 -0.12030 0.09259
0.05789 0.00630 -0.19415 0.18378 0.09330 -0.22506 -0.15377 0.24491 0.24655 -0.03549 -0.02802 -0.21542 -0.09622 -0.24883 -0.06220 -0.06780 0.13149 -0.06255 0.23422 0.32763 0.03760 0.15437 0.01796 -0.00283 0.05321 0.13451 -0.27577 0.01373 -0.15355 -0.01436 -0.02243 -0.22051 -0.31349 -0.03172 -0.06792 -0.01457 0.09049 -0.24501 0.23315 -0.17147
0.28056 0.06294 -0.14436 0.11127 0.13866 0.02053 0.16213 0.05119 -0.03404 -0.12411 -0.12039 0.05659 -0.13603 0.16820 0.24263 0.07245 0.04254 -0.10498 -0.21485 0.37714 0.16640 0.11561 0.09281 0.23330 -0.08092 -0.21771 0.18154 -0.13484 -0.12357 -0.05549 -0.25799 0.02776 0.17455 0.22394 0.10888 0.21995 -0.03305 0.27928 -0.05836 0.18710
0.12693 0.02891 0.10982 0.03462 -0.02085 0.10882 -0.20300 -0.29947 0.25421 0.16604 -0.32901 -0.23247 -0.27370 -0.15270 0.21641 0.01323 0.17999 -0.20183 0.08454 -0.26640 0.19822 0.03128 0.06964 0.18898 -0.09618 -0.11843 -0.01347 -0.03806 0.04441 -0.22397 -0.22150 -0.20506 -0.04158 0.04484 0.02588 0.01313 -0.06214 0.00134 -0.18582 0.22913
0.11527 0.05779 0.00267 0.18025 -0.10390 -0.09781 -0.19993 0.09848 0.17327 0.02682 -0.09219 0.26096 0.27706 -0.16523 0.25740 -0.06107 -0.06237 -0.02163 0.01448 0.11624 0.07225 -0.19330 0.05906 0.11628 -0.20674 -0.06658 -0.33289 -0.02753 0.18889 -0.08438 -0.04832 -0.01441 -0.27459 -0.02403 0.30379 0.00854 0.01071 0.09253 -0.07768 0.20838
-0.17542 0.11073 -0.05297 -0.29864 -0.16931 0.08891 0.07443 -0.00059 -0.14510 -0.13547 0.20590 -0.11211 0.17146 0.01071 -0.18562 0.22899 -0.02979 0.11121 0.03353 -0.25608 -0.04101 -0.24896 0.18728 -0.00863 0.16879 -0.13232 -0.06501 -0.06040 0.10755 0.16737 0.15379 0.19211 -0.03205 0.15252 0.17724 0.05133 -0.03552 -0.03662 0.03356 0.08898
0.05058 -0.17116 -0.27935 0.21316 -0.23651 0.17774 0.32936 -0.08252 0.06828 0.23290 -0.07927 0.06391 -0.13685 0.05414 -0.38058 -0.08181 0.24430 -0.15378 -0.05753 -0.26518 -0.01735 -0.28179 -0.01330 -0.23817 0.31270 -0.09427 0.31170 -0.09292 -0.01485 -0.02879 0.09820 -0.21481 0.30240 0.09209 -0.17331 0.19928 -0.26951 0.11146 0.13026 -0.08154
-0.05748 -0.16219 -0.18724 0.01224 -0.01277 -0.07940 0.23807 -0.05007 -0.13827 0.05693 -0.07754 0.17087 0.00527 0.04768 -0.26134 -0.00948 0.09628 -0.14944 -0.10119 -0.09520 0.09397 -0.17320 -0.05010 -0.09447 0.19780 -0.05859 0.25649 -0.21709 -0.01129 -0.06360 0.05681 -0.14129 0.30375 -0.01450 -0.11221 0.18661 -0.06464 -0.11820 0.07085 -0.06804
-0.34382 0.26860 0.15705 0.11773 0.30002 -0.03770 -0.07957 -0.05692 -0.25019 -0.20985 -0.05236 0.12225 -0.21397 -0.25976 -0.06458 0.20979 0.05368 0.19998 -0.16871 0.20846 0.06529 -0.26644 -0.16972 -0.18135 0.21800 -0.19541 0.00017 0.00362 0.22008 0.03776 0.16807 -0.08578 -0.20355 0.16295 -0.16999 0.25283 0.24669 0.19506 0.11687 0.32178
-0.18159 -0.05816 -0.21110 0.11775 -0.08124 0.05733 0.21855 -0.03124 -0.09152 -0.05998 0.11534 0.18277 0.20720 -0.01592 -0.07199 -0.08613 0.16014 0.16566 -0.03879 -0.08495 0.04325 -0.01659 -0.04092 -0.06413 0.14469 -0.05644 0.20433 -0.19167 0.25622 0.10283 0.14100 0.04188 0.24898 -0.09096 0.02946 0.02618 -0.02667 -0.07032 0.08427 -0.07856
0.02847 0.03828 0.09633 0.08973 -0.01227 0.00914 0.26269 0.12915 0.16441 -0.02208 0.11100 -0.32843 0.30402 -0.03572 0.05969 -0.26563 0.36347 -0.16251 -0.32448 0.26278 0.09215 0.14935 -0.36181 -0.07287 -0.10790 -0.16542 -0.17880 -0.23398 -0.37414 0.11943 -0.01909 0.01215 -0.09194 0.13734 0.18321 -0.24813 0.10971 0.16250 -0.13568 -0.10153
0.21912 0.30993 0.13340 -0.16497 0.12942 -0.09853 -0.22916 -0.05714 -0.08564 0.21077 -0.13657 0.19610 -0.10658 -0.07140 -0.12963 -0.00752 0.00857 0.01017 -0.19645 0.08110 -0.27020 0.05487 0.06130 0.00631 0.09120 -0.00296 -0.18752 -0.03440 -0.09165 0.20953 -0.22175 0.08844 0.19679 0.01861 0.11666 -0.04014 0.04839 0.03985 -0.05760 0.05458
0.31341 0.12931 0.07417 0.22173 0.16284 -0.28880 -0.00028 0.09746 0.26054 -0.01790 0.02296 -0.02605 0.18947 0.02845 0.14093 -0.04357 -0.17467 -0.14157 -0.28192 0.28541 -0.14592 0.28603 -0.33194 0.20757 0.03728 0.12353 -0.03991 -0.20455 0.03026 0.06635 -0.11381 0.16827 0.09159 0.04224 0.14431 -0.13013 -0.16989 0.10549 0.12034 -0.08580
-0.08187 -0.22947 -0.36512 -0.14205 -0.01357 0.08817 0.26567 0.06817 -0.24357 0.05443 0.19968 -0.01452 -0.12765 0.11340 -0.26775 -0.08807 0.12472 -0.00010 0.09952 -0.23843 -0.03050 -0.00181 0.13403 -0.11693 0.25235 -0.10322 0.05698 0.03016 0.22739 -0.08082 0.03078 -0.02410 0.11712 -0.06486 -0.10625 0.01411 -0.20429 -0.17482 0.03769 -0.15994
0.01668 0.11632 0.11574 -0.19965 0.18884 0.07755 -0.04050 -0.17543 0.20906 0.18282 -0.13027 -0.01452 -0.15680 -0.04292 -0.13355 -0.08123 0.18188 -0.29218 -0.23350 0.08248 -0.09083 0.15604 0.09992 -0.01870 0.05184 -0.10475 0.05249 -0.20653 -0.03984 -0.06956 0.23313 -0.02243 0.15772 -0.05969 0.00084 -0.14969 0.04139 0.08283 -0.12999 -0.15643
0.06039 -0.00799 0.19937 0.04098 0.23077 -0.19205 -0.21056 0.04230 0.23368 0.26819 -0.04449 -0.21170 -0.00242 -0.25509 0.08274 -0.19405 0.14081 0.25648 0.17006 -0.03398 -0.09576 -0.11239 -0.33201 0.19855 -0.24079 -0.31347 0.23534 0.06300 0.10098 0.19504 -0.11309 -0.20877 -0.28213 -0.09078 0.41485 -0.02939 0.18763 -0.20025 0.11635 0.22551
-0.31738 0.02208 0.23454 0.07965 -0.11126 0.07965 -0.09190 -0.03259 0.00584 -0.11350 0.08920 -0.20829 -0.14070 0.09580 0.33464 -0.15798 -0.09850 0.25880 0.16823 -0.02542 -0.11219 -0.13671 0.08573 -0.04773 0.08014 -0.08400 0.10099 -0.19866 0.19475 -0.08838 -0.16758 -0.13043 -0.32554 -0.05327 0.20484 0.05723 -0.13000 0.09115 0.03841 0.09501
0.08953 0.13337 0.09767 -0.03427 -0.03475 0.10644 -0.00865 -0.07209 0.17938 -0.10469 -0.12585 0.07317 0.01628 0.11921 -0.12404 -0.13616 0.22720 0.08994 -0.23019 0.10752 0.01779 0.10645 -0.22580 0.10945 -0.13434 0.18865 -0.25461 0.08145 0.09408 -0.13880 0.11605 -0.15126 -0.15108 -0.04819 0.11484 -0.21972 -0.07218 -0.21001 -0.11813 0.06579
0.06922 0.12204 0.12160 0.16588 0.15928 -0.22841 -0.18920 -0.06979 0.03329 0.18781 -0.13321 -0.14480 -0.02000 0.10424 0.00984 -0.08198 0.15279 -0.01518 -0.02052 0.00094 -0.07573 -0.03915 -0.27662 -0.14800 0.13747 -0.21132 -0.00476 -0.11763 -0.01449 -0.11148 0.13137 0.07545 0.10934 0.01930 -0.11042 -0.25312 -0.15612 -0.07079 0.02946 0.24141
-0.09721 -0.11393 0.13763 -0.13395 0.21610 0.00842 -0.23392 -0.04580 0.12565 -0.18444 -0.21487 -0.04800 -0.24954 -0.28592 -0.05735 -0.14726 -0.07176 -0.27526 0.25057 0.01817 0.20389 0.16058 -0.30012 -0.01158 -0.11690 -0.14399 -0.29799 -0.02216 -0.04352 0.12273 0.10242 0.11453 -0.28206 -0.15199 0.09865 0.18546 -0.22051 0.20273 0.05119 -0.36619
0.25313 -0.16530 0.02942 0.24501 -0.25708 -0.02487 0.13466 -0.06405 -0.03288 0.12438 -0.02860 0.15813 -0.11943 -0.01431 0.02528 0.13353 0.10599 -0.25490 0.10536 0.04472 0.00876 0.09770 0.13951 0.09304 0.18404 0.13678 0.02002 -0.24228 -0.27604 0.07214 0.08668 0.10533 0.09156 0.19725 0.05247 -0.04713 0.30104 0.20576 0.11483 0.17433
0.22761 -0.30922 -0.06242 0.23790 -0.29895 -0.01175 0.02747 0.08794 0.03379 0.15981 -0.08627 0.09227 -0.18688 0.17136 0.12476 0.11267 -0.00876 -0.09783 0.23201 0.07342 0.14874 0.26375 0.12047 0.19737 0.20640 -0.11978 -0.01331 -0.09646 -0.15245 0.03962 0.07696 0.16706 0.01341 0.15287 0.04188 -0.24811 0.27362 0.11225 0.18138 0.11944
-0.04323 0.23952 0.23162 -0.02898 0.00965 -0.26040 -0.24733 -0.17252 0.34685 -0.12608 -0.21008 0.00439 -0.06418 0.23924 0.12590 0.07974 -0.03313 0.26110 -0.03234 0.12654 -0.13769 0.09607 -0.06675 -0.12950 0.25000 0.17290 -0.18729 0.13240 0.11225 0.02584 -0.08135 -0.31301 -0.26627 0.05600 -0.07502 0.00252 0.05794 0.01461 -0.00574 -0.00248
-0.02729 0.09001 -0.05707 -0.16476 -0.02229 0.09593 0.20597 0.13398 0.16780 -0.07034 0.32169 -0.28417 0.19602 -0.00289 -0.09019 -0.10681 0.27524 -0.06325 -0.11256 0.21260 0.01705 -0.02426 -0.18933 -0.13029 -0.04957 -0.11224 -0.03364 -0.04660 -0.06184 0.05999 -0.12006 0.20226 -0.02285 -0.14060 -0.03529 -0.28512 -0.05763 -0.07746 -0.07376 -0.13698
0.15146 -0.29880 0.18777 0.09711 0.21890 -0.03000 -0.09830 -0.21119 0.24486 -0.10589 -0.11706 0.12795 0.10577 -0.10376 0.15305 0.25705 -0.19162 0.04270 0.16296 0.11957 -0.19785 -0.04075 -0.32199 -0.29293 -0.15312 -0.16625 0.19593 0.19474 0.23389 0.11680 -0.21259 -0.18306 -0.31426 -0.15281 0.00096 0.14711 0.11556 0.11326 -0.00824 -0.10218
-0.05558 0.17189 0.13449 0.00109 0.04066 -0.11218 -0.14498 0.09643 0.30381 -0.16610 -0.20479 -0.13284 0.05420 -0.09829 0.18343 -0.04538 -0.14263 -0.18266 -0.14172 0.11425 -0.01808 -0.18645 -0.24102 0.01137 -0.12837 0.06840 -0.00921 -0.13999 0.15136 0.10596 -0.06027 -0.02765 0.13178 -0.07390 0.01162 -0.21539 0.12776 -0.00696 0.10716 0.09454
-0.04581 -0.15133 -0.31244 0.02676 -0.05801 0.10817 0.34526 -0.11187 -0.09280 0.04023 0.20370 0.14344 -0.09545 0.00436 -0.25907 0.12513 0.17161 0.00799 -0.04779 -0.18452 -0.00260 -0.17957 -0.02057 -0.17639 0.28786 -0.16927 0.21608 0.01919 0.30508 -0.05287 -0.02534 -0.19963 0.31964 -0.12890 -0.03961 0.12025 -0.17468 -0.18474 -0.02717 -0.07618
0.02094 0.06976 0.09713 -0.32696 -0.20215 0.20382 -0.03212 0.21718 0.08585 -0.01580 -0.02583 -0.23352 0.18338 0.14235 -0.00345 0.02164 -0.09049 0.09230 0.09161 -0.17493 -0.16061 -0.20905 0.13836 -0.02175 0.18584 0.06978 -0.04604 -0.00787 0.06629 0.12170 -0.04940 0.17419 0.10250 0.02281 -0.03151 0.02381 0.24523 -0.01248 0.06185 0.09188
-0.15046 -0.03526 0.02555 -0.25386 -0.29695 0.12703 -0.03032 0.24883 0.05164 -0.03256 0.10048 -0.24321 0.05244 0.16870 0.07778 0.25418 -0.06851 0.20462 0.18082 -0.28107 -0.24572 -0.04009 -0.01452 -0.01356 0.22104 0.08433 -0.19696 0.07114 -0.06113 0.08867 -0.10503 0.31961 0.06559 -0.01169 -0.04384 -0.17652 0.07496 0.06348 -0.02976 0.01570
-0.06208 0.27673 -0.20964 0.15858 0.07625 -0.22908 0.00095 0.14671 -0.00005 -0.12387 0.02670 0.01737 0.18469 0.18609 -0.23881 -0.22669 0.04127 0.20300 -0.15760 0.14866 0.07898 -0.08145 -0.12206 -0.02695 0.14111 -0.12872 -0.26120 -0.12210 0.11035 -0.00521 -0.09729 0.04083 0.02119 -0.13446 -0.00990 0.05494 -0.00926 0.01944 0.07571 0.16056
-0.08473 0.12997 0.32928 -0.13879 0.12346 -0.00654 0.03595 -0.26529 0.09173 -0.12291 0.14601 0.24275 -0.15947 0.22757 0.04839 -0.23760 -0.25614 -0.14457 -0.25113 0.02502 -0.06268 0.12930 -0.28641 -0.15079 -0.24854 0.01391 -0.19397 -0.09049 0.27314 -0.00111 0.15806 -0.16062 0.11727 -0.15999 -0.09647 0.18311 0.05485 0.05368 -0.07465 0.15857
-0.23103 0.28222 -0.12583 -0.00017 0.32509 -0.20940 -0.34411 -0.32658 0.03076 -0.15519 0.32444 -0.21133 -0.11563 -0.14240 0.12862 -0.04673 -0.00611 0.07285 -0.14006 0.16566 -0.04774 0.05086 0.19873 0.15626 0.06333 0.02908 -0.06023 0.22292 -0.18740 -0.18366 -0.18149 0.33455 -0.27740 0.24817 -0.01882 0.08606 0.00490 -0.24384 0.22562 0.13460
0.31625 0.29675 -0.06696 -0.13697 0.26309 0.06334 -0.20634 0.13953 -0.00867 0.35646 -0.17678 0.17204 -0.04186 -0.30568 0.02707 -0.27302 0.25229 -0.10536 -0.19150 -0.21872 -0.15207 -0.18162 -0.29749 -0.18612 -0.24163 0.15124 -0.12300 0.07478 -0.16558 0.31557 0.02213 -0.16279 0.07342 -0.02684 0.08836 0.22336 0.18970 -0.04144 0.13128 0.04713
0.33080 -0.33637 0.04830 0.17284 -0.27681 -0.18850 -0.06829 -0.20179 -0.12310 0.16563 -0.03666 0.17459 -0.11669 0.10427 0.10066 0.12479 -0.12189 0.01699 0.36581 0.06301 -0.03556 -0.02774 0.17094 0.08795 0.27583 -0.16615 -0.21029 0.00607 -0.10391 -0.03665 -0.00961 0.27451 -0.07547 0.32513 0.08483 -0.05569 0.23366 0.04484 0.16094 0.10892
-0.08461 0.03175 0.05341 -0.07692 -0.04074 0.10215 0.15804 -0.05422 0.21336 -0.05564 0.20046 -0.25406 0.10552 0.03768 -0.02351 -0.03999 0.06697 0.07624 -0.08758 0.08255 0.07439 0.06797 -0.22030 0.02283 0.10077 -0.08029 0.18154 -0.04223 -0.05851 0.04526 -0.04829 0.19817 -0.02184 0.04439 -0.07449 -0.28976 -0.05618 -0.09596 0.11480 -0.05997
0.13403 0.11913 0.35059 0.01662 0.24395 -0.21257 -0.04236 -0.32065 0.00036 -0.11989 -0.02254 -0.16503 -0.28053 -0.27993 -0.00876 -0.13492 0.24410 -0.26442 -0.25692 0.23564 0.13398 -0.05005 0.01007 -0.05555 0.02454 0.17451 0.12933 -0.21182 0.03690 -0.08769 -0.01381 -0.08653 0.04659 0.05268 0.18541 -0.05461 0.16008 0.19839 0.10394 -0.03812
0.12456 0.13342 0.28218 -0.04592 0.02292 -0.02730 0.16169 -0.09332 0.12245 -0.22904 -0.32149 0.07621 0.06378 -0.24569 -0.25190 -0.11695 0.34390 -0.20378 0.03832 -0.10319 0.08404 -0.00108 -0.13753 -0.17008 0.01255 -0.28620 -0.11299 0.06745 -0.02948 -0.16650 -0.13508 -0.32218 0.06595 0.03740 0.15486 -0.36836 -0.14697 0.12208 0.04908 -0.14152
0.09719 0.32264 -0.07839 -0.11503 -0.13811 0.09258 -0.29604 0.08799 -0.07231 0.07438 -0.15310 -0.16864 -0.15444 0.31229 -0.05151 0.00366 -0.03047 0.08305 -0.04439 0.10217 -0.09505 -0.05008 -0.20284 -0.23202 -0.14588 -0.00552 0.11423 -0.03189 0.00126 0.16868 0.14537 -0.23214 0.07413 -0.14821 0.08975 0.26509 0.14399 -0.11690 0.24673 0.17561
-0.25188 -0.29328 -0.14346 -0.19364 0.33639 0.13740 0.07999 -0.00189 -0.14613 -0.05660 0.19890 -0.32790 0.26596 -0.25415 0.09730 -0.31108 -0.13752 -0.30173 -0.30182 0.26498 -0.14781 0.24234 0.04698 -0.17271 -0.07207 -0.33330 -0.29969 -0.10746 0.00400 0.25160 0.31920 0.17385 -0.03838 -0.02518 -0.03407 -0.20555 -0.30261 0.05665 0.18008 0.11897
0.10857 -0.09984 0.21297 -0.29980 0.08353 0.05616 -0.12743 0.15845 0.17864 -0.21461 -0.06609 0.25978 -0.20246 -0.19307 -0.27375 0.11477 -0.17003 0.20000 -0.29522 0.24945 -0.04089 0.16124 -0.16125 -0.16072 -0.24341 0.14841 -0.07604 0.29948 -0.14346 0.03442 -0.04178 0.02936 0.16441 -0.19529 0.20579 -0.01036 -0.14613 -0.18098 0.14685 -0.00115
-0.08581 0.05378 0.15813 -0.09029 -0.15026 -0.22197 -0.09399 -0.07846 0.08450 -0.06460 -0.17901 0.15840 0.34926 -0.03942 0.17871 -0.30255 -0.04767 -0.16174 -0.14268 0.10788 0.24884 0.26121 0.00888 -0.15386 -0.02855 -0.02293 0.12133 -0.22975 -0.02953 -0.16149 0.09623 0.11337 -0.09506 0.21756 0.11866 -0.15109 -0.04570 -0.09886 0.12855 0.20885
0.02688 -0.01473 -0.17049 -0.32432 -0.03587 -0.11561 -0.01567 0.12074 0.08438 0.06955 0.22269 0.02295 0.11755 0.32068 0.22684 0.22230 -0.30470 0.03149 0.23516 -0.03070 -0.11522 0.20342 0.22625 -0.03424 -0.34073 -0.15765 -0.05194 0.19110 0.32280 0.10134 0.11308 -0.15859 -0.24482 -0.08178 -0.09779 -0.02989 0.10913 0.12746 -0.24565 -0.31547
0.19286 0.11542 0.32796 -0.32877 0.10685 -0.09043 -0.23133 -0.04570 0.23974 -0.10169 -0.18243 -0.30242 0.09816 -0.15815 -0.04689 -0.24474 0.18529 0.00575 0.27970 0.01078 -0.01602 0.06904 -0.19988 -0.02224 -0.05359 0.14726 0.01203 -0.12346 0.07811 0.03732 -0.17848 -0.10334 -0.14759 -0.03020 0.27308 0.00135 -0.04066 0.07160 -0.09205 -0.00781
0.05671 0.33476 0.12586 -0.29545 -0.10000 -0.31109 -0.11660 -0.18388 -0.00071 0.03783 -0.03966 -0.18136 0.12454 -0.02423 0.34486 -0.22396 -0.00857 -0.17588 -0.01729 -0.31407 -0.12138 -0.22139 0.19765 0.17011 -0.25605 0.25751 -0.15994 -0.35536 0.23068 0.04382 -0.29687 -0.04384 -0.13607 0.09085 0.26509 0.11399 0.32028 -0.21672 0.18861 0.14240
-0.25528 -0.01081 0.27336 -0.28984 0.25630 0.01431 -0.07323 -0.05133 0.10775 -0.09454 -0.12089 -0.25121 0.08253 -0.15835 -0.03373 0.04054 -0.14155 -0.18300 0.15607 0.08469 -0.03665 0.02136 -0.00263 0.09040 0.20611 0.15871 0.13862 -0.04761 0.23514 0.03694 0.17638 0.25041 -0.36697 0.15200 0.29891 -0.04327 -0.09361 -0.04627 0.10667 0.19848
0.36094 0.07070 -0.07175 -0.11723 -0.00219 -0.07432 0.16796 0.13338 0.15368 -0.09803 -0.11215 0.12878 -0.09701 -0.04033 0.06417 0.19904 0.19495 0.20817 0.05436 0.29174 -0.03799 0.20311 -0.04703 0.01740 -0.12391 -0.10476 0.03976 -0.00351 -0.17513 -0.01079 -0.02848 -0.12208 -0.09518 0.15742 -0.12322 0.12100 0.27044 0.16493 -0.29544 0.06666
-0.02120 0.27726 0.24517 -0.07873 0.13810 -0.15896 -0.24133 -0.01028 0.14121 0.04144 -0.03134 0.01303 -0.06249 -0.02726 -0.17359 -0.19364 -0.11953 0.07220 -0.03203 0.24256 0.00266 -0.17680 -0.06588 -0.18726 0.10154 -0.20445 -0.06483 -0.06950 0.18139 0.07477 0.02174 0.15655 -0.04676 0.07578 -0.04317 0.12598 0.13621 0.08528 0.19765 0.27825
-0.10701 0.40066 0.21448 -0.10531 -0.08237 0.23775 -0.23149 -0.00161 -0.20134 0.28982 -0.27720 -0.02074 -0.20775 -0.06899 -0.34113 -0.17815 0.10512 -0.18680 0.18053 0.14941 -0.10930 -0.03852 -0.02544 0.01963 -0.18420 0.13638 -0.00577 0.03147 -0.07140 -0.24723 0.08996 -0.18154 -0.02154 -0.01794 -0.06364 0.11547 0.23220 0.15085 0.15881 0.20289
-0.03291 0.04452 0.00741 0.12286 -0.02362 -0.10354 -0.11430 -0.07576 0.05251 -0.18228 -0.04648 0.12493 -0.08198 -0.11159 0.05848 0.01778 0.05042 -0.01025 -0.04168 0.28447 -0.16825 0.02069 -0.12511 0.25577 -0.03219 -0.16393 0.17830 0.21522 -0.11758 -0.00749 -0.02878 0.16586 -0.20158 0.09324 -0.06427 0.16891 -0.18032 -0.09971 0.03120 0.21447
0.07162 0.24675 -0.21038 0.24760 0.37185 -0.18215 -0.03664 -0.26147 0.11369 0.15690 -0.28086 0.23240 -0.15150 -0.01250 0.10423 -0.17377 -0.19248 -0.09684 0.08288 -0.16851 -0.22896 0.21799 -0.14030 -0.13313 -0.09104 -0.06268 -0.21516 0.03227 0.11817 0.01529 -0.25965 0.07666 -0.11551 -0.02900 -0.21462 -0.09004 0.14628 0.13630 -0.17086 0.14831
0.20478 -0.02041 -0.09334 -0.25759 0.14229 0.20103 -0.24295 0.26236 0.02363 -0.04595 0.10412 -0.10402 -0.13649 0.05562 -0.06114 -0.13296 -0.04003 -0.02397 0.01992 -0.00020 -0.10379 0.35954 -0.07035 -0.23306 -0.12739 -0.02735 0.06875 0.07113 0.23068 0.16284 0.04604 0.06678 -0.11217 -0.16142 0.01395 0.11899 0.04559 -0.29671 -0.01687 -0.18250
-0.07022 -0.05998 0.12333 0.19063 0.17649 -0.23375 -0.03084 -0.19056 -0.11796 0.12453 0.19750 -0.01185 -0.11631 0.15159 -0.06118 0.20819 -0.29136 0.11076 -0.09567 0.28229 0.00805 0.01451 -0.21807 0.12699 -0.05554 -0.12094 -0.15349 0.07465 -0.06878 0.08144 -0.23598 -0.11321 -0.04161 -0.12281 -0.07620 0.22316 -0.26800 0.08658 0.01647 0.22978
