0.12103 -0.25974 -0.13178 -0.25324 -0.19562 -0.09380 -0.15072 0.01202 -0.04784 0.12195 -0.16194 -0.12524 -0.08999 0.17358 -0.09045 -0.07568 -0.13216 0.02784 -0.22553 0.08262 -0.16260 0.21800 0.12622 0.15773 0.18584 -0.07086 0.16869 0.07240 -0.16498 0.05451 -0.02549 -0.04602 -0.13125 0.01282 0.13098 -0.07414 -0.00636 -0.04275 -0.10838 0.09529
-0.00630 -0.16225 0.18848 -0.03392 0.02659 -0.00377 0.13990 0.01720 0.10109 -0.03705 -0.03889 -0.00409 -0.09026 0.24070 0.00973 -0.10392 0.04775 -0.19018 -0.01596 -0.07587 -0.00345 0.03912 -0.09537 0.13048 0.00119 -0.06536 0.20888 -0.12955 0.11637 -0.02606 0.06986 0.09619 -0.16494 0.09520 0.07670 -0.03114 -0.05983 -0.01478 -0.03573 -0.04776
0.07600 -0.05847 0.00532 -0.03440 0.30268 -0.17375 0.17938 0.00465 0.17369 0.10385 -0.14550 0.01975 0.26594 0.08376 0.16163 0.09384 0.07705 0.15061 0.04317 -0.17323 0.25472 -0.00250 0.11694 -0.09637 -0.03844 -0.03768 0.09626 0.08479 0.11452 -0.10123 0.07234 0.23244 -0.01937 0.16427 -0.03613 0.04165 0.04863 0.27231 0.28786 -0.20743
0.17453 0.04369 0.15549 0.16263 0.20708 0.08542 0.18205 0.27648 0.20753 -0.07723 0.36680 0.26587 -0.05830 -0.18655 0.01201 -0.00024 -0.00685 0.13388 0.07555 0.04108 0.22611 0.05409 -0.05003 -0.00750 0.07429 -0.06386 0.20944 -0.00807 0.23908 -0.18976 0.07070 0.09240 0.25473 0.05733 -0.10968 0.16155 -0.33420 0.14803 0.03231 0.14842
-0.07954 -0.02139 0.23226 0.13174 0.02391 -0.21655 0.12425 0.11248 0.01899 -0.19678 -0.07814 0.08139 0.00054 0.03808 0.06590 -0.12287 0.14247 -0.13997 0.22945 -0.18376 -0.03287 -0.03428 -0.14164 0.21101 -0.30774 -0.01627 -0.18476 -0.14513 0.17108 0.12170 0.01492 0.09375 0.12611 -0.01775 -0.22639 0.11352 0.24684 -0.17101 0.09137 -0.11856
0.03798 -0.07665 0.23998 0.01614 0.01898 -0.29911 0.13539 0.16180 0.05297 -0.25481 -0.04849 0.03188 -0.03840 0.01991 -0.07866 -0.19147 0.04433 -0.20437 0.17981 -0.07249 -0.07641 0.01511 -0.13311 0.22858 -0.31703 -0.02989 -0.17457 -0.03957 0.13462 0.13568 -0.10700 0.05090 0.11676 -0.02585 -0.18619 0.18404 0.10246 -0.11182 0.17731 -0.11482
0.16182 0.03033 0.21663 -0.13468 -0.12852 0.07308 -0.15079 -0.23147 -0.07045 0.02130 -0.09366 0.01663 0.10491 -0.04758 0.10686 0.00154 0.01491 -0.14886 -0.01410 0.06950 -0.08478 -0.03949 0.07046 0.01747 0.06759 -0.06321 0.02557 0.08344 -0.21173 -0.02963 0.15083 -0.31746 -0.05512 0.02370 0.10161 -0.11791 0.03287 -0.10237 -0.01454 0.00312
0.04518 -0.17683 -0.00142 0.09927 -0.12672 -0.03619 0.05974 -0.21108 0.01803 0.30569 0.01108 -0.24478 -0.14325 -0.10487 -0.04434 0.06436 -0.18855 0.10086 -0.16964 0.01179 -0.00920 0.03860 -0.12200 0.00940 0.04094 0.13987 0.30376 -0.03658 -0.26883 -0.06859 -0.00002 -0.08363 0.00810 0.02288 0.27844 -0.02808 0.03939 0.09628 0.21216 -0.08761
0.05934 0.02285 -0.24728 -0.07109 -0.08583 0.00601 -0.15884 -0.04458 -0.14786 0.03676 -0.19380 -0.01080 0.01615 0.14421 -0.11684 -0.09637 -0.12580 -0.08009 -0.07523 0.07339 -0.16592 0.05087 0.19831 0.11717 0.03363 -0.04777 0.21569 0.12837 -0.26243 -0.12021 -0.04464 -0.20583 -0.07113 0.06608 0.11299 0.01176 0.05940 0.06041 0.07420 0.04495
-0.06484 -0.04761 -0.28284 -0.00791 -0.28467 0.08696 -0.23439 -0.15819 -0.01332 0.06993 -0.19954 -0.11397 0.11787 0.06056 -0.13436 0.07641 0.01509 0.01563 -0.10263 0.03541 -0.19256 0.17780 0.25220 0.05585 0.09630 0.04032 0.05378 0.07349 -0.11656 0.05091 0.00700 -0.18244 -0.17868 -0.03620 0.04429 -0.05537 0.09030 0.02196 -0.06814 -0.00153
0.16204 0.06541 0.17292 0.08787 0.15808 0.03767 0.13229 0.19296 0.12788 -0.09976 0.19871 0.19973 -0.13137 -0.09063 0.00125 -0.06819 -0.06082 0.01411 -0.02425 0.00568 0.16288 0.09068 0.03496 -0.06785 0.04802 -0.01714 0.13769 -0.02596 0.16854 -0.15182 -0.01993 0.06747 0.16461 -0.03891 -0.11688 0.13047 -0.26309 0.13794 0.03624 0.11001
-0.01051 -0.01749 -0.17448 -0.07594 -0.08356 -0.08463 -0.26168 0.06688 -0.19946 0.10263 -0.16617 -0.00618 0.00295 0.09789 -0.12560 -0.14938 -0.14507 -0.15356 -0.19240 0.05797 -0.21483 0.08961 0.15334 0.06424 0.12338 0.12856 -0.09174 0.12349 -0.23786 0.01572 -0.01330 -0.32245 -0.12178 0.06329 0.15532 0.00729 -0.08456 0.00516 -0.07646 -0.05188
-0.10442 -0.06528 0.00601 -0.06614 -0.18250 0.05378 -0.21282 -0.14275 -0.07407 0.03606 -0.15351 0.05624 0.01394 -0.12042 0.00470 0.14422 -0.21295 0.06065 -0.07858 0.25793 -0.29852 0.00264 0.09603 -0.17985 0.29309 0.11143 -0.01777 -0.00998 -0.21099 -0.05918 -0.02535 -0.31288 -0.09219 0.07353 0.09009 -0.06610 -0.00259 -0.13264 -0.17336 -0.04028
0.16715 -0.03499 0.10523 0.11571 0.22735 -0.07855 0.20596 0.23159 0.18825 -0.07841 0.23956 0.11613 -0.02459 -0.15370 -0.01179 -0.02110 0.04538 0.09903 0.07719 -0.00551 0.17987 0.06414 -0.07004 0.05567 0.03326 -0.07437 0.22971 -0.00920 0.17603 -0.14390 0.04285 0.08316 0.18090 0.00877 -0.12336 0.13089 -0.26382 0.16575 0.02060 0.08048
0.17450 0.01476 0.01652 0.06680 0.15358 0.10559 0.17050 0.22563 0.20508 -0.03943 0.28051 0.17914 -0.02352 -0.01508 -0.10694 -0.03795 0.05348 0.09810 -0.04994 -0.03458 0.14705 0.12686 -0.00367 -0.01846 0.05887 -0.02746 0.18541 0.01623 0.23439 -0.22890 0.08294 0.09688 0.13868 0.04184 -0.14255 0.10199 -0.31230 0.15116 0.05712 0.06183
0.07659 0.01071 -0.13816 -0.18075 -0.22745 -0.14435 -0.20578 -0.17902 -0.15322 0.21276 -0.17690 -0.23723 -0.01887 -0.12949 0.09647 0.00819 -0.07204 -0.08604 -0.15890 0.05782 -0.24165 -0.01971 0.03973 -0.12724 -0.08319 0.04651 -0.10890 -0.08975 -0.08266 0.14185 0.04896 -0.09075 -0.23181 0.15267 0.17502 -0.11988 0.05369 -0.03342 -0.18249 0.04804
0.19765 -0.18277 -0.14040 -0.15594 -0.18126 -0.09867 -0.11056 -0.03227 0.04811 0.05413 -0.23162 0.00789 -0.16320 0.17491 -0.06480 -0.01267 -0.05802 0.12195 -0.12606 0.12196 -0.17632 0.08619 0.16199 0.00828 0.19774 0.02100 0.16468 0.20897 -0.16478 -0.04234 0.00463 -0.18122 -0.25750 0.02491 0.15670 -0.04221 0.01564 0.04005 0.04230 0.00729
0.04378 -0.00450 -0.01644 -0.08677 -0.21909 0.16537 -0.07291 -0.17096 -0.08987 0.24077 -0.10136 -0.06481 -0.20940 0.16254 -0.07955 -0.08294 -0.22768 -0.14444 -0.37308 0.10978 -0.18436 0.30448 0.20502 -0.00707 0.06558 0.02348 -0.03736 0.01654 0.01776 -0.15365 -0.05936 -0.21454 -0.10635 0.02286 0.09925 0.02415 -0.03754 -0.06505 -0.01096 0.00451
-0.04596 -0.10110 -0.16695 0.00292 -0.10965 -0.02980 -0.10880 -0.00344 -0.02088 0.00798 -0.21710 -0.14471 0.06152 0.07864 -0.15552 -0.13825 -0.22242 0.07787 -0.07561 0.11522 -0.18023 0.08383 -0.11172 0.06941 0.05938 0.03875 0.15684 0.19002 -0.15179 0.03712 0.07631 -0.16307 -0.14216 -0.07299 0.13515 -0.06400 -0.08290 0.18108 -0.08671 -0.07223
0.05861 -0.01208 -0.26348 -0.00797 -0.19628 0.12524 -0.13805 -0.02041 0.15848 0.01565 -0.15727 -0.11196 0.00279 0.20257 -0.34172 -0.05499 -0.30920 0.04599 -0.24693 0.06896 -0.17806 0.12829 0.00386 -0.16241 0.03339 0.10277 -0.01888 0.28088 -0.06680 -0.01928 -0.12163 0.06554 -0.34877 0.00029 0.01218 0.06577 -0.30621 0.03218 -0.09150 -0.11843
-0.21662 0.19053 -0.28516 0.19654 0.08232 0.24022 0.02897 -0.16759 -0.17968 0.11278 0.11580 -0.07761 -0.23193 0.20295 0.00735 0.10973 0.09598 0.00150 0.29168 0.14059 0.21952 -0.08144 -0.14544 0.06149 -0.09242 0.04027 0.03812 0.11283 0.06776 0.09070 0.00459 0.16155 0.10685 -0.17900 -0.15729 -0.09614 0.06737 0.16593 -0.05238 0.23856
-0.18722 0.18808 -0.30614 0.24086 0.10712 0.25560 0.01184 -0.19039 -0.18839 0.11356 0.13185 -0.04991 -0.31513 0.20031 0.06684 0.11404 0.14688 -0.03083 0.28275 0.11581 0.19189 -0.09510 -0.10516 0.07038 -0.08851 0.04811 -0.06612 0.08633 0.04030 0.09133 -0.10118 0.16657 0.09780 -0.22665 -0.18208 -0.00121 0.02548 0.12396 -0.04436 0.23251
-0.01341 -0.04288 0.22285 -0.06334 0.07373 -0.31905 0.13430 0.09524 -0.01444 -0.21216 0.00912 0.11712 -0.05744 -0.03622 -0.02031 -0.11786 0.08094 -0.20208 0.21652 -0.10423 0.01242 -0.06199 -0.16198 0.26136 -0.36556 -0.09263 -0.14217 -0.15993 0.11654 0.06435 -0.09524 0.07551 0.14756 0.00015 -0.14110 0.18162 0.16912 -0.21021 0.16472 -0.10951
0.16396 -0.14156 -0.02117 -0.19501 -0.07188 -0.03489 -0.17621 -0.16713 -0.10599 -0.00357 -0.01885 -0.03856 0.11426 0.10895 -0.20754 -0.13081 0.04844 -0.01548 -0.21654 0.05808 -0.19452 0.19258 0.17639 -0.09539 0.09134 -0.06064 0.06692 0.07125 -0.28779 -0.18585 0.05640 -0.14545 0.02677 -0.07639 0.15797 -0.05280 -0.00376 -0.06449 0.16544 -0.04696
0.10092 -0.11872 -0.00892 0.02328 -0.27637 -0.12702 -0.04841 -0.03268 -0.03946 0.07384 -0.20646 -0.17655 -0.01445 -0.00364 -0.14067 0.10222 -0.05784 -0.06284 -0.23381 0.07350 -0.15075 0.08874 0.21180 0.02689 0.23299 -0.02712 0.11038 0.05963 -0.27447 -0.16234 -0.00636 -0.23139 -0.01776 0.01727 -0.09641 -0.04634 0.02468 0.02068 -0.11060 0.01446
0.24117 -0.21890 -0.16507 -0.22477 -0.24039 -0.13003 -0.09175 -0.10048 -0.00222 0.10504 -0.20876 -0.00366 0.05136 0.03330 -0.34549 -0.07153 -0.06709 0.10384 -0.24671 0.02153 -0.05222 0.23321 0.02055 -0.01374 0.31340 -0.18497 0.20523 0.18584 -0.26832 0.02444 -0.07809 -0.16281 -0.30871 0.05960 0.11916 -0.15401 -0.24325 0.16179 -0.12927 -0.08405
0.10746 -0.04088 -0.11292 -0.08687 -0.31029 -0.02846 -0.25370 -0.19902 -0.14114 0.18380 -0.23606 0.02621 0.06451 0.14533 -0.02695 0.02834 -0.21488 0.04518 -0.21464 0.22952 -0.21287 0.27593 0.16544 -0.06590 0.16339 -0.04287 -0.07246 0.08147 -0.27573 -0.08264 -0.02318 -0.11806 -0.15570 0.21427 0.22780 0.06670 0.10622 -0.00813 -0.00079 -0.05903
-0.03891 -0.13863 0.27773 0.10096 0.00148 -0.07396 0.16995 0.10052 -0.02271 -0.28669 -0.04638 -0.00770 -0.06631 -0.17552 0.00482 -0.23106 0.14622 -0.22503 0.24435 -0.13037 -0.01226 -0.07459 -0.06612 0.31458 -0.34053 0.00192 -0.07763 -0.15087 0.10113 0.05473 -0.08791 0.00181 0.11717 -0.04522 -0.24108 0.06531 0.15689 -0.20572 0.06368 -0.06870
0.13070 -0.07329 -0.05616 -0.16489 -0.09168 0.00969 -0.06076 -0.07300 -0.06346 0.01964 0.02215 0.08629 -0.15162 0.05936 -0.06259 0.03400 -0.20396 -0.09958 -0.18155 0.23020 -0.18225 0.06284 0.17554 -0.04887 0.12526 0.05226 0.04606 0.06946 -0.12614 -0.10199 -0.05264 -0.16991 -0.11070 0.05756 0.17593 0.06081 -0.04865 -0.05396 -0.04522 -0.10290
0.03276 -0.00789 -0.26898 -0.13971 -0.23391 0.07310 -0.33219 -0.01456 -0.03114 -0.09997 -0.13964 -0.03409 0.11738 0.11835 -0.23969 -0.03118 -0.18315 0.06455 -0.16174 0.19902 -0.04390 0.07418 0.17544 -0.04755 0.11014 -0.01371 0.24030 0.12351 -0.11363 -0.06619 0.05243 -0.13866 -0.11580 -0.03453 0.02404 -0.14015 -0.04181 0.05022 -0.05176 0.14106
-0.01672 -0.10371 0.25675 0.03907 0.01313 -0.24477 0.16226 0.13560 0.02857 -0.25906 -0.06440 0.04675 -0.01832 0.04712 0.02859 -0.15289 0.16176 -0.13834 0.25395 -0.15043 -0.07711 -0.04680 -0.13012 0.18822 -0.28529 -0.10943 -0.21536 -0.05963 0.14016 0.12772 -0.02486 0.05220 0.14104 -0.03925 -0.26688 0.09773 0.22635 -0.15624 0.16674 -0.13044
0.05080 -0.04527 0.04624 -0.01758 -0.14408 0.07700 -0.24882 -0.24425 -0.09743 0.06485 -0.11405 -0.10877 -0.05802 0.14248 -0.14233 -0.00617 -0.18776 -0.04411 -0.20257 0.05617 -0.13654 0.19239 0.20070 -0.22692 0.26019 0.03271 -0.13854 0.22456 -0.11359 0.11484 -0.12469 -0.09777 -0.10154 -0.05792 -0.00514 -0.07612 0.10882 -0.12316 -0.00288 -0.05268
0.03730 -0.10165 -0.08688 -0.17488 -0.10587 0.07652 -0.22855 -0.14069 -0.08250 0.00707 -0.08169 0.01174 -0.08698 -0.06584 -0.05795 0.02436 -0.26465 -0.05069 -0.12866 0.14550 -0.04263 0.14957 0.15415 -0.06125 0.19403 -0.03298 -0.05738 0.06721 -0.17091 -0.07206 -0.13954 -0.06665 -0.21288 -0.02146 0.13052 0.06485 -0.07537 -0.02705 0.02357 -0.05478
0.07783 0.10148 -0.35611 0.06936 -0.01280 0.06310 -0.35671 -0.07242 -0.13316 -0.05542 -0.09049 -0.22207 -0.15382 0.07967 -0.06441 0.02134 -0.04019 0.19944 -0.26279 -0.17402 0.15523 -0.07790 0.22321 -0.01539 0.06939 0.10069 0.09578 -0.07256 -0.35361 -0.08102 0.15769 -0.29790 -0.05647 -0.09087 0.05311 -0.18553 0.10408 -0.12709 -0.03647 -0.12402
-0.01544 0.01367 -0.14209 0.00805 -0.24631 0.03066 -0.17213 -0.20234 -0.20921 -0.03002 -0.19929 -0.14549 -0.16655 0.26896 -0.08061 -0.05774 -0.17678 -0.06764 -0.07134 0.11956 -0.06892 0.17865 0.25416 -0.05171 -0.04467 0.02602 0.20056 0.11431 -0.24018 -0.06566 -0.03606 -0.16769 -0.17210 -0.01899 0.05243 0.00647 -0.09767 0.02014 0.06097 0.01939
0.22874 -0.03114 0.21838 0.00953 0.10452 0.10821 0.21376 0.20984 -0.16687 -0.02928 -0.16429 0.13622 -0.14001 -0.05537 0.28822 0.09307 0.01346 0.21109 0.25719 0.04433 -0.09031 -0.21209 -0.11223 0.16698 -0.04946 -0.01782 0.15355 -0.15603 -0.09930 0.17344 0.23902 0.22629 -0.02018 -0.01821 0.09883 0.14121 0.08870 -0.12673 0.11764 -0.08472
