-0.08636 -0.16354 0.02691 0.18481 -0.04755 -0.21915 0.10793 -0.05152 0.21760 -0.09011 -0.04516 0.21383 0.02433 -0.10724 0.00005 0.04993 0.22982 -0.10167 0.01095 -0.11708 0.04521 -0.19328 0.05601 0.08259 -0.08698 0.12163 -0.10129 0.18803 0.07187 0.01599 -0.09569 -0.14119 -0.07444 -0.09083 0.05531 0.07326 0.00280 0.02049 0.20706 -0.00241
-0.19860 -0.10353 0.18020 0.06154 0.22238 -0.32931 0.13846 -0.20340 0.07219 0.24961 -0.04195 0.10489 -0.14860 -0.18212 -0.19432 0.09082 0.29476 0.02309 0.06676 -0.10128 0.13647 -0.07800 0.10928 0.05687 0.03782 0.05871 0.15970 -0.06840 -0.16997 0.15177 0.12291 0.15575 0.28386 0.05554 0.22047 -0.01842 -0.06636 -0.23372 0.05855 0.13053
-0.06908 0.11789 -0.09345 0.22279 0.07838 -0.26336 0.15950 0.01765 -0.09875 0.06473 0.02755 -0.13950 0.23046 -0.20168 0.00900 -0.31369 0.04244 0.10241 0.05011 0.11709 -0.25060 -0.08694 0.33298 0.20021 -0.16395 -0.05195 0.32205 -0.05319 -0.03030 -0.13944 0.07186 0.21441 0.17741 -0.03680 0.30305 0.27543 -0.10695 0.04814 -0.00567 0.04965
-0.08783 0.04901 0.31203 0.18489 -0.07999 0.02666 0.02926 0.24083 0.09181 0.05066 0.00174 0.14968 0.05580 -0.07682 0.24722 -0.07158 -0.20040 0.06640 -0.00996 -0.12780 0.02950 -0.02496 0.05185 0.20127 -0.06407 0.04503 0.22848 -0.01988 0.09729 -0.11537 0.03124 -0.22674 0.04920 -0.03040 0.05474 -0.09209 0.17443 0.16438 -0.11450 0.00651
0.00652 0.11729 -0.08772 -0.00143 0.11129 -0.28044 -0.08568 -0.01799 -0.12447 0.05407 -0.00399 -0.10015 0.22599 0.05028 0.14451 -0.18039 0.14741 -0.11041 -0.01606 0.04306 -0.02311 0.10148 0.05978 0.08271 -0.08841 0.13516 -0.09222 0.22691 -0.16930 0.25017 0.08049 0.12968 0.14519 -0.15455 0.11354 0.12277 0.00173 -0.16700 -0.02944 -0.12532
0.20729 0.04306 -0.01414 -0.05261 -0.03395 -0.24483 -0.04948 -0.06497 0.08298 0.03809 -0.05064 0.02068 0.15560 -0.05805 0.07139 -0.18145 -0.12447 0.02667 -0.32103 -0.26213 -0.18122 0.33191 0.07130 -0.09334 -0.09685 0.25482 -0.20952 -0.05630 -0.10875 0.14731 -0.06661 0.09024 -0.06419 -0.02954 -0.19094 -0.19461 -0.11012 0.07210 -0.10460 0.14861
-0.12855 -0.01264 0.04415 -0.07134 0.00547 -0.34474 -0.03879 0.19526 -0.12831 0.18422 0.33228 -0.11689 0.11195 -0.24742 0.17412 -0.18680 0.16885 0.06171 -0.04286 -0.08768 0.08599 0.00458 0.15655 0.21123 -0.07949 -0.17042 -0.01206 -0.04871 -0.06287 0.00290 -0.25195 0.21052 0.15121 -0.04268 0.03524 -0.08722 -0.01977 -0.14219 -0.08337 -0.15222
-0.08560 0.12269 0.09867 -0.00433 0.28720 -0.27413 -0.03402 0.07401 -0.01226 0.23896 0.12247 0.06380 0.04767 -0.02149 -0.10437 0.20624 0.31692 -0.15126 -0.01233 0.12682 0.03437 0.02845 0.31338 0.09809 -0.00937 0.06107 0.10497 0.22413 -0.09564 0.05241 -0.09403 -0.02660 0.27922 -0.21867 0.01850 0.03311 -0.18879 -0.18178 0.15900 -0.06428
-0.19620 0.25077 0.32874 0.33076 0.05047 -0.40662 0.03819 -0.01356 0.12696 -0.11076 0.32141 -0.26887 0.01831 -0.12607 -0.02736 -0.04512 0.13863 0.22627 -0.20720 -0.09762 0.23525 0.06118 -0.14107 -0.04810 -0.03541 0.25199 0.30509 -0.09039 0.02792 0.12993 -0.04312 -0.17830 -0.09905 0.13006 0.43510 -0.00712 -0.14271 0.27889 -0.18550 0.05491
-0.13595 -0.10033 -0.17477 0.16228 0.08773 -0.35013 -0.01060 -0.12474 -0.16910 0.05046 -0.03583 0.06713 -0.01727 -0.07655 -0.06146 -0.09693 0.15327 -0.02156 -0.07673 0.08665 -0.08663 0.03664 -0.02476 0.18163 0.09644 0.20918 -0.06982 0.09586 0.13572 0.19777 -0.20760 0.07479 0.04595 0.08982 0.05463 0.19178 -0.07701 -0.16195 -0.02540 0.08020
0.08171 0.04573 0.16310 -0.04929 0.08441 0.37508 -0.04824 0.12204 0.06885 -0.30705 0.13738 -0.12545 -0.18774 0.37178 0.13683 0.10999 -0.20365 -0.00539 0.16478 0.07016 0.13284 0.12616 -0.09120 -0.12301 0.10288 -0.19222 -0.06644 -0.02755 0.05668 0.04333 0.28595 0.01430 -0.09571 -0.09641 -0.06377 -0.02031 0.26602 0.19334 0.07782 -0.08749
-0.03277 -0.10859 0.09264 -0.11501 0.05427 -0.26820 0.15195 0.03663 -0.07655 0.07349 0.05594 0.16973 -0.02704 -0.09107 0.01055 -0.19905 -0.00588 0.07641 0.07518 0.12687 -0.11512 0.01121 0.18952 0.11672 -0.04773 -0.10850 -0.02372 0.07970 -0.04429 -0.01971 0.07271 0.04403 0.11977 0.10922 0.27556 0.24227 -0.14411 -0.25295 0.01897 0.02009
-0.06796 -0.10276 0.15688 0.04954 0.03852 0.35973 -0.14119 0.09344 0.07557 -0.21713 0.21168 -0.24396 -0.10033 0.27615 0.02511 0.12120 -0.11990 -0.15251 0.17378 0.00585 0.10838 0.15473 -0.04001 -0.12210 0.14173 -0.16590 -0.14763 -0.17604 0.08631 -0.04439 0.09016 -0.01958 -0.05261 -0.15342 -0.06269 0.02773 0.18271 0.09619 -0.06512 -0.11588
-0.00624 -0.11348 0.16754 -0.05749 0.05116 0.27921 -0.07022 0.16999 0.05954 -0.18548 0.12855 -0.21175 -0.05998 0.34605 0.03011 0.10506 -0.24765 -0.15928 0.08573 0.10227 0.08660 0.18415 -0.12985 -0.12627 0.22430 -0.11963 -0.25402 -0.08742 0.10890 0.06712 0.14558 -0.14629 -0.10142 0.03993 -0.08731 0.04853 0.08282 0.01973 0.04375 -0.12564
-0.04378 -0.08649 -0.09764 -0.05756 0.04918 -0.02180 0.09282 0.18899 -0.22918 -0.04333 -0.03784 -0.10844 -0.03331 -0.02007 -0.01549 -0.03810 0.24473 -0.17636 0.07180 -0.02623 -0.11144 -0.06460 -0.02162 0.15767 0.11077 -0.04173 0.15176 -0.11263 -0.03055 -0.08411 -0.09662 0.13566 -0.07237 0.15297 -0.21893 -0.05350 -0.02429 0.12059 0.12175 -0.03868
-0.22568 -0.16685 -0.03592 0.07490 0.00088 -0.31508 0.04380 0.11461 0.05387 0.06678 -0.13535 0.02537 0.02198 -0.01388 0.00526 0.00357 0.22106 -0.00384 -0.07380 -0.00149 0.05782 0.21863 0.02923 0.12399 0.26075 0.18944 0.03641 0.02173 0.13820 -0.01908 -0.00894 0.14412 0.12938 -0.04841 0.03131 0.17369 -0.19317 -0.02742 0.03820 0.02770
-0.20071 0.14067 0.08906 0.19414 0.06697 -0.30747 0.22190 0.15573 0.15089 -0.06630 -0.01174 0.14674 -0.01100 -0.35878 -0.01398 -0.15476 -0.09218 0.06968 -0.17619 0.11679 -0.07106 0.00052 0.11581 0.03608 -0.10119 -0.09826 0.27136 0.04471 -0.04501 -0.14451 -0.06583 0.03027 -0.02755 0.13943 0.10607 0.03386 -0.03436 -0.05558 0.02379 -0.00250
0.06981 -0.10000 -0.08467 -0.17483 -0.01252 0.10882 -0.12482 -0.08102 0.01369 0.23604 -0.22184 -0.15740 -0.10527 -0.00494 -0.08944 -0.07684 0.00357 -0.08477 -0.26442 0.06354 0.19505 -0.19017 -0.26558 -0.07510 -0.24368 -0.16123 0.19678 0.12507 -0.22880 0.06971 -0.12122 0.29684 0.03367 -0.07363 -0.12220 -0.08701 -0.16006 -0.30315 0.19238 0.10249
-0.08808 -0.13320 0.04356 0.08888 0.10316 -0.07424 -0.08897 -0.01016 -0.01505 0.23207 0.12610 -0.08607 0.06403 0.12102 0.18768 -0.06026 0.17580 -0.07712 -0.10573 -0.18336 0.06895 0.03853 0.11071 0.05046 -0.10010 0.13809 0.09226 -0.04043 -0.21175 0.04778 -0.01070 -0.08605 0.02772 -0.05756 0.38052 0.08900 -0.14759 0.22340 -0.11673 0.25803
0.01625 0.29464 -0.21287 0.13076 0.13153 -0.27184 -0.12947 0.19351 -0.04095 -0.04346 -0.02575 0.11273 -0.07543 0.03567 -0.07958 0.05002 -0.07113 -0.17261 0.13047 -0.20787 -0.04804 -0.13082 -0.06010 -0.04507 0.09011 -0.03069 -0.16393 0.08127 -0.06560 -0.22146 -0.08623 0.19957 -0.04670 0.32851 0.14267 0.23402 -0.13608 -0.22886 0.07492 -0.12187
-0.16178 -0.06908 0.05127 0.21166 0.08335 -0.23696 -0.03074 0.04282 -0.02766 0.11117 0.24103 -0.10353 -0.10930 0.00048 0.17888 -0.05107 0.01371 -0.10606 -0.28728 -0.04260 -0.08115 -0.15441 0.02054 0.07464 0.05468 0.06766 0.09022 0.00734 0.02350 -0.09941 -0.07066 0.07900 0.09219 0.05975 0.15953 -0.09424 -0.16290 0.11984 -0.16558 0.25232
-0.01555 0.04667 0.04193 0.16671 -0.06589 -0.47134 0.03822 0.28707 -0.27898 0.07686 0.24563 -0.18292 0.12428 -0.02542 0.08741 -0.10533 0.03260 0.13883 -0.19145 -0.07992 -0.18641 0.11543 0.29043 0.21490 -0.00225 0.08759 -0.12854 0.21681 -0.04896 0.16735 -0.02899 0.14866 0.06613 -0.04284 -0.01766 0.10847 -0.04491 0.02097 -0.03384 -0.03324
-0.02904 -0.02242 -0.00235 0.02795 0.10630 -0.16157 -0.03742 -0.00305 -0.00399 -0.01641 0.10099 0.08628 0.03041 -0.06972 0.15433 -0.08434 0.07976 0.23433 -0.02838 -0.04631 0.03675 -0.01612 0.18320 0.11409 0.04432 0.13254 -0.01035 0.27953 -0.16750 -0.08315 0.13194 -0.17292 0.13343 0.03124 0.08703 -0.01683 -0.09142 0.14038 -0.13487 0.12749
-0.12176 0.01096 0.05331 0.09223 -0.04860 -0.22495 0.04603 -0.25450 0.11813 0.16332 -0.19391 0.13050 0.19239 0.06820 0.01155 -0.21857 -0.02694 -0.01399 -0.13266 0.10975 -0.26557 0.05319 0.00867 0.09114 -0.13593 -0.10643 -0.02423 0.00044 0.00920 0.28321 -0.04455 -0.04290 0.25131 0.04796 0.21594 -0.05627 -0.04048 -0.00011 -0.05546 -0.03156
-0.01491 0.20910 -0.31571 -0.16323 -0.26613 0.13862 0.10073 0.20991 0.25342 0.11112 0.05958 -0.04059 -0.18244 -0.00155 -0.05989 0.05993 -0.30810 0.09519 -0.04850 -0.02342 -0.20418 0.05538 -0.20552 -0.25193 0.00807 0.17164 -0.00443 -0.13782 0.05890 -0.03812 0.38284 0.21705 -0.01659 0.30158 0.04676 0.01628 -0.23379 0.20402 0.10888 -0.09011
-0.05025 0.01839 0.11201 0.11123 -0.06551 -0.11422 0.02901 -0.12278 -0.07877 0.14681 0.11788 -0.02195 0.00459 -0.07087 0.23942 -0.27936 0.34950 0.12654 0.00201 -0.17945 -0.03891 0.16942 0.03957 0.19647 0.06187 0.18298 -0.02188 0.08286 -0.20544 0.06678 0.06614 0.04575 -0.02084 -0.14592 0.29323 0.25325 0.04661 -0.04171 0.05135 0.24996
0.12202 0.15181 -0.21485 -0.19217 -0.07345 0.08834 0.05317 0.14118 0.16264 0.09403 -0.07752 -0.11100 -0.12583 -0.01280 0.05453 -0.01339 -0.19868 0.08427 -0.09427 -0.02104 -0.23030 0.06621 -0.17288 -0.19355 -0.00803 0.06574 0.04786 -0.00215 0.07709 0.02734 0.29507 0.29018 0.00975 0.24727 -0.00644 -0.08829 -0.19173 0.15604 0.05499 -0.03422
0.10956 0.24161 0.04424 -0.35206 -0.02880 0.13015 0.08862 -0.07401 0.02917 0.03634 -0.22381 0.27272 0.05161 0.00170 -0.14007 0.21437 -0.13851 -0.10983 0.12567 0.10250 -0.03661 0.09133 -0.12973 -0.19296 0.29915 -0.07574 -0.16101 -0.19364 -0.01343 0.17269 -0.01775 -0.16686 0.03109 0.02099 -0.20174 -0.23487 0.07025 0.06588 0.07237 0.05127
0.10884 -0.13961 0.03008 0.15192 0.10129 -0.15052 0.16080 -0.04258 -0.23475 0.07388 0.01991 -0.18016 0.21444 0.04615 -0.16628 -0.25451 0.15569 0.10961 -0.10439 0.20607 -0.00114 0.01295 0.34087 0.01999 0.19003 0.20909 0.11429 -0.06465 -0.02996 0.20346 -0.25725 -0.07584 0.17453 -0.00433 0.09740 0.06261 -0.21034 -0.17422 -0.07073 0.05834
0.07787 -0.02680 -0.22995 -0.01115 -0.04496 0.21979 -0.02342 0.02813 -0.06104 -0.21786 0.21656 -0.20018 -0.08329 -0.04077 -0.00487 -0.00350 0.20081 -0.24040 0.03997 0.06902 0.14232 0.21789 -0.07764 0.12991 0.00697 0.02024 -0.04812 -0.06322 0.03632 0.22579 -0.00430 0.20668 -0.01229 -0.16001 -0.28488 0.02257 -0.13220 0.04339 -0.01268 -0.17037
-0.13506 -0.02654 -0.14850 -0.19617 -0.14453 0.31798 -0.21157 -0.09372 0.25459 0.18076 -0.03518 0.10967 0.09925 0.21662 0.06640 0.16609 -0.17198 -0.04558 0.22393 0.08522 -0.09835 -0.08512 -0.12142 -0.12236 0.04965 -0.17244 0.20871 -0.14511 0.14250 -0.24247 0.04851 0.20203 -0.04820 -0.20237 -0.08972 -0.08194 -0.10719 0.26993 -0.14222 0.04045
0.08557 -0.05565 0.13418 0.17607 -0.02498 -0.16514 0.01718 0.13320 -0.15776 -0.10269 -0.02191 0.18361 0.09942 -0.01272 0.09613 0.01193 0.08114 0.12374 -0.12458 0.16868 -0.10154 -0.18034 0.13838 0.10555 0.11285 -0.05274 -0.01081 0.22038 0.01292 -0.10556 -0.22937 -0.00850 0.13596 0.14935 -0.15307 0.18402 -0.04880 0.10011 0.05351 0.03578
-0.19254 0.04862 0.22152 0.13451 -0.06577 -0.12608 -0.04330 0.15525 -0.13986 0.08856 0.27289 0.06312 -0.07691 -0.10776 0.23263 -0.30907 0.06025 0.07719 0.07098 -0.27391 0.05073 -0.01751 0.19190 0.12116 -0.13040 -0.04653 0.06389 0.02062 -0.07507 0.01888 0.07140 -0.07511 0.06836 -0.19985 0.24232 0.11347 0.21938 0.28465 -0.12437 0.01527
-0.06900 -0.15990 -0.14539 0.19251 -0.06896 -0.08163 -0.10229 -0.21416 0.06277 0.11116 -0.04189 -0.14933 0.08789 0.03498 0.26723 -0.11924 0.40069 0.21885 -0.33303 0.31172 0.16681 0.27092 0.09892 0.32334 0.07206 0.19473 0.25291 -0.05081 -0.25858 0.31416 0.09447 0.01740 -0.02193 -0.18504 -0.15507 0.27491 -0.24334 -0.20246 0.12793 0.01789
0.03419 -0.13468 -0.01328 0.09685 -0.02864 -0.25917 -0.18747 0.13538 -0.04684 0.03641 0.11893 -0.02480 0.23672 -0.13261 0.08815 -0.04934 0.01452 -0.04617 -0.19654 0.06701 -0.10122 -0.07212 -0.09193 0.16163 0.01206 -0.09509 0.19045 0.10536 0.00920 -0.02224 -0.29711 -0.03838 0.10753 0.15031 -0.07076 0.02692 -0.09731 0.10128 -0.00167 0.07382
-0.13095 -0.14504 -0.15766 0.00138 -0.02141 -0.27696 0.12563 0.02040 -0.11540 0.04957 -0.01832 -0.09346 0.07552 -0.06158 0.21171 -0.08505 0.19138 0.11334 -0.22348 -0.00793 0.11884 0.05162 0.10349 0.05103 0.05348 0.15907 0.06212 0.11293 -0.07255 0.13276 -0.09740 0.16230 0.02711 0.02508 0.15894 0.12137 -0.15754 -0.24825 -0.03069 0.04195
-0.06636 -0.04056 0.01161 0.04583 0.21394 -0.08531 -0.01295 -0.04875 0.01187 0.10915 0.19990 0.11413 0.02887 -0.17031 0.15961 -0.06210 0.25438 0.02784 -0.05006 -0.03875 0.07044 -0.11629 -0.05215 0.06654 0.07882 -0.04862 0.03725 0.21480 -0.11108 -0.07526 -0.08865 -0.09762 0.04969 -0.15278 -0.15963 -0.14077 0.15929 -0.06796 -0.06181 0.08052
0.01247 0.05201 -0.03039 0.09742 0.05881 -0.27624 -0.06453 0.20751 -0.12056 0.17089 0.17149 -0.10277 -0.08368 -0.11296 0.25278 -0.17488 0.10764 0.12280 0.03553 -0.12472 0.05289 0.02095 0.16997 0.19230 -0.04098 0.11305 0.13513 0.02274 -0.00318 -0.16152 -0.09959 -0.08466 0.06432 0.22093 0.06229 -0.07796 -0.07360 0.18991 0.03054 -0.02391
0.12678 0.23592 -0.02968 -0.27217 -0.07284 0.27388 -0.01735 -0.16330 0.01648 -0.02338 -0.20339 0.26043 0.06436 0.02830 -0.19876 0.16163 0.00290 -0.00235 0.08965 0.09175 0.03453 -0.00674 -0.25014 -0.23836 0.15118 -0.04950 -0.10959 -0.12659 -0.09084 0.09031 0.01454 -0.13481 0.07394 0.00617 -0.23376 -0.22513 0.09321 0.01027 -0.00034 0.07798
-0.03312 -0.00052 0.07085 -0.06363 0.28630 0.14848 0.01881 -0.00691 -0.03250 0.18556 -0.14078 0.04746 -0.19594 0.22635 -0.10483 -0.12163 0.07226 -0.01026 -0.02919 0.16766 -0.05275 0.05079 0.08067 0.04798 -0.12838 -0.14813 -0.14029 0.04268 0.14458 0.04966 -0.11584 -0.08041 0.00366 0.06157 0.11471 -0.06286 -0.05460 -0.16263 0.03129 -0.13671
0.16152 0.22681 0.02518 -0.29720 0.02240 0.17338 0.08637 -0.19304 0.04649 0.03752 -0.18585 0.20314 0.03883 0.11894 -0.24788 0.11302 -0.00292 -0.17199 0.17434 0.10067 -0.04107 -0.08767 -0.12350 -0.15895 0.22214 -0.11626 -0.17051 -0.15566 0.02870 0.13324 0.03379 -0.14011 0.11756 0.05274 -0.15238 -0.16356 0.07045 0.09739 -0.00825 0.14800
0.09149 -0.08646 -0.02925 -0.09945 0.09174 0.04293 -0.03935 -0.19666 -0.16056 -0.12629 -0.10856 -0.14157 -0.02127 -0.03018 -0.17305 0.14843 -0.09101 0.06429 0.08937 -0.18565 0.01511 0.09862 0.05907 0.03403 0.04096 0.07751 -0.14146 0.06778 0.19074 0.21791 -0.10633 0.19252 -0.03022 -0.09795 -0.12924 -0.07455 0.15044 0.15055 0.16665 -0.05987
-0.00975 -0.00617 0.05111 -0.11895 0.16531 0.07011 -0.00118 -0.10973 0.20221 0.10220 0.10465 -0.17742 0.06830 0.07160 -0.01950 0.08368 -0.05555 -0.01327 -0.25655 -0.24646 0.10029 0.26311 0.08703 -0.18169 0.08624 -0.01124 0.20023 0.11165 0.01577 -0.03115 -0.12012 -0.01622 0.18588 -0.15506 0.02745 -0.14687 0.05763 -0.11828 -0.02545 -0.06859
-0.10027 -0.00938 0.18002 0.13220 -0.07645 -0.51052 -0.00481 0.24850 0.07490 0.06942 -0.14642 0.06341 0.06055 -0.04656 0.15910 -0.06495 0.27988 0.15189 -0.23900 0.03845 -0.02867 0.18924 0.00358 0.21848 -0.08822 0.04840 0.03500 0.14656 0.10901 0.07318 -0.05159 -0.23548 0.24713 0.12437 0.15065 0.21596 -0.08325 -0.04259 -0.02505 0.10488
-0.09469 -0.06488 0.19920 0.00708 0.08527 0.31512 -0.15948 0.07180 -0.01849 -0.25959 0.18850 -0.21484 -0.02595 0.37774 0.04020 0.09362 -0.25511 0.00795 0.12422 -0.02385 0.13827 0.15713 -0.17243 -0.12584 0.08322 -0.10532 -0.23055 -0.02813 -0.01511 0.11504 0.09693 -0.07467 -0.09828 -0.13271 -0.12831 -0.11795 0.13226 0.08212 0.02987 0.00495
-0.22490 0.05020 -0.06544 0.18539 -0.03811 -0.30690 0.07426 -0.24412 -0.11699 0.16080 0.21472 -0.06010 0.21756 -0.23335 0.02323 -0.21398 0.34496 0.10722 0.01030 0.12588 -0.12153 0.16390 0.17746 0.14352 0.02009 0.15853 -0.00190 0.00149 -0.20719 0.26046 -0.02071 0.12341 -0.03636 -0.11948 0.09241 -0.03040 -0.19011 -0.12927 -0.01594 0.00500
0.00552 0.08037 0.32524 0.20211 -0.06969 -0.10382 -0.02796 0.36467 -0.00459 0.13179 0.19465 0.09452 -0.01728 -0.23273 0.06993 -0.07464 -0.07086 0.08006 -0.13016 -0.15431 -0.07078 0.01982 0.14316 0.13796 -0.05495 0.08129 0.30497 0.05904 -0.03527 -0.05208 0.18460 -0.15992 0.08723 0.05737 -0.06317 -0.26598 -0.01948 0.19492 -0.16379 -0.02233
-0.24520 0.00636 0.03966 -0.36051 -0.11157 0.10936 0.11189 0.15888 -0.28604 -0.11471 -0.12978 0.21194 -0.20604 -0.11930 -0.24334 0.19264 -0.01190 -0.18431 0.28034 -0.12875 0.13843 -0.27307 -0.24047 -0.17859 -0.26089 -0.16723 0.04040 -0.18133 -0.24805 -0.01577 0.13749 -0.15089 -0.09184 -0.20447 -0.25175 0.14786 0.26484 -0.13673 0.06371 0.14326
