0.07138 0.04774 -0.32123 -0.14049 -0.15117 0.07087 0.10776 0.19809 -0.02944 -0.20798 0.08725 0.26780 -0.18278 0.05129 -0.35550 -0.06964 0.25321 -0.01037 0.23847 0.32809 0.12939 -0.04508 0.10071 0.31737 -0.01862 0.18899 0.09450 -0.15183 0.07065 0.00823 -0.01988 -0.20733 0.07105 -0.19286 0.08910 -0.11397 0.13132 0.12769 -0.02068 0.11258
-0.06339 -0.20695 -0.30611 0.19338 -0.07158 0.16243 0.35511 0.13454 0.14813 0.18169 0.13307 -0.03570 0.13424 -0.02628 0.10256 0.15037 0.13691 -0.09701 -0.08613 0.14102 0.05719 -0.08346 0.06009 0.03160 -0.12195 0.09812 0.28579 0.06668 0.09533 -0.04200 -0.20670 -0.27904 0.07324 0.13864 -0.14925 0.26314 -0.06492 -0.14881 0.02446 -0.25149
0.26243 -0.06418 -0.14507 -0.26875 -0.13306 -0.24070 0.19757 -0.29481 -0.11742 -0.12953 0.35021 -0.01198 0.15766 -0.07037 0.21223 0.11094 -0.16407 0.23321 0.25846 -0.29671 0.13438 -0.25190 0.05235 0.12481 -0.04987 0.24068 -0.00206 -0.07885 -0.03150 0.14640 -0.35361 -0.28108 -0.03169 -0.20297 -0.12912 0.12024 -0.00307 0.05153 0.05376 -0.00324
-0.20583 -0.11358 -0.08992 0.30216 -0.14809 -0.18630 0.12364 -0.25343 0.22306 -0.29179 -0.46327 -0.05789 -0.01479 -0.01986 0.05613 0.11389 -0.08935 -0.23702 0.22871 0.12117 -0.29750 -0.20967 -0.24511 0.08422 0.02635 -0.07470 0.00492 0.24533 0.06013 -0.08449 -0.00684 -0.25836 0.04987 -0.03308 0.08875 0.14849 0.06934 0.02382 -0.14592 0.00218
-0.01346 -0.05989 -0.31355 0.16844 -0.13038 0.05856 0.04474 -0.20970 0.20154 -0.08275 -0.36279 -0.10116 0.12490 -0.02282 -0.17181 0.29103 -0.08122 0.00206 0.17253 -0.07084 -0.29401 -0.19465 -0.16756 -0.05189 0.03763 0.17226 0.00224 0.22972 -0.09713 0.08925 -0.13864 -0.14104 -0.12387 -0.05059 0.20082 -0.04548 -0.04986 -0.05597 0.04528 0.08641
0.08376 0.04595 -0.26165 -0.12762 -0.18127 -0.06206 0.08948 0.19845 -0.08024 -0.18198 0.06304 0.23417 -0.14732 0.05245 -0.32300 -0.07373 0.24228 -0.03625 0.20477 0.29899 0.10945 -0.01635 0.14311 0.32091 -0.04259 0.19841 0.06020 -0.09545 -0.04456 -0.08058 0.03433 -0.19389 0.03060 -0.13972 0.04387 -0.09545 0.01324 0.05008 -0.03122 0.13072
-0.00224 -0.03975 -0.15835 0.00926 -0.02836 -0.21595 -0.19258 -0.05942 0.01621 0.25369 -0.09746 0.08686 -0.20278 0.43928 -0.05693 -0.06506 0.16574 -0.09156 -0.07808 -0.16322 0.09573 -0.03920 0.02745 -0.07972 -0.02641 -0.35746 0.07275 0.04763 0.08937 0.10706 -0.13498 0.09387 -0.14836 0.00020 0.22089 -0.18203 -0.23659 0.13634 -0.05390 -0.08093
-0.12521 -0.05004 -0.11160 0.14301 0.19285 0.14928 0.15429 0.23946 0.23026 -0.25761 -0.15031 -0.21626 0.27403 0.03001 0.10109 0.11530 0.04123 0.27247 0.28275 0.27162 0.16194 -0.07293 0.02434 0.38578 -0.11404 -0.22392 -0.05711 0.02975 0.25208 0.20018 -0.33970 0.17477 0.03186 -0.08628 -0.06818 0.21880 0.10775 -0.04824 -0.18814 -0.03013
0.09158 0.18079 -0.10955 -0.07963 0.08054 -0.08499 0.14132 -0.06217 -0.06856 0.21471 -0.02497 -0.02377 -0.07833 0.25985 -0.06065 -0.02016 0.23410 -0.10651 -0.16427 0.01496 0.07556 0.02040 0.13484 -0.16627 -0.13440 -0.52750 0.11689 0.13098 -0.00242 0.08910 -0.15186 0.17893 -0.08617 0.01494 0.13801 -0.07667 -0.20553 0.00644 0.01737 -0.10512
-0.06186 0.09179 0.14813 0.17496 -0.09227 0.09962 0.06751 -0.01074 -0.03555 0.15948 -0.13395 -0.08999 0.29320 -0.10956 0.20872 -0.17984 -0.09515 -0.08593 0.08384 0.31564 -0.14401 0.08402 0.16852 -0.05004 -0.12561 -0.09809 -0.09064 0.12349 -0.03214 -0.07652 0.14562 0.07143 -0.15810 -0.05899 0.01519 -0.03352 0.00465 0.00809 0.05835 0.00026
-0.12092 -0.24251 0.22026 -0.18550 0.04648 -0.05262 -0.23284 0.01220 0.01945 -0.02932 0.18950 -0.08304 -0.16417 -0.05537 -0.17938 0.22977 -0.08531 0.16938 -0.17232 -0.14176 -0.19128 -0.07862 0.04413 -0.16002 0.09546 0.16034 -0.00609 -0.16870 0.16064 -0.00301 0.11857 0.04653 -0.01069 -0.03709 -0.03490 0.04464 -0.15444 -0.08145 -0.01996 -0.11811
-0.22624 -0.17704 0.07595 -0.09138 -0.03320 -0.07616 -0.16227 0.08293 -0.12828 -0.03517 0.00434 -0.08016 -0.20314 -0.08942 0.08261 0.17653 0.08878 0.24648 -0.04904 -0.24739 -0.24897 -0.25657 -0.09134 -0.05796 0.12983 0.36138 -0.04904 -0.30425 0.01318 -0.01476 -0.11876 0.16009 -0.09040 0.07482 0.01741 0.08372 -0.18889 0.17875 0.01217 -0.26332
0.01083 -0.12339 0.18518 0.01718 0.09055 -0.19970 -0.23570 -0.04094 0.04123 -0.02476 0.30202 -0.01154 -0.09748 -0.00221 -0.00676 0.19463 -0.15061 0.13662 -0.25470 -0.11558 -0.11601 -0.06155 0.00447 -0.15345 -0.07876 0.25100 -0.09367 0.07641 0.07255 0.08525 0.05635 0.20344 0.02362 -0.00879 -0.21691 0.07832 -0.06219 0.03694 0.03409 0.16562
-0.06025 -0.08368 -0.12588 0.17447 -0.09368 0.01477 -0.02746 -0.26279 0.07179 -0.22126 -0.38341 -0.01346 0.16605 0.02383 -0.14172 0.27138 -0.18721 -0.10452 0.26084 -0.03913 -0.29148 -0.13628 -0.22392 0.10157 -0.00853 0.02747 0.00530 0.06022 -0.09153 -0.00742 -0.13155 -0.14509 -0.03367 0.01676 0.12558 0.03564 0.02514 -0.07050 -0.07171 -0.00248
0.13895 0.03795 0.01913 0.03752 -0.07762 -0.07465 -0.19982 0.03351 0.06514 0.20334 -0.11648 0.17372 0.04765 0.30794 -0.32604 -0.28503 0.10026 -0.06001 -0.08884 -0.02851 0.02345 0.01905 -0.10612 0.13546 0.04995 -0.39541 -0.07189 -0.14180 -0.05663 -0.02267 -0.15037 -0.12370 -0.15201 0.07735 0.11138 -0.11769 -0.18527 0.01062 -0.19160 -0.00420
0.01913 0.12747 0.10610 -0.06186 -0.05527 0.01518 -0.15480 -0.11232 0.09515 0.05389 -0.13770 0.19301 -0.13688 0.28018 -0.26710 -0.24968 -0.01385 0.05158 -0.19157 0.03548 0.09216 -0.01341 -0.07695 0.00548 0.12376 -0.38042 0.00629 0.05570 0.08247 0.14740 -0.26568 0.24534 0.01154 -0.09313 -0.01330 -0.36772 -0.08826 0.15959 -0.17538 0.04063
-0.09245 0.02035 -0.07993 -0.02664 0.02665 -0.03776 0.11232 0.07603 -0.13179 0.25723 -0.13639 -0.01696 -0.02701 0.24001 -0.13013 0.07224 0.16537 0.00036 0.02606 0.14253 -0.01115 0.00338 0.03280 -0.15839 0.01179 -0.29216 0.19642 -0.01549 -0.05240 0.07250 -0.10639 -0.04991 -0.05048 0.06719 -0.02408 -0.24304 -0.22318 0.03910 0.07356 -0.04643
-0.12417 0.03852 -0.17887 0.10104 0.16594 0.08925 0.31936 0.06472 0.00271 0.31634 0.12028 -0.18474 -0.03318 -0.23244 -0.09800 0.15748 0.00127 -0.11062 0.03198 -0.21838 -0.26737 -0.08985 0.06998 0.19837 0.19321 0.19508 0.12698 0.01055 -0.09375 0.07862 -0.22981 0.00447 -0.09713 0.15828 0.06729 0.01444 0.23039 0.01982 0.12398 -0.01339
0.07812 -0.04766 0.02619 -0.08856 0.05387 -0.06179 -0.17423 -0.22582 -0.20978 0.00539 -0.16346 -0.11558 -0.29172 -0.35956 -0.07449 -0.06508 -0.23258 -0.06252 -0.37979 -0.22160 0.08659 0.07917 0.26114 -0.20371 -0.00624 0.19310 -0.10395 0.16222 -0.06228 -0.01907 0.10184 0.17405 -0.18260 0.14407 0.20602 0.06599 0.41792 -0.06464 -0.11690 0.24594
0.15100 0.09892 0.02035 -0.11489 -0.27191 0.17894 0.18930 -0.10490 0.33477 -0.14184 -0.08900 -0.08529 -0.22694 0.01229 0.34002 0.17274 -0.33356 -0.17037 -0.26268 -0.04091 -0.18593 -0.18934 0.10454 -0.16301 -0.18080 -0.23746 -0.08198 -0.12047 0.02840 0.13758 -0.30694 0.09663 0.05134 0.26597 -0.21890 -0.13383 0.00355 -0.22068 -0.12331 -0.28435
0.03758 -0.15120 0.06638 -0.21675 0.03983 0.00765 -0.06389 -0.22989 -0.15243 0.16780 0.00081 -0.20696 -0.29611 0.21357 -0.11904 -0.01516 -0.11266 -0.25684 -0.17038 0.13979 -0.24131 0.32531 -0.22294 0.10432 0.32274 -0.04698 0.28728 -0.04004 0.36107 0.38436 0.18720 -0.38088 -0.20848 0.24355 -0.16667 -0.09935 -0.23213 -0.41774 -0.08169 0.32068
-0.21219 -0.19237 -0.12932 0.31241 0.01214 0.05851 0.01551 -0.13799 0.03235 -0.17100 -0.20307 -0.06557 0.17239 -0.11975 -0.11203 0.23456 0.10109 -0.20119 0.31212 0.06127 -0.26183 -0.07466 -0.06838 -0.17648 -0.01296 0.18507 0.11541 0.18245 0.07767 -0.17000 -0.02603 -0.00760 0.07950 0.15023 -0.04768 -0.13370 0.19001 0.07514 -0.02196 0.04438
-0.05043 0.20942 0.12382 0.15320 -0.03993 -0.02887 -0.00632 -0.07174 0.01150 0.18192 -0.05925 0.20692 0.06429 0.18394 -0.00610 -0.08287 -0.04511 0.02136 -0.06068 0.16588 0.21990 -0.10421 -0.11653 -0.09728 -0.01346 -0.18129 0.02609 -0.07292 -0.00028 0.09276 -0.07916 -0.02277 -0.10676 -0.15324 0.25763 -0.27636 -0.12989 0.03684 -0.06747 -0.12055
0.40065 -0.14063 0.25355 -0.08853 -0.10024 0.04686 0.11221 0.13377 0.01935 -0.24283 -0.06111 -0.06109 -0.04280 -0.14077 -0.13824 -0.03052 -0.25033 -0.10315 -0.13187 -0.09940 -0.06094 -0.02352 -0.09196 0.20674 -0.15542 -0.10929 -0.00562 -0.11563 0.39428 -0.00623 -0.08951 -0.10835 0.01470 -0.10848 -0.14647 -0.04379 0.16141 -0.00735 -0.19047 -0.03213
0.19610 -0.40601 0.03420 0.22497 0.02969 0.07762 -0.08662 -0.12302 -0.01444 -0.03935 0.06266 0.02835 -0.01452 0.17643 -0.05141 -0.00385 0.17169 -0.02735 -0.13149 0.03498 0.03404 -0.05129 -0.04524 0.24629 -0.12322 0.06666 -0.10261 -0.14965 -0.18211 -0.18094 -0.02277 -0.21648 0.14645 0.37358 -0.10688 0.10159 -0.17038 0.00784 -0.22870 0.04439
0.12495 -0.26573 0.01629 -0.11832 0.09880 0.18330 0.29915 0.10997 0.36334 0.18626 -0.20767 -0.26125 -0.11014 0.40639 0.12344 0.25692 0.36882 -0.27264 0.30486 0.21850 -0.14765 -0.07169 -0.03883 -0.18951 -0.30825 -0.10589 -0.08793 0.18416 0.41276 -0.00293 -0.14810 0.33260 0.24276 -0.02465 -0.01694 -0.39196 0.13421 0.19261 0.29570 -0.04061
0.06617 0.23718 -0.09907 0.17773 0.29990 0.13128 -0.08954 -0.04504 -0.30097 0.20887 0.26021 -0.21655 -0.20053 -0.08912 0.01309 0.10890 -0.31223 0.20930 0.09883 0.05098 0.02352 0.12917 0.39328 0.06116 -0.07039 0.34946 -0.12413 -0.18997 0.11235 -0.07087 0.09546 -0.39040 -0.20616 -0.03802 0.25710 -0.28046 -0.12027 0.19178 -0.10281 0.02616
0.09662 0.09308 0.15740 -0.08015 0.16979 0.10746 0.00046 0.10740 -0.29259 -0.30553 0.00110 -0.02929 0.22127 0.03454 0.26923 0.14680 -0.34927 -0.16400 0.35594 0.06960 -0.08245 0.27332 -0.18186 0.25914 0.00999 0.14325 0.17225 -0.01867 -0.04360 -0.02623 0.01388 -0.34857 0.01119 0.13382 -0.17948 0.04844 0.12963 -0.06170 -0.12839 -0.29770
0.08652 -0.16245 0.07735 -0.06755 0.03273 -0.05511 0.32172 0.03893 0.14125 -0.19007 0.14631 0.05495 -0.15941 0.09406 -0.13635 -0.02487 0.03860 -0.24587 -0.17991 -0.17773 0.17604 -0.16158 0.27745 -0.17369 0.08490 -0.09494 0.09191 -0.16402 -0.14580 0.20740 0.08400 -0.05527 0.11405 -0.14139 -0.15144 0.09921 0.06157 -0.13420 -0.17156 0.17025
-0.17150 -0.06629 -0.13864 -0.28445 -0.14709 0.25934 -0.20509 0.28793 0.03105 0.07235 0.29874 -0.17459 -0.13363 -0.16469 -0.21174 0.12437 0.11917 0.04206 -0.19364 -0.01510 -0.28405 -0.09479 -0.02034 -0.21055 0.21981 0.36271 -0.16775 0.02505 -0.05764 0.04019 0.05355 0.29211 0.09472 -0.20586 0.13129 0.04792 -0.29119 0.07895 0.00672 -0.28273
-0.05964 -0.11777 0.05076 -0.09533 0.22303 -0.06353 -0.08548 -0.16406 0.13339 0.18164 -0.01141 0.22458 -0.11243 0.10481 -0.25636 -0.17209 -0.25584 0.03957 0.15199 -0.02499 -0.13154 -0.09011 0.12739 0.12450 -0.05895 -0.12197 -0.14631 -0.17772 0.10786 0.03233 -0.00257 -0.21009 -0.01769 -0.01740 0.02584 0.24813 0.32096 0.00490 -0.10399 0.32736
-0.08361 0.06263 -0.12821 -0.06353 -0.08590 0.04775 0.11000 -0.10261 -0.25781 0.05582 0.16761 0.05848 0.30311 -0.30367 -0.04457 0.30465 0.15199 -0.16343 -0.22107 -0.17692 0.21031 0.30301 0.17751 0.21299 -0.10241 0.20183 0.22771 -0.31680 -0.26491 -0.27330 0.19896 -0.24729 -0.18787 0.35041 -0.13341 0.09425 -0.23825 0.30429 -0.08838 -0.24531
0.19599 -0.23876 0.11926 -0.06365 -0.22996 -0.05237 0.02273 0.28239 -0.06406 0.14928 0.13283 -0.01821 -0.22068 -0.12848 -0.09952 0.04076 0.19309 -0.03585 -0.13176 -0.29779 0.19386 0.11323 0.41480 0.10498 -0.10679 -0.16778 -0.07219 -0.13780 -0.24669 0.21676 -0.16979 -0.22031 0.20894 -0.07476 -0.01903 -0.06069 -0.11531 -0.32401 0.21436 -0.24042
0.15600 0.21785 -0.07782 0.18057 0.07345 -0.15565 -0.04704 -0.09385 -0.08387 -0.03556 -0.06294 0.07953 0.23018 0.02214 -0.06977 -0.16034 -0.02795 -0.07493 0.03853 0.04168 0.06125 0.17498 0.29881 -0.16256 -0.08840 -0.04350 -0.17127 0.09958 -0.10034 -0.22679 0.11856 0.10448 0.05043 -0.30179 0.07964 0.02594 0.05497 -0.16222 0.24959 0.09719
0.01407 0.02627 0.20992 -0.15690 0.20495 -0.11085 -0.14898 0.11911 -0.13512 0.11381 0.13574 0.02695 -0.14850 -0.02444 -0.15927 0.28347 0.07123 0.18218 -0.11827 -0.26198 -0.23156 -0.15730 -0.26740 0.01190 0.19157 0.31258 -0.00187 -0.17483 0.17572 0.09398 0.27597 0.28583 -0.10063 0.13669 0.00396 0.00780 0.04973 0.15475 0.18458 0.08148
-0.01562 -0.12174 0.34005 -0.04125 0.00763 -0.01093 -0.23799 -0.10398 -0.10119 0.15373 0.31079 -0.13132 -0.01206 -0.11172 0.09014 0.22704 0.02868 0.08909 -0.21209 -0.31052 -0.00935 -0.11905 0.09551 -0.14387 0.04483 0.34080 0.14448 -0.21433 0.06881 0.07729 0.10682 0.05829 0.05222 0.11354 0.09391 -0.00981 -0.24588 -0.14076 0.03208 -0.23225
-0.06047 -0.25141 0.17643 -0.17949 0.06846 -0.09453 -0.26311 -0.04700 -0.16468 -0.07042 0.32132 0.05486 -0.24888 -0.04898 -0.17015 0.34787 0.10408 -0.02289 -0.27436 -0.14033 0.01743 -0.05749 -0.05250 -0.15169 -0.02081 0.29670 -0.02668 -0.00986 0.08974 -0.00494 0.23256 0.00715 0.05070 0.14712 -0.01971 0.10547 -0.03122 -0.18080 -0.06574 0.11923
0.07039 -0.20497 0.28959 -0.14758 -0.12202 -0.16643 -0.19609 0.08693 -0.05125 -0.14549 0.18551 -0.08901 -0.12038 -0.18124 -0.23759 0.16912 0.03849 0.07463 -0.33439 -0.23109 -0.12240 -0.01624 -0.01114 -0.17196 0.15576 0.25739 0.03969 -0.00776 0.14682 -0.12622 0.27991 0.16787 0.01761 0.05674 -0.11906 -0.00593 0.06391 -0.01510 0.09855 0.07980
0.36443 0.13865 -0.02102 0.33243 0.04632 -0.13789 0.30869 -0.17095 0.06623 -0.20107 -0.20536 -0.03020 -0.01427 0.07235 0.16477 -0.24591 -0.21680 -0.14301 0.10134 0.17927 -0.23725 0.15576 0.15725 -0.11510 0.14097 -0.33283 0.07504 0.05951 0.11638 0.08881 0.11668 0.10712 0.19559 -0.02725 -0.15261 -0.09494 0.15338 -0.08513 0.01955 -0.11740
-0.08320 0.15678 0.06014 0.07275 -0.05979 -0.11995 -0.02118 -0.00932 -0.02412 0.07622 -0.14138 0.03459 0.18919 -0.10478 0.14304 -0.04456 -0.14906 0.12405 -0.01312 0.22855 0.15598 0.16481 0.30663 -0.02532 -0.00585 -0.01427 0.07930 0.08868 -0.13193 -0.15868 0.18941 -0.00799 0.05875 -0.00777 -0.00712 0.15145 0.01235 0.22351 0.24065 0.10740
-0.14224 0.18478 0.05140 0.08230 0.11512 0.08618 -0.06736 0.05083 -0.00953 0.01710 -0.10992 0.13767 0.32643 0.01092 0.24415 0.14641 -0.06612 -0.02476 0.11497 0.15864 0.07402 0.33948 0.14889 -0.26149 -0.01972 -0.06956 -0.15194 0.21680 -0.32327 -0.17462 0.24660 0.00571 -0.07835 -0.19372 0.06224 0.13884 0.04572 0.12559 0.10919 0.10292
0.16199 0.22545 -0.12452 0.00154 0.23286 -0.12298 -0.30359 0.16492 0.16891 0.05157 -0.27627 0.21375 0.37203 -0.13318 0.09990 -0.10134 -0.15073 -0.06337 0.14979 0.29810 0.19120 0.29024 0.25204 -0.03359 -0.18741 0.01199 -0.01408 0.02974 0.06515 -0.09311 0.24736 -0.04148 0.05678 -0.06104 0.13260 0.21718 0.03334 0.13486 0.35634 0.06367
-0.15414 0.27200 -0.21675 -0.01265 0.11627 0.01094 0.00208 0.17704 -0.04802 -0.06605 -0.12820 -0.07421 0.38448 0.01117 0.07683 -0.09570 -0.18247 -0.09174 0.09694 0.16151 0.23990 0.17089 0.11156 0.17469 0.18636 0.11440 -0.10437 -0.08003 -0.20990 0.06606 0.04569 0.01358 0.06297 -0.20949 0.13544 0.01986 0.07385 -0.12950 0.26834 -0.02209
-0.01022 0.05292 -0.09482 0.19920 -0.23923 -0.12722 0.08807 0.09376 -0.09545 0.19535 -0.22914 0.18291 0.10764 0.14334 0.10247 -0.01391 -0.11142 0.14119 0.01462 -0.05205 0.07504 0.25261 0.29489 -0.14701 0.01859 -0.03989 0.06754 -0.15894 -0.28022 -0.03166 0.22993 0.13226 0.23021 -0.18800 0.10612 0.06600 0.01882 0.06087 0.22944 0.05386
0.07931 -0.06512 -0.00680 0.04750 0.12324 0.11536 -0.08956 0.21626 -0.07556 -0.02881 -0.26766 -0.05576 0.25076 -0.04878 0.08625 0.06525 -0.03226 0.05543 0.18019 0.09349 0.11343 0.16682 0.20042 0.05154 -0.15809 -0.08493 0.15607 -0.11742 -0.06759 -0.00656 0.02222 -0.02554 0.16536 -0.13811 0.22404 -0.07353 -0.09469 -0.01959 0.14003 -0.05035
-0.07883 0.08940 -0.09087 0.14300 0.15013 0.10000 0.18774 -0.15678 0.09466 0.19698 0.04409 -0.08649 -0.00991 -0.14476 0.02665 -0.38104 -0.20392 -0.41711 0.22586 -0.22625 0.28989 -0.39690 0.09118 -0.22463 0.18563 -0.15016 -0.15968 0.10541 0.11947 -0.05708 -0.02432 0.09426 0.05118 -0.10835 0.28206 -0.00316 -0.25190 0.21485 0.37430 0.16823
-0.05021 0.06625 -0.01808 0.19514 -0.01039 -0.00964 -0.13814 0.13847 -0.05708 -0.00450 -0.20013 -0.07774 0.03092 -0.17153 0.15349 0.11565 -0.11918 0.04115 0.09108 0.01711 0.21190 0.31700 0.28892 -0.17722 0.12286 0.05890 0.10132 0.10446 -0.10217 0.03012 0.07913 0.00888 0.00908 -0.21659 0.12262 0.12173 -0.05185 0.13743 0.18080 -0.02109
0.35207 -0.11984 -0.00391 -0.35544 0.08211 0.05636 -0.22481 -0.08022 -0.15727 -0.25907 -0.10487 -0.16211 -0.19021 -0.02547 0.19908 -0.06797 -0.23322 0.13465 0.10947 -0.10963 0.23476 -0.03847 0.00010 0.07966 -0.05216 -0.19278 0.14274 -0.04233 0.14623 -0.07127 0.07335 0.05665 -0.08924 -0.05119 -0.08478 -0.15692 0.13821 0.15435 -0.15580 0.16899
-0.11830 -0.11747 0.20540 0.10873 -0.14101 -0.16937 0.06979 0.03733 -0.12182 0.00891 -0.17781 0.06700 0.18406 -0.18542 -0.08598 0.12873 0.02532 -0.09214 0.19440 -0.28651 0.27776 0.00292 -0.17312 -0.09268 0.03124 0.12909 0.00233 -0.30512 -0.18351 0.07587 -0.29667 -0.15379 0.12153 -0.31198 -0.16645 0.08307 0.39301 0.02969 0.06172 -0.14793
-0.05165 0.15119 -0.06812 0.02186 0.10592 0.14265 0.19468 -0.09629 0.08765 0.22637 0.21346 -0.16680 0.10529 -0.06889 0.11498 -0.26627 0.00299 -0.23538 0.19696 -0.15915 0.12666 -0.27650 0.20751 -0.21230 -0.03100 -0.21114 -0.15196 0.05247 0.10336 0.00961 -0.19053 -0.05444 0.05459 -0.06456 0.19009 0.16816 -0.16660 0.15544 0.25377 0.11543
0.21377 -0.12436 -0.20406 0.15619 -0.02290 0.22395 -0.15752 -0.06544 -0.22389 0.16110 0.27711 0.08026 0.01652 0.18872 -0.21349 -0.08634 0.21291 -0.19876 0.18945 0.04116 0.36849 0.12444 0.36442 0.12208 -0.20717 0.09300 0.13870 -0.02072 0.27074 -0.00661 0.07395 0.05723 -0.22674 -0.45818 -0.26090 0.19664 -0.12336 -0.22108 0.23832 -0.06760
-0.08495 0.14124 0.04367 0.04380 0.03445 -0.16961 -0.15048 -0.12668 -0.22036 0.04260 0.01040 0.13974 -0.11241 0.26471 -0.01565 -0.00791 -0.02473 -0.13790 -0.07278 0.13267 0.15967 0.14773 -0.06064 -0.08167 -0.06405 -0.45337 0.09399 -0.05725 -0.00033 0.12760 -0.13805 -0.00864 0.13534 -0.15703 0.05750 -0.13712 -0.17754 0.15327 -0.22878 -0.03747
0.12050 -0.11852 0.21234 0.14432 0.05801 0.03767 -0.01288 -0.18847 -0.16459 0.00811 -0.17049 -0.06412 0.02184 -0.29374 0.11260 -0.03318 -0.25413 0.00855 -0.25846 -0.23041 -0.03619 -0.07857 0.20158 -0.09627 -0.08168 0.03933 -0.08623 -0.03120 -0.05392 -0.13534 -0.00566 0.32077 -0.01899 0.25154 0.02336 0.13637 0.33509 -0.08806 -0.13364 0.05595
0.19882 -0.15517 0.31232 0.13862 -0.06048 0.09986 -0.03689 -0.13921 -0.39821 0.18186 -0.06047 0.21121 -0.16805 -0.27113 0.25097 -0.14779 -0.00507 0.32233 -0.40943 -0.33509 -0.02573 -0.02679 0.07452 -0.08710 -0.02108 -0.06229 -0.24574 -0.21245 -0.29210 0.03137 -0.24258 0.33444 0.15240 0.13675 0.10572 0.37406 0.21419 -0.27623 0.16664 0.14463
-0.04016 -0.21232 0.33569 0.20209 0.02655 0.21006 -0.09119 -0.20962 -0.18410 0.15021 -0.12394 0.10691 -0.11549 -0.29656 0.26353 -0.04445 -0.26166 -0.05532 -0.20032 -0.26846 0.10417 0.01996 0.27971 0.14198 0.01520 -0.03053 0.05204 0.02954 -0.08031 -0.14328 -0.18891 0.20041 -0.15605 0.35329 0.00958 0.01394 0.30028 -0.12106 -0.13269 0.00548
0.14568 0.06135 -0.03626 -0.08559 -0.05515 -0.10135 0.11130 0.09065 0.13241 0.21144 -0.18071 0.07206 -0.10740 0.18647 -0.15964 -0.05334 0.08094 0.06939 -0.13528 0.05643 0.04334 -0.02723 0.07399 -0.00547 0.00307 -0.09542 0.02524 -0.04499 0.00414 0.15483 -0.08455 0.13397 -0.18360 -0.12897 0.02014 0.00061 -0.21495 0.00102 0.04095 0.00830
-0.01400 0.18394 0.03995 -0.09332 0.11969 0.32797 -0.09618 -0.12765 -0.18743 0.16680 0.03354 -0.18780 0.06641 -0.01603 0.06487 -0.25876 -0.19690 0.13802 0.32587 -0.02976 0.09332 -0.05059 0.10946 -0.23753 -0.23084 -0.22501 -0.15094 0.06626 0.10160 0.09000 -0.02541 -0.12544 -0.08880 0.20887 -0.16229 -0.00198 0.00275 -0.12039 0.14580 -0.20433
-0.09282 0.20846 0.11678 0.08633 0.01321 -0.12921 0.27665 0.13763 -0.05960 0.09405 -0.27133 0.10606 0.06815 -0.22320 0.15140 0.22968 0.02795 0.03854 -0.01623 -0.02128 -0.20242 -0.14299 -0.06865 -0.24306 0.03274 -0.05308 0.22025 -0.04847 0.17340 0.07205 0.24771 -0.08708 0.21431 0.15027 0.22277 0.23311 0.19559 -0.17478 -0.16050 -0.18265
0.04452 -0.36275 0.27314 -0.35833 0.17450 -0.14898 -0.06105 0.06949 0.14639 0.11250 0.01071 -0.35799 -0.07698 -0.11644 0.29344 0.00497 0.29290 -0.14271 0.05336 0.25399 0.09305 -0.10914 0.23062 0.07413 0.04254 -0.14745 0.11380 0.04692 -0.02536 0.09377 0.26895 -0.10973 0.17728 0.04146 -0.19346 -0.03422 -0.23074 0.16370 0.15622 0.15531
-0.14790 -0.11183 0.11795 -0.00945 0.07425 -0.12606 -0.20113 -0.09468 -0.09867 0.00421 -0.30164 0.12463 -0.09823 0.22742 -0.06155 -0.19185 0.19705 -0.08096 -0.01558 0.10875 0.06260 0.07684 0.04010 0.00867 -0.08974 -0.12948 0.06674 0.01934 0.12804 0.17136 -0.05816 -0.08394 -0.26106 -0.05414 0.08142 -0.09097 -0.15015 0.20631 -0.02978 0.04044
-0.24055 -0.17401 -0.04243 -0.05028 -0.05356 0.12241 0.14313 0.15316 0.25809 0.17649 0.37393 0.09671 0.19687 0.12479 -0.02597 0.06179 -0.27097 -0.12146 0.28588 0.05408 0.20355 -0.09701 0.01334 0.31832 0.28035 -0.38977 -0.01607 -0.12557 0.01605 0.24499 0.22257 -0.30171 -0.15107 0.17741 -0.25531 -0.12445 0.12384 0.26775 0.10167 -0.02508
-0.07414 0.16601 -0.10455 -0.01378 0.17152 0.06274 0.08026 0.02000 -0.05640 -0.04644 -0.00095 -0.05982 0.33216 -0.06414 0.27875 0.15092 -0.17093 0.04078 0.15247 0.20480 0.14449 0.05756 0.07615 -0.14713 -0.03045 -0.11929 0.10090 0.07151 -0.22699 0.00786 0.00069 0.09908 -0.07999 -0.06139 0.10217 -0.03150 0.04292 0.10264 0.10541 0.17536
0.17750 -0.00211 0.22502 0.37693 -0.13996 0.16538 -0.00320 0.09793 0.10965 -0.12157 0.01553 0.06340 0.17612 -0.10130 0.09401 -0.03082 -0.11647 0.00064 0.30950 -0.12592 -0.21312 0.04856 0.12549 -0.11139 -0.04800 0.17800 -0.16027 0.09367 0.19635 0.23746 0.09299 -0.11776 -0.03888 0.01152 0.04024 -0.10373 0.26067 0.20929 0.23144 -0.02924
0.37511 -0.11429 0.30769 -0.12261 -0.07212 -0.02224 0.07370 -0.08050 0.14020 -0.23876 -0.15017 -0.05891 -0.01668 -0.11244 -0.09942 0.00478 -0.39156 -0.16042 -0.06997 -0.23063 -0.08203 -0.13753 0.06569 0.16394 -0.19151 -0.11185 0.09205 -0.04643 0.34585 0.04378 -0.17877 0.03195 -0.04982 -0.17596 -0.20520 -0.12643 0.09852 -0.03443 -0.08545 0.05079
-0.20244 0.21344 0.16678 -0.05945 -0.09780 -0.18763 0.28572 0.10924 -0.06458 0.18024 -0.28916 -0.00436 0.02603 -0.21218 0.28641 0.31416 0.16286 0.05300 -0.03136 -0.13427 -0.24756 -0.04630 -0.00813 -0.28158 -0.09141 -0.02986 0.21543 -0.07179 0.05260 0.17941 0.23461 0.00498 0.26125 0.12283 0.24439 0.26746 0.16222 -0.21542 -0.03002 -0.17439
-0.10531 -0.11900 0.03919 -0.16097 0.11843 -0.10221 -0.13077 0.13327 -0.19769 -0.00966 -0.11125 0.11040 0.13340 0.03805 -0.13542 -0.14589 -0.11407 -0.16968 -0.05970 0.05114 -0.06962 0.07428 0.25507 -0.01522 -0.11123 0.00936 -0.04791 -0.11590 -0.08405 0.08135 -0.21565 0.11696 -0.16437 0.06561 0.29296 0.08250 -0.24126 0.07651 -0.31292 0.05015
