0.26846 0.13349 -0.04881 -0.06380 0.35391 0.24006 0.27375 -0.13548 -0.10402 0.31499 -0.00345 -0.14539 0.01681 -0.16510 0.03657 0.07566 0.00173 0.13980 0.16133 -0.19315 0.18428 -0.26736 -0.01215 0.06113 0.16384 -0.33959 0.11782 0.14086 -0.02526 0.18361 0.27757 -0.13947 -0.02704 0.20119 -0.13074 0.25173 -0.36041 -0.19265 -0.04844 -0.19710
0.36893 -0.11001 -0.08293 0.00622 0.00073 -0.13652 0.25567 0.17537 0.30098 0.10182 -0.01265 0.17656 0.32497 0.09621 0.31876 0.25103 0.16326 -0.18051 0.25598 -0.30995 -0.12857 0.10898 0.26312 0.13345 -0.18352 -0.05428 -0.26653 -0.26367 0.16159 -0.13068 -0.08167 -0.08695 -0.23055 0.00646 -0.21820 0.31258 -0.09281 -0.00937 0.05489 0.12738
-0.10670 -0.03746 0.21046 -0.01874 -0.27022 -0.21321 -0.24419 -0.26840 0.06334 0.15670 -0.03323 0.20849 0.21536 -0.33042 0.25801 0.04011 -0.13924 0.11443 0.41628 -0.24720 0.03856 0.05979 0.29565 0.22111 -0.30959 -0.06079 -0.19912 -0.00986 -0.00967 -0.01930 0.21639 -0.27204 -0.04338 -0.12114 0.17441 -0.10193 -0.12892 -0.22069 -0.00454 0.03555
0.13109 -0.11723 0.25085 -0.08393 -0.27564 -0.19658 -0.02036 0.02642 -0.12868 0.24875 0.00227 0.17076 -0.03289 -0.11777 -0.13579 0.11577 -0.24835 -0.14951 -0.23022 0.25002 0.28234 0.25912 0.13183 -0.08974 -0.30618 -0.10266 -0.01889 -0.18977 0.06042 0.30789 0.09728 0.09052 -0.21944 0.07070 0.31837 -0.03949 -0.27755 -0.08572 0.07176 -0.08032
0.31861 0.19321 -0.17959 -0.21847 -0.06220 0.28543 0.10770 0.20135 -0.04958 -0.22955 -0.15306 0.25223 -0.02964 -0.24254 -0.13182 0.14806 0.01495 0.20477 0.22110 -0.03564 -0.04825 -0.03860 -0.04314 0.09356 -0.15211 -0.19620 0.17782 0.07756 0.24483 0.23865 0.06501 0.33353 -0.10040 0.03061 0.06735 0.12895 0.12807 -0.19828 0.30853 0.25400
-0.07988 -0.14502 0.24427 0.03492 -0.18655 -0.23707 0.16197 -0.13190 -0.20256 0.31429 0.08084 0.18489 0.00657 0.04993 -0.20153 -0.09089 0.28244 -0.04702 0.12263 0.20900 -0.27148 -0.31944 -0.17890 0.06669 0.11361 -0.30796 0.11702 -0.24598 0.10999 0.06082 0.41975 0.23057 -0.15366 0.22185 -0.26348 -0.29570 0.06709 0.31214 0.10282 -0.06783
-0.08904 0.08303 0.15414 -0.00333 0.10701 -0.18562 -0.10140 -0.20532 0.31919 -0.10021 -0.06084 0.16558 0.11063 -0.04826 -0.21324 -0.02245 0.26866 -0.06853 0.04746 -0.12742 -0.13800 -0.30712 -0.28597 0.03312 -0.03952 -0.15276 0.13697 -0.01543 -0.23708 -0.05232 0.08416 -0.16624 0.00039 0.16382 -0.20881 -0.03360 0.06279 -0.05903 -0.03001 0.18517
0.12602 -0.01679 0.19830 -0.00127 -0.09668 -0.19117 0.13742 0.07285 0.19163 -0.10898 -0.05122 -0.03070 -0.01188 0.02924 0.19411 -0.24909 0.02567 -0.07408 0.08271 -0.09876 -0.15413 -0.21462 -0.10815 -0.02376 -0.10791 -0.00047 0.27274 0.04631 -0.03726 -0.03207 -0.03209 -0.17925 -0.11978 -0.12341 -0.03503 -0.13428 0.16456 -0.03935 -0.12823 -0.01917
-0.13815 0.04083 -0.06867 -0.06577 0.09152 0.03272 -0.20474 -0.16620 0.14432 0.08247 0.10851 -0.12200 -0.11678 -0.00866 -0.10746 -0.06085 0.14995 -0.01518 0.15779 -0.12838 -0.04652 -0.05068 -0.23653 0.19507 0.19684 0.18933 0.00599 -0.13837 -0.10180 -0.10790 0.11401 0.05569 0.10425 -0.20770 -0.01317 0.20750 -0.19172 0.12247 0.08161 0.15569
-0.23086 0.23724 0.01928 0.07476 0.00945 -0.09724 0.23039 0.01115 -0.17277 -0.00558 0.07288 0.17604 0.09300 0.00515 0.27522 -0.08890 0.08934 -0.23268 0.03037 -0.19579 0.04580 -0.23068 0.12663 0.13616 -0.12365 -0.21288 0.10370 0.06362 -0.06016 -0.09036 0.15992 0.11717 0.04872 0.30602 -0.04047 -0.13157 0.25968 0.04979 0.07591 -0.04034
0.17760 -0.14079 0.24153 -0.19427 0.40239 -0.14948 -0.03906 -0.30105 0.05878 0.14024 -0.22153 -0.10878 -0.21197 -0.07809 -0.15399 -0.18235 0.13986 -0.34416 -0.20318 -0.04624 0.11402 -0.26861 -0.05982 0.12369 -0.17693 0.03338 -0.19340 0.01939 0.20271 0.24158 -0.10523 0.13043 -0.19415 0.02909 -0.33064 -0.33301 -0.08774 0.08947 0.13053 0.01694
0.08131 0.19133 0.20611 0.08004 0.20368 -0.02657 -0.18554 0.02164 -0.01358 -0.02341 0.23830 -0.01477 -0.02920 0.16092 0.06048 0.04852 0.20665 0.29358 0.06397 0.14661 -0.21042 -0.16865 0.21534 0.03964 -0.11353 0.07052 0.09384 -0.11557 0.18346 0.13520 0.02101 -0.11664 -0.17356 -0.19320 -0.17806 0.03828 -0.17319 -0.06264 -0.21033 0.03607
-0.11642 0.28867 -0.31798 0.05813 0.18222 -0.23290 -0.02500 0.10175 -0.07738 -0.00833 -0.29534 0.29646 -0.07970 0.12383 -0.10687 0.06972 0.03526 -0.00910 -0.18748 0.00673 0.01699 -0.18389 0.11172 0.16784 -0.20857 0.23445 0.24743 -0.02952 0.07439 0.03041 -0.31959 0.25060 0.15650 0.33031 0.23972 0.16561 -0.11993 0.01286 -0.21451 0.19302
-0.01812 -0.08583 -0.19492 -0.02929 -0.19837 0.09001 0.10860 -0.32516 0.01110 0.18902 -0.20122 0.07563 0.10636 0.06012 0.12582 -0.07540 0.16085 0.15791 -0.16613 -0.14618 -0.19542 0.05923 0.02141 -0.18404 0.02085 -0.15213 -0.15945 0.13732 0.18230 0.17426 -0.05097 -0.17251 -0.08824 -0.15323 0.14333 0.02579 0.13570 -0.01863 0.11661 0.13636
-0.28522 0.31029 -0.03363 -0.05106 -0.20703 0.06132 -0.04192 -0.03601 0.19914 -0.24426 -0.06528 0.00581 -0.23134 -0.04925 0.01350 0.00165 0.08065 -0.21229 0.26183 0.11421 -0.28671 0.10383 -0.07339 0.03792 -0.10262 0.09832 -0.08217 0.09374 0.24008 -0.26397 -0.11599 0.22355 -0.16216 -0.10420 0.08234 0.31485 -0.16917 0.27507 -0.12980 0.36005
0.13249 -0.20862 0.26484 0.14917 0.20671 -0.15648 -0.07543 0.40416 0.28119 -0.00878 0.07499 0.10760 0.24876 -0.41805 0.04580 0.08871 -0.25178 -0.09201 0.08593 0.21218 0.36169 0.01678 -0.29125 -0.15077 0.11131 -0.23231 0.11097 0.11362 0.23310 -0.06087 0.11349 -0.06452 0.00023 0.18219 -0.03309 0.05737 0.10772 -0.17850 -0.26807 -0.25342
-0.28884 -0.10811 -0.23252 -0.20218 0.21315 -0.09901 0.20452 -0.12141 0.33684 -0.19713 0.09072 0.12092 0.04562 -0.19192 0.15342 0.08570 0.43919 -0.25146 -0.09317 0.29326 -0.09820 0.01833 -0.18104 0.00963 0.05543 0.31743 0.35401 0.19195 0.14378 -0.09451 0.27207 0.26119 -0.00075 0.07987 -0.33634 0.16251 0.12736 -0.22872 0.09051 -0.32945
0.31335 0.28077 -0.11150 -0.16966 -0.19047 -0.35992 0.13146 -0.06868 -0.36699 -0.04369 0.13195 -0.01552 -0.04395 -0.14150 0.11725 0.39532 -0.28445 -0.00249 -0.18720 -0.29974 0.30867 -0.30340 -0.31562 0.15389 0.05689 -0.12742 -0.30276 -0.06708 0.19092 0.22454 -0.08508 0.24036 -0.01810 0.01911 -0.03192 -0.03753 0.01467 -0.06897 -0.16221 0.29530
0.09858 0.00371 -0.06917 0.01333 0.05514 0.14497 -0.09931 0.02001 -0.22195 -0.11865 -0.15456 0.06598 -0.15632 0.33014 0.40156 -0.08693 -0.08830 0.00419 0.25940 0.42044 -0.29021 0.20192 -0.26689 0.03027 0.03179 -0.05272 -0.07346 0.28608 0.12973 0.02544 0.15479 -0.18765 0.08923 0.24973 0.24460 -0.28564 -0.06314 0.29454 -0.19089 0.10248
-0.17053 0.24218 -0.04508 -0.03606 -0.03465 -0.05446 0.14194 0.00978 -0.04425 -0.07244 0.19420 -0.05842 0.10695 -0.00861 -0.03735 0.06139 0.32033 0.15021 -0.19921 -0.01476 -0.16964 0.16069 -0.21920 -0.01861 0.11223 0.27194 0.15861 -0.10731 -0.12309 -0.09473 0.16850 0.07987 0.12098 -0.07878 0.14504 0.00623 0.24171 0.15337 -0.07156 0.06647
-0.33398 -0.33903 0.07352 0.08752 0.18682 0.21076 -0.40235 0.12050 0.14836 -0.08877 -0.12987 -0.00202 0.05104 0.34976 0.35896 -0.12796 0.31947 0.12899 0.07696 0.28106 0.09126 0.29452 -0.25743 0.30576 -0.00818 -0.37891 -0.39097 0.24996 -0.01591 0.01250 0.20094 -0.06331 0.13220 0.04445 -0.17435 0.36691 0.41121 0.11246 0.38182 -0.10109
0.38021 -0.25440 0.25366 -0.01446 0.20675 -0.32887 0.37074 -0.00730 0.11198 0.33261 0.26151 -0.00274 0.15094 0.30234 -0.03836 0.29455 0.18132 -0.00762 0.06950 -0.26143 -0.26942 -0.25784 -0.37463 0.36678 -0.14894 0.20990 -0.03082 0.34691 -0.37999 0.16413 0.40685 -0.36119 -0.40262 -0.16987 -0.17973 -0.14896 -0.28374 -0.00454 0.18269 -0.24014
-0.30247 0.07814 -0.16642 -0.22872 -0.10300 0.07342 0.05464 -0.19370 -0.04273 -0.15205 -0.28293 -0.30938 0.08083 0.13728 0.12915 0.01115 0.11014 0.26741 0.17123 -0.21863 -0.05604 -0.24841 -0.28913 0.17208 0.32855 0.07111 -0.04565 -0.23455 0.30109 0.22048 -0.09798 0.12369 -0.10662 0.06388 -0.07445 0.04216 0.07304 0.38268 0.18895 0.26363
0.13989 0.27823 -0.37277 -0.03352 -0.22364 -0.21386 -0.27200 -0.25386 0.18480 0.26268 -0.05771 0.16759 -0.25074 -0.08339 0.03320 -0.04107 -0.13455 0.01552 -0.21023 0.16489 0.01637 -0.33037 0.19725 0.16814 0.19869 0.33238 0.22464 0.12071 0.01973 -0.03630 -0.21520 0.31428 0.04528 -0.20751 0.10133 -0.33175 0.09080 -0.17913 -0.28090 0.09856
-0.14647 0.09664 -0.18452 0.04846 0.04263 -0.19964 0.23890 -0.12777 -0.20021 0.20873 0.14432 0.34380 0.05865 0.11050 -0.19724 -0.19799 0.13963 0.08462 0.37673 0.00554 -0.20905 -0.14141 0.12123 -0.17519 -0.10123 -0.03998 0.10796 -0.13815 0.16099 -0.25255 -0.08888 0.19230 -0.11816 -0.16335 0.25242 0.20653 -0.25120 0.20668 0.20825 -0.10819
0.28069 -0.19807 0.04913 0.18979 0.12773 0.03941 0.13990 -0.12891 0.11513 0.18260 0.22226 -0.15546 -0.07652 0.22699 -0.15861 0.00142 0.16352 0.05995 0.01932 0.07995 -0.17051 0.06198 -0.08549 0.12567 -0.27924 0.12527 0.18663 0.24106 0.14599 -0.09925 -0.05066 -0.16372 0.05416 0.14578 0.00136 0.11475 -0.16052 -0.39298 0.36687 -0.14857
0.40909 -0.10749 -0.09858 0.11000 0.02146 -0.25266 0.00358 0.31748 -0.17783 -0.02997 -0.07873 -0.08599 0.09565 0.10103 -0.10538 0.21373 0.26716 -0.38263 -0.15739 0.09284 0.05213 0.07080 0.12131 -0.07131 0.00832 -0.17773 -0.08394 0.01949 -0.01134 -0.06451 0.20956 0.15769 -0.06867 0.29382 -0.01874 0.03220 0.05623 -0.29622 -0.13843 -0.15515
-0.29278 0.00381 0.09161 0.07657 0.37322 0.27465 -0.29767 -0.18753 -0.04190 0.13882 -0.03007 -0.08529 0.14443 0.14534 -0.06202 -0.15630 0.21050 0.12823 0.23632 0.28265 -0.09920 0.04812 0.04435 0.12130 -0.14690 -0.25430 -0.35075 -0.23348 0.20754 0.23057 -0.14351 -0.15646 -0.04007 0.18684 -0.18555 0.30038 0.34033 0.09360 0.18476 0.04412
0.03432 0.27271 0.07861 0.03850 0.20814 -0.16252 0.19474 0.18520 -0.06286 -0.04249 -0.22539 -0.12815 0.01334 0.13499 -0.14329 -0.23047 0.06969 -0.24825 0.07841 0.17450 0.14107 -0.07912 0.05377 -0.03026 0.20669 0.11296 -0.15527 -0.18339 -0.06254 -0.24356 -0.26467 0.04277 0.21410 -0.25517 0.37407 0.02778 0.14072 0.05263 0.19085 -0.10360
-0.34002 0.21886 0.20475 0.06479 0.01877 0.15792 0.17257 -0.08826 0.00683 -0.04139 0.20046 -0.41539 0.04725 0.03303 0.13151 0.04984 -0.15342 -0.29994 -0.23595 0.08306 -0.27981 -0.31299 0.30212 0.11460 0.07803 0.12196 0.06321 -0.37625 -0.35250 -0.09686 -0.19648 0.20051 0.37038 -0.21631 -0.38177 -0.31920 0.27008 -0.18850 0.12112 -0.37528
-0.32327 -0.02015 -0.05485 0.03860 -0.01609 -0.24273 0.08380 -0.18176 -0.07967 -0.08347 -0.01633 0.15028 0.05186 0.04255 0.32988 -0.20759 0.14971 0.00399 0.13187 -0.00602 0.02051 0.12868 -0.14373 0.23972 -0.15407 -0.02968 -0.05231 0.00636 -0.01305 -0.16592 0.13112 -0.08144 -0.13958 0.03548 -0.28512 0.00340 0.03268 0.18376 0.10483 0.02634
-0.03054 -0.16821 0.03970 -0.18602 -0.05403 -0.20477 0.12152 0.09099 0.09129 0.01030 -0.00838 -0.11408 0.05817 -0.04436 0.19034 -0.18964 -0.06097 -0.15818 0.19630 -0.26602 0.25387 -0.12026 0.01714 0.18706 -0.10111 -0.05447 0.16167 -0.16519 0.11761 0.07443 -0.02168 -0.09560 -0.00694 0.02214 -0.01323 0.06137 -0.02668 -0.08549 -0.11745 0.05068
-0.30846 -0.03376 -0.10319 -0.08214 -0.18252 -0.23887 -0.20481 -0.07277 -0.07158 0.15769 0.06920 -0.16204 0.10167 -0.03271 0.17940 -0.35389 0.11196 -0.07100 0.19884 0.06804 -0.17873 0.16757 0.00709 -0.07925 -0.15974 -0.16245 0.20641 0.07102 -0.15282 -0.08127 -0.02939 -0.09692 -0.04719 -0.18446 0.07439 -0.18101 0.06537 0.34995 -0.14848 -0.19898
-0.13604 -0.16691 0.01653 0.11493 0.24886 0.31076 0.11608 -0.13608 -0.00304 -0.08757 -0.28097 -0.17794 -0.11355 0.31506 0.09345 0.26211 -0.04706 -0.19174 -0.32816 -0.32470 -0.17753 0.01127 0.06516 -0.09085 -0.32063 0.16311 0.08162 -0.21334 -0.04298 -0.09983 -0.11030 -0.21349 0.33109 -0.02320 0.12063 -0.10080 -0.18084 -0.19900 -0.22018 -0.03705
-0.21569 0.21310 0.11779 -0.03419 0.00032 -0.10511 -0.32498 -0.03867 -0.27973 -0.12129 0.06865 0.32192 -0.30712 -0.06984 0.04628 -0.11180 0.20575 0.22014 -0.04360 -0.12728 0.13500 -0.00282 -0.43498 -0.03593 0.16699 -0.12738 -0.20484 -0.16888 -0.38203 0.07528 0.23118 0.11158 -0.04405 0.25671 -0.14450 -0.10451 -0.19032 -0.17252 -0.02428 -0.35764
-0.16361 -0.04864 0.19187 0.04095 0.01109 -0.13551 -0.32950 0.09273 -0.19147 0.00055 -0.07992 0.29641 -0.06955 -0.15333 0.21531 -0.05508 0.33327 0.24315 0.02433 0.06830 -0.14332 0.10124 -0.44142 -0.17893 0.02310 0.09629 -0.14219 -0.27671 -0.29819 0.26515 0.23188 0.32493 -0.06298 0.25894 -0.06466 -0.25412 -0.04347 -0.01892 0.01312 -0.28355
0.18285 0.18876 0.05214 -0.45051 0.19734 0.04509 0.17738 0.24076 -0.13291 -0.26614 0.33034 0.35332 -0.11990 -0.33730 -0.20392 -0.12900 -0.44034 0.12642 -0.04827 0.09073 0.26089 0.18803 0.30464 0.24648 -0.12156 -0.16390 -0.03666 -0.06382 -0.21645 0.02594 -0.25515 -0.30314 -0.08169 0.25289 0.36464 0.18076 -0.28972 0.36035 -0.10181 -0.04857
-0.10793 0.28606 -0.03895 -0.26583 -0.30575 0.11036 0.30441 -0.23269 0.14925 -0.23954 0.28851 -0.11842 0.01614 -0.13024 0.29162 0.00198 -0.19657 0.00911 0.00311 0.09407 -0.10092 -0.05922 0.07357 -0.08738 0.24812 -0.06824 0.22685 -0.23063 -0.36058 -0.19433 -0.16910 -0.16460 -0.01634 0.05965 0.27697 0.32456 0.01972 0.35990 0.23651 -0.02135
0.13433 -0.27572 0.04030 -0.06555 -0.05745 -0.22627 0.15470 -0.26660 0.12095 0.02980 -0.25803 -0.02306 0.13446 0.14827 0.03492 0.13710 0.17525 -0.02059 0.37668 0.13275 -0.05755 0.15148 0.31184 -0.14786 -0.23923 -0.00073 -0.08624 -0.16401 0.23142 -0.16179 0.00174 0.14100 0.29384 -0.27338 -0.31718 0.15520 -0.01315 -0.12019 0.11714 0.12344
0.12194 0.09286 0.41284 0.10840 0.05383 -0.13614 -0.01471 0.13360 0.20821 0.19727 0.08979 -0.07101 0.28909 -0.03566 0.21790 -0.02074 0.15558 -0.03657 0.33486 -0.26416 -0.15584 0.39470 0.15544 -0.18118 0.01695 0.21556 -0.06663 -0.19768 0.11342 -0.10411 -0.00626 0.06354 0.20142 -0.16667 -0.02022 -0.04254 0.22972 -0.14920 -0.09421 0.04423
-0.05802 -0.07487 0.09383 -0.07211 -0.07350 0.15586 -0.06590 -0.04135 -0.00093 0.02160 -0.31494 -0.25418 0.03714 -0.13240 -0.28526 -0.00944 -0.04175 -0.35478 0.13051 0.05341 -0.10447 -0.04397 0.00846 -0.16911 -0.12851 -0.03230 0.04972 0.30472 -0.28781 -0.02434 -0.23594 0.01426 0.22656 -0.19281 0.22200 -0.08448 0.17983 0.27941 0.06676 0.01246
-0.12445 -0.08782 -0.26399 -0.02243 0.42919 -0.17990 -0.01102 -0.00432 -0.45226 0.01477 0.17923 0.01003 0.04532 -0.08019 0.11186 -0.21098 -0.52508 0.04611 0.00044 0.10114 0.09062 0.34134 0.08903 0.07849 -0.13300 -0.24165 -0.21787 -0.04127 0.11218 -0.26041 0.00362 -0.13796 0.08136 -0.05439 -0.17186 -0.14906 0.10362 0.01393 0.12274 0.26334
-0.00165 -0.10464 -0.10533 -0.04045 -0.20241 -0.06947 -0.23118 0.09091 -0.23553 0.17245 0.23258 -0.09312 -0.02668 0.00362 -0.29883 0.24083 0.12804 -0.27975 -0.16185 0.14579 0.06380 0.17560 0.08367 -0.25158 0.31843 0.16513 0.05893 -0.10391 -0.08058 0.11052 0.20412 -0.24497 -0.11386 -0.02815 0.03366 0.19784 -0.32391 -0.16875 -0.01311 -0.04289
-0.04799 0.00651 -0.06096 0.03733 -0.26642 0.28778 -0.10272 0.16090 -0.10173 -0.01344 -0.24754 -0.37818 0.10722 -0.07139 -0.10761 0.05171 0.17596 -0.16126 -0.21517 -0.05012 -0.15652 0.11211 0.04169 0.09680 -0.09184 0.22070 -0.01593 0.24554 -0.29397 0.13764 -0.32125 0.14048 0.14444 -0.40881 0.21458 -0.19507 0.13852 0.20946 -0.07806 0.13532
0.08158 0.24686 -0.21170 0.23501 0.17346 0.02156 -0.00958 0.14572 -0.03653 0.14906 -0.04220 -0.08030 0.45222 -0.00175 0.23757 -0.01099 -0.01928 0.13421 0.05505 0.07119 -0.10041 0.17324 -0.15502 0.03471 0.37315 0.36630 -0.21128 0.07797 0.16041 0.09263 -0.09774 0.02901 -0.13820 0.12358 0.05111 -0.24795 0.25453 -0.02105 0.29244 0.19031
0.01583 -0.06401 -0.26835 0.29122 -0.30546 0.09195 0.10343 -0.21843 0.08782 0.11306 -0.04588 0.21120 -0.04776 -0.06013 0.12405 0.22701 0.08508 0.36340 0.39556 -0.12530 -0.16441 -0.12624 -0.19001 0.28754 -0.04814 -0.07655 0.05863 -0.31837 -0.44783 -0.05816 0.14666 -0.07923 0.15243 0.02171 0.32545 -0.06937 0.23063 0.13321 -0.21499 -0.05339
-0.23736 0.10607 -0.07965 0.21305 0.18563 -0.28441 -0.22361 -0.11316 0.27908 0.09778 -0.05927 -0.20555 -0.17054 0.17019 0.06607 -0.08155 0.08118 0.00726 -0.45279 0.02846 -0.26095 0.26655 -0.17578 -0.40706 -0.02113 0.16539 0.12145 -0.20344 -0.22778 0.01064 -0.19893 0.38365 0.22443 0.05802 -0.11578 0.32630 -0.10881 0.22138 -0.19810 -0.04538
-0.11881 -0.02894 -0.15429 0.07690 -0.26373 -0.02587 0.15065 -0.06689 -0.09946 -0.09373 0.25326 -0.18230 0.12463 -0.18332 0.11683 -0.16290 0.19584 0.01679 -0.09522 0.08308 0.19611 -0.02122 -0.14724 -0.37574 0.07331 0.30339 0.11175 -0.12159 -0.20136 0.07425 -0.04943 0.02803 -0.11386 0.23557 0.08453 0.29668 -0.03339 0.00339 0.34044 0.31909
-0.26851 0.10934 -0.33987 -0.06430 -0.07458 0.19572 -0.01473 0.05917 0.25526 0.14603 -0.00125 0.10698 0.30908 -0.01238 -0.16081 0.09458 0.35735 0.09634 0.12773 0.22385 -0.08679 0.31197 -0.21560 -0.19531 0.04095 -0.06492 -0.00928 -0.21896 -0.18913 -0.17614 -0.01663 0.17494 -0.10806 -0.08084 0.01310 -0.09967 0.20698 0.03424 0.09578 0.17758
0.03437 0.34064 -0.09282 -0.15577 0.11861 -0.22268 0.32226 -0.14029 -0.26754 -0.26969 -0.16901 0.02079 0.03883 0.02631 0.25838 -0.00804 0.14471 -0.20607 -0.21527 0.34053 0.10228 -0.22702 -0.20465 -0.03928 -0.19258 0.04016 -0.16044 0.23527 -0.24618 0.03569 -0.05205 0.17098 -0.02187 0.01297 0.23058 0.05589 -0.28643 0.42722 0.13046 0.16922
-0.38217 0.16635 -0.27436 -0.07988 0.25740 -0.12041 0.26625 0.01259 0.14196 -0.06246 0.31574 -0.09673 0.00912 0.13083 0.03096 -0.28804 0.09534 -0.11695 -0.29243 -0.00235 0.17258 0.25757 -0.39680 -0.07162 0.08788 0.08800 0.15588 0.16040 -0.03869 0.32326 0.15318 0.30504 0.14390 -0.24398 -0.09288 0.35440 -0.09331 0.08222 0.34667 -0.10662
0.25913 -0.14696 0.05847 0.26541 0.01989 0.01398 0.10710 0.07875 -0.08351 0.08851 0.25641 0.14939 0.04937 -0.19271 0.03124 -0.10709 -0.01421 0.05274 -0.02007 0.06830 0.08391 0.36438 -0.04695 -0.20339 -0.02781 -0.09973 -0.29452 0.21635 0.00006 0.12120 0.24860 -0.03054 -0.04671 -0.07400 -0.09161 -0.13071 0.11785 -0.39407 -0.11261 0.01221
0.24222 -0.07284 0.04906 0.01149 -0.15816 -0.14177 -0.06841 -0.13196 -0.00904 -0.01649 0.08535 -0.11082 0.28930 -0.20097 0.04232 0.12989 0.13355 0.07220 0.01868 -0.07643 -0.06628 0.20268 0.11846 -0.13465 0.13829 0.09328 -0.27435 -0.03965 0.22835 -0.00276 0.04101 -0.17537 0.04303 0.02284 -0.21028 0.18735 0.07808 -0.15266 0.15124 0.01338
-0.23272 -0.15254 0.07078 0.07135 -0.22482 -0.11675 -0.30904 0.25743 0.18656 0.24911 -0.06684 0.11664 -0.32951 0.17101 0.24616 0.04373 0.32457 -0.35720 -0.12009 -0.31112 0.34098 0.13779 0.26373 -0.10160 -0.18490 -0.32327 0.10022 -0.25878 0.16744 0.11570 0.14031 -0.17035 0.00825 0.03497 0.21105 0.20210 0.21892 0.25576 0.19850 0.11640
-0.43130 -0.16764 -0.22784 0.07524 -0.16976 -0.22351 -0.08077 -0.09405 0.00488 0.01642 0.07042 0.06354 -0.10498 -0.15448 -0.23073 -0.15108 0.28582 0.30840 -0.29891 0.08959 -0.34651 0.20863 -0.22757 -0.18092 -0.02479 0.22465 0.07609 0.09116 0.12631 0.13404 0.22206 0.16699 0.13554 0.01949 -0.02779 0.13257 0.01145 0.19752 0.30005 -0.08712
0.37770 0.11445 0.16429 0.16433 -0.01177 -0.25645 0.10334 0.44528 -0.21566 0.29851 -0.14067 0.11403 0.16314 0.23736 -0.08031 0.07541 0.17489 -0.42862 -0.23112 -0.12328 0.18350 0.00479 0.32187 -0.30037 0.13932 -0.25970 -0.10810 0.21162 -0.23132 -0.12455 -0.18219 0.09682 -0.03451 0.07575 0.06457 -0.22681 0.26762 -0.03662 -0.07544 0.08312
0.13604 0.16598 0.00710 -0.16544 -0.05129 0.02934 -0.29766 -0.22610 0.29175 0.08323 -0.13741 -0.30091 -0.31643 0.11554 -0.15764 -0.15589 -0.31337 -0.38400 0.16922 0.36304 0.05271 0.00605 -0.20502 0.08155 0.15501 0.34044 -0.25649 0.20890 0.32997 0.08156 -0.19209 -0.17828 0.13306 -0.04801 -0.00357 -0.13461 -0.38688 0.18906 -0.33023 -0.16003
-0.18062 -0.01716 -0.04878 -0.24865 0.02503 -0.13672 -0.08407 0.06049 -0.21981 -0.03102 0.27588 0.08584 -0.03437 0.10732 0.20796 0.05672 0.30957 0.26508 -0.14597 0.11542 -0.14193 0.17071 -0.07342 -0.14057 0.12944 -0.05727 0.17398 -0.13659 -0.22976 -0.12504 0.18983 0.27519 -0.04400 0.17254 0.08645 -0.09409 0.08361 0.25291 0.28579 0.31161
-0.20256 0.01529 -0.33814 -0.00937 0.46295 -0.20976 0.05320 0.02686 -0.46987 0.11565 0.24955 -0.06704 0.11496 -0.07423 -0.08248 -0.24375 -0.45263 0.23668 0.05431 0.21692 0.21856 0.35341 0.21130 0.05882 -0.03874 -0.15174 -0.14883 -0.18273 0.06859 -0.17982 -0.06987 0.01371 0.12348 0.11219 -0.18019 -0.14020 -0.04119 0.15727 0.24388 0.17751
0.30109 0.10324 0.16968 0.02618 0.04681 0.19996 -0.03025 0.00356 0.13478 0.14541 -0.03860 -0.19876 -0.21049 -0.01195 0.31532 -0.12488 0.13604 0.11902 -0.27943 -0.09892 -0.17999 0.29084 -0.04811 0.20925 -0.35863 0.32399 -0.13315 0.08372 -0.16141 0.17255 0.02118 -0.38759 -0.24481 0.21343 0.16090 -0.04598 -0.19686 -0.21470 -0.07342 -0.44608
-0.35970 -0.36369 -0.18655 0.14358 0.03653 0.31633 -0.01619 -0.11635 0.38681 0.18059 0.16849 0.27389 0.30791 0.09431 -0.31678 -0.26881 0.28891 0.27579 -0.05905 -0.05986 0.26609 0.14947 0.09278 -0.31200 0.33513 0.18728 0.07929 0.06728 0.33793 -0.24232 -0.25630 -0.08819 0.22570 0.18627 0.35510 -0.24831 0.01900 0.15552 0.06532 0.24841
-0.25990 -0.21972 -0.38362 0.25129 -0.07108 -0.16078 -0.30277 0.10136 -0.01442 0.21953 0.05616 -0.19117 -0.16805 -0.04102 -0.27892 -0.14734 -0.30488 -0.22143 -0.21777 -0.08831 0.16596 0.06847 0.34669 0.04764 -0.30759 -0.15929 0.02714 0.31112 -0.20220 0.24974 -0.21756 -0.15259 0.07662 -0.31055 0.18701 0.05060 0.03143 0.14087 -0.27809 -0.05585
0.17825 -0.12861 -0.34421 0.07705 0.16587 0.18211 -0.03882 -0.29540 0.15662 -0.06790 0.19273 0.01469 0.37860 0.24860 0.25267 0.10839 -0.14152 -0.03068 -0.21221 0.19747 -0.18261 0.26167 -0.13455 -0.06038 0.22565 0.35434 0.10687 0.01658 0.31414 0.36293 0.08839 -0.12076 -0.09607 0.17208 -0.36822 0.04177 -0.49928 0.03748 0.19845 0.05568
0.12481 -0.10054 -0.18985 0.12706 -0.04228 0.14702 0.36051 -0.39801 0.12411 0.18151 0.08110 0.26344 -0.28507 0.18293 0.16916 -0.15187 0.07591 -0.25373 0.14294 -0.18313 -0.19026 -0.04439 -0.08758 -0.10490 -0.27115 -0.15155 0.11180 0.06306 0.09966 -0.12110 0.05456 -0.15911 0.09271 0.17469 0.22661 -0.08332 -0.29682 -0.10278 0.30201 -0.21814
-0.27627 0.00408 0.11609 -0.15063 0.00148 0.01718 -0.30906 0.02732 -0.08083 -0.21956 -0.22344 0.13791 -0.03025 0.06434 -0.05866 0.19391 -0.26306 -0.10502 -0.28866 -0.18274 -0.06471 0.24113 -0.32566 -0.33486 0.25039 0.17499 -0.03916 -0.24870 -0.09499 -0.05438 0.03568 0.09780 -0.13883 0.11250 0.17688 -0.17008 -0.23388 0.02483 -0.20209 0.03282
0.25896 0.11145 -0.05593 -0.11112 -0.02324 0.24802 -0.07838 0.12057 0.11264 -0.25826 -0.03969 0.35837 0.04392 -0.14856 -0.26028 0.14450 -0.00007 0.07126 0.25160 0.08373 -0.02711 -0.09909 -0.13742 0.26734 -0.15355 -0.21182 0.03781 -0.04406 0.30446 0.15464 0.17912 0.22040 0.00359 0.00791 0.13189 0.13702 0.12318 -0.06074 0.26841 0.15614
-0.10913 -0.17905 0.10033 0.00746 -0.09897 -0.20842 -0.33758 0.16132 0.10798 -0.03710 0.01807 -0.06236 -0.00629 -0.04402 -0.08328 -0.00673 -0.17949 0.15573 -0.10591 -0.10453 -0.02908 0.26371 -0.32934 -0.48409 -0.00633 -0.01933 -0.18454 -0.13139 -0.04107 0.12783 -0.00239 -0.01657 0.19548 -0.01066 0.19693 0.16190 -0.04583 0.13626 -0.23245 0.14468
-0.21313 0.04009 0.12713 0.19307 0.05023 -0.15737 0.28634 -0.31378 -0.00910 0.25536 0.28923 0.34508 0.17498 -0.30641 -0.35430 -0.00987 -0.19649 -0.31037 -0.38116 0.16538 0.29791 0.07374 -0.01847 -0.37235 -0.23441 -0.34155 -0.21970 -0.01457 -0.26004 -0.23013 -0.08802 -0.16901 0.37055 0.02412 0.27063 -0.13509 -0.27632 -0.23719 -0.05845 0.33893
-0.20184 -0.22298 0.12549 0.06024 0.03608 0.17931 -0.17244 -0.04018 0.03653 0.09604 0.09897 0.25174 0.09726 0.27079 -0.04914 0.14119 0.07910 -0.02444 -0.05150 0.20594 -0.18028 -0.13456 0.23691 -0.20347 0.20254 0.28426 0.12044 0.09491 0.25553 0.10615 0.08144 -0.14403 -0.25469 -0.00506 -0.01940 0.06623 -0.19773 0.32067 -0.26018 0.22729
0.04738 -0.17285 -0.30574 -0.01396 0.03445 0.09602 0.08743 -0.04139 0.05508 -0.02165 -0.22686 -0.20571 -0.04587 0.22523 -0.15191 -0.20437 -0.08573 -0.24083 0.16579 -0.27885 0.12220 -0.17430 0.27178 0.07191 0.11480 0.02071 0.33538 -0.12562 -0.17082 0.00765 0.20604 -0.05756 -0.15386 0.08697 -0.26144 0.15051 0.01518 0.27280 -0.03705 0.08831
0.32846 -0.16287 -0.30064 -0.08608 0.31744 0.08965 0.02172 -0.02606 0.10010 0.21323 -0.29270 -0.23640 0.03043 0.27362 0.19945 0.01773 0.24279 -0.32237 0.33402 -0.07853 0.43902 0.12439 -0.11590 -0.05169 -0.15281 0.19277 0.35563 -0.30238 0.17540 0.29140 0.03648 -0.16326 0.18401 0.31095 0.28730 -0.05363 -0.01924 0.03269 0.38097 0.15016
-0.07372 0.16551 0.10845 0.11775 -0.29191 -0.07888 -0.14785 0.03107 -0.19634 0.08736 0.06997 0.01555 -0.17105 0.05452 -0.28296 0.22675 0.24304 -0.21981 -0.19733 0.18227 -0.03223 0.05413 -0.04765 -0.20174 0.29894 0.25843 -0.03250 0.00447 -0.19570 -0.01915 0.07201 -0.25778 -0.22793 -0.18287 0.11443 0.17428 -0.27184 -0.20307 0.11000 0.00623
0.00106 0.22303 0.01941 0.24386 0.01447 0.24322 -0.17768 -0.10904 0.00183 0.13545 -0.08139 -0.19482 0.46546 0.05632 0.23716 -0.01651 0.02899 0.21082 0.08347 0.12739 -0.08669 -0.00667 -0.09659 -0.02788 0.43298 0.30505 -0.11498 -0.04174 0.00583 0.25348 -0.26731 -0.00890 -0.13688 -0.02730 -0.00437 -0.26332 0.29604 -0.03562 0.43330 0.14559
-0.08271 -0.15040 0.10239 -0.00697 0.02598 0.31626 -0.35510 0.29920 0.41265 -0.35071 -0.02531 0.07495 -0.17080 0.18140 -0.25284 0.16145 -0.13197 -0.22513 0.00953 0.30124 0.14447 -0.32832 0.10348 -0.28941 0.04553 -0.28251 -0.25195 -0.10741 -0.37123 -0.02201 0.04863 -0.34073 0.26414 0.19756 -0.20242 -0.41701 -0.28849 -0.27631 0.06276 0.06048
0.31181 0.13376 0.38748 -0.18273 -0.23034 0.02406 0.12902 -0.19339 0.02037 0.02214 -0.17845 0.02570 -0.20041 0.01460 0.16724 -0.12099 0.01117 0.06017 -0.05773 0.20810 0.25080 -0.20855 0.15158 -0.19859 -0.02600 0.14077 -0.03975 -0.18512 0.01366 -0.14892 -0.09242 0.05394 -0.16385 -0.09806 0.24091 0.09923 0.08969 0.24487 -0.22408 -0.09949
0.25854 -0.16522 -0.01294 -0.08109 0.11088 -0.11005 0.20567 0.16571 0.10392 0.18978 0.02936 0.12890 0.05873 0.28464 -0.01431 0.26760 0.11305 0.04616 0.25422 -0.16059 0.05319 -0.20347 -0.21316 0.17942 -0.17400 0.00736 0.03459 0.18430 -0.12328 0.10283 0.22022 -0.18130 -0.29408 -0.23149 -0.03085 -0.16682 -0.31038 -0.06549 0.02913 0.09586
-0.12903 -0.11690 0.32762 0.13879 -0.07805 -0.36312 -0.12918 0.17699 0.17097 -0.08250 0.32004 -0.08524 0.22238 0.06525 -0.05550 0.23519 0.10083 -0.26946 0.31995 -0.18692 0.02883 -0.05651 0.17315 -0.15686 0.18522 -0.07141 -0.20936 -0.28515 0.20628 -0.36245 0.29172 -0.03908 0.32389 0.04198 -0.18301 0.04913 0.16665 0.07461 -0.01316 0.18550
0.33796 0.26345 0.17169 0.14868 -0.02733 -0.08819 -0.22836 0.20230 0.20748 0.31987 0.13503 0.03863 0.37900 -0.26518 0.23247 -0.20627 0.36209 -0.21830 0.14073 -0.24564 0.11632 -0.08127 0.18504 -0.03410 -0.12219 0.13090 -0.13864 0.29077 0.19904 0.08770 0.07746 0.02313 0.20910 -0.17679 0.01221 -0.05016 -0.09633 0.12079 -0.21473 0.20755
-0.21737 0.00121 -0.28317 -0.02161 -0.23489 0.12502 -0.19885 0.25742 0.35001 0.20539 -0.07684 -0.05346 -0.07734 0.23608 -0.16159 0.37265 0.21308 0.03336 0.09552 -0.37785 -0.25712 0.13623 0.24716 0.16290 0.00499 0.03713 0.09707 -0.01699 -0.11363 0.18686 0.30242 0.00565 -0.34335 0.15100 0.28677 0.40249 -0.02675 -0.22695 -0.12847 -0.19507
-0.38461 -0.11460 0.03187 0.27923 -0.11176 -0.17375 0.28546 -0.16213 -0.35385 0.20715 -0.11704 0.24010 0.00181 0.04710 0.16586 -0.23458 0.26515 0.51108 0.05487 -0.04403 0.19380 -0.01356 0.03635 -0.27271 0.08009 -0.25879 0.00086 0.28924 -0.22028 0.29256 -0.24291 0.18871 0.18410 -0.04927 0.09226 0.19728 0.18434 -0.18123 0.19749 0.24509
0.28940 0.21431 0.43493 -0.16894 -0.02010 -0.11381 0.21988 0.14258 0.22623 -0.15096 -0.11551 -0.15660 0.04225 -0.34355 -0.01306 0.02197 0.22329 -0.20670 0.18498 0.19221 0.15767 -0.17233 -0.02680 -0.25640 0.02404 0.17537 0.01651 -0.14582 -0.22070 -0.17639 -0.27506 -0.04727 0.13093 -0.22477 0.01014 0.21358 0.03336 0.30308 -0.11840 -0.25590
0.04422 -0.32145 -0.18202 -0.14533 -0.27985 -0.17541 0.20269 0.13559 0.03344 -0.30691 -0.28249 0.18374 0.00018 0.25187 -0.00054 -0.24212 -0.03805 0.16073 0.27680 -0.03256 -0.14510 -0.09832 -0.01701 -0.19805 0.09327 -0.11349 -0.19320 -0.20366 -0.14177 -0.21506 -0.28135 -0.10263 0.22057 0.23366 0.07920 -0.07931 0.20136 0.35120 -0.00600 0.23353
0.11049 0.04301 0.32352 0.06292 0.20525 -0.23632 0.02361 0.19014 0.25638 -0.04412 0.12245 -0.06319 0.10848 -0.19241 -0.00215 -0.08767 0.03162 -0.08776 0.10606 -0.25442 -0.06126 0.09107 0.07659 0.14144 -0.12132 -0.13673 -0.23569 -0.13604 -0.24177 -0.23259 0.40918 -0.10746 0.12742 -0.01860 0.11059 -0.13118 0.08288 -0.42840 -0.11686 0.04028
0.38815 -0.21285 0.51998 0.25182 0.02213 -0.08057 0.05384 -0.08537 0.40505 0.27235 -0.13661 0.02833 -0.06302 0.03347 -0.09647 0.19710 0.26502 0.03031 0.26795 0.12328 0.23893 -0.26115 0.06194 -0.03154 -0.17662 -0.04524 -0.21877 -0.22872 -0.18928 -0.27782 -0.02300 -0.16205 -0.32257 0.18466 0.31985 -0.20920 0.00342 0.40343 0.23253 -0.25625
0.11049 0.03079 -0.25988 0.17680 0.25163 -0.08081 0.23609 -0.04730 -0.23625 0.15904 -0.01075 -0.10865 0.13891 -0.20578 0.02320 -0.34159 -0.23973 0.08890 -0.10254 -0.10590 0.23168 -0.21775 0.34810 0.01174 -0.12597 0.06490 0.12452 -0.04828 0.09089 -0.21647 0.17992 0.04824 -0.16109 -0.14759 -0.35602 -0.19267 -0.19897 -0.12378 0.09122 0.13303
-0.01665 0.10335 -0.17954 0.08844 0.19635 -0.09890 0.02581 0.07979 0.26121 -0.21101 -0.19965 0.08256 -0.04854 -0.19854 0.16728 -0.02809 -0.18818 0.00802 0.02200 0.09295 0.11442 -0.17639 -0.11266 0.11258 0.14928 0.14110 0.21238 0.10693 -0.19353 -0.16071 -0.06767 -0.29770 -0.21657 0.06593 -0.38987 0.15881 0.04739 0.10813 -0.00163 0.05141
0.13640 0.24720 -0.13397 -0.14374 0.03402 -0.05206 0.06085 -0.18653 0.21530 -0.06084 -0.16241 0.18581 0.09757 -0.17661 0.21202 -0.03100 -0.12297 0.10455 -0.12042 -0.05820 -0.04959 -0.21635 0.24422 0.16139 -0.09781 -0.03217 0.24171 -0.23609 0.15010 -0.07207 0.11102 0.00236 0.09187 -0.22977 -0.04947 -0.18930 -0.08908 0.10219 -0.00029 -0.16887
0.14737 0.12524 -0.19968 0.12646 -0.11149 0.11343 0.32273 -0.16228 -0.11870 -0.32285 -0.08371 0.06116 0.04308 0.09073 -0.01975 -0.41113 0.10174 -0.26999 0.35654 0.00962 0.14330 -0.20231 0.16631 0.00122 0.05336 -0.26421 0.00659 -0.20933 -0.05264 0.15914 0.30858 -0.16944 -0.10225 0.13444 0.09456 -0.38191 0.01790 -0.28149 0.06052 0.04401
0.17983 0.27638 -0.16620 -0.00098 -0.07048 -0.34340 0.21219 0.03793 -0.14275 -0.11535 -0.10904 0.28147 -0.13816 -0.25750 -0.20963 -0.00592 -0.16849 0.11210 0.00631 -0.19981 0.07865 0.12963 -0.15022 -0.31138 0.14086 -0.03283 0.06512 0.31864 -0.08510 -0.10148 0.39336 -0.04962 -0.08056 0.20063 0.36689 -0.17271 0.00380 -0.32885 -0.01495 0.25662
0.31418 0.24689 0.18843 0.31999 0.24503 -0.02963 0.34336 0.04428 -0.32710 -0.14138 0.05675 -0.07191 -0.23946 0.10070 0.28257 -0.04079 -0.31184 0.18678 0.12908 -0.00937 -0.15198 0.31797 0.40025 -0.10561 0.03143 -0.07787 -0.01031 0.14289 0.05017 0.32956 -0.17842 0.09350 -0.36981 -0.16055 -0.01338 -0.19498 0.13514 0.02366 0.10070 0.13432
0.09380 -0.00837 0.17233 -0.14905 -0.05401 0.04297 -0.01664 -0.20846 -0.03461 -0.02066 0.06977 -0.14975 -0.24554 -0.23442 0.22346 -0.14031 0.13467 -0.00130 0.06680 0.08833 0.32105 -0.36895 -0.11906 0.03802 0.07905 0.00577 0.21792 -0.00426 0.15224 -0.08042 -0.31713 0.05930 0.11612 -0.04124 0.23842 0.14885 -0.05196 0.17520 0.03934 -0.07629
0.35171 0.29918 0.48756 0.07767 -0.07989 0.14078 0.19710 0.19899 0.24134 -0.10887 0.01398 -0.02329 -0.32043 -0.25724 0.25869 -0.17585 0.36933 0.16021 -0.07533 0.23679 0.12359 0.15821 0.16821 -0.08602 -0.24755 0.24402 -0.25599 -0.09831 0.06107 -0.31016 -0.29916 0.14081 0.15978 -0.14678 0.27171 -0.02051 0.20063 0.46473 -0.15760 0.01222
0.22977 0.04084 0.15607 0.13555 0.21972 0.19837 0.10303 -0.23850 0.11354 0.00411 0.19377 0.06584 -0.22140 0.08684 -0.18906 0.08975 0.16916 0.05727 -0.03930 0.02892 -0.00055 -0.00401 0.07639 0.04778 -0.25911 0.22436 0.15501 -0.08486 -0.02027 0.06780 -0.02046 0.01590 0.09520 0.26777 0.11089 -0.03955 0.04961 -0.25325 0.30949 -0.07129
0.03536 0.18690 -0.12671 0.19842 0.27491 0.11225 0.19098 0.03981 -0.01379 -0.05801 -0.16586 -0.02733 0.29534 -0.01483 0.07705 -0.01410 -0.26277 0.08613 0.06202 0.24860 0.07920 0.07834 -0.14491 -0.16288 0.17962 0.24165 -0.03085 -0.08667 0.22734 0.30965 -0.23540 0.01160 -0.01155 0.00314 -0.10190 -0.17187 0.14161 -0.01162 0.26104 0.10224
0.02454 -0.07902 0.13372 0.13337 0.00063 -0.13300 0.27995 0.23092 -0.08077 0.37590 0.01713 -0.00749 0.06235 0.05082 -0.26817 -0.10703 0.11662 0.11516 0.05073 0.13719 0.41081 0.12069 0.33326 -0.09387 -0.11614 -0.16060 -0.37630 0.00056 0.16736 0.11252 -0.12594 -0.11690 0.10138 -0.19159 -0.26698 0.02779 -0.18788 -0.18197 -0.01385 0.18402
-0.26912 -0.05829 -0.25443 0.23871 0.00824 0.03698 -0.13839 0.35631 0.02854 -0.07239 0.18254 0.08852 -0.25154 0.26888 0.07586 -0.02224 -0.08725 0.46820 0.17381 -0.35548 0.22713 -0.14285 -0.08373 0.05223 -0.12118 0.08778 0.12266 -0.41555 -0.35239 -0.05267 0.18481 -0.21960 -0.00147 -0.10540 -0.26699 -0.34901 -0.22309 0.09203 -0.15609 -0.22138
-0.20056 -0.25296 -0.06225 0.18655 0.00101 0.19618 0.00812 0.37147 -0.01807 0.16597 -0.10434 -0.13334 -0.16988 0.15068 0.18971 -0.10899 0.01821 0.25966 -0.18887 -0.20930 -0.13137 -0.27757 0.07785 -0.00224 -0.17328 -0.04875 0.08364 -0.39247 -0.14539 -0.15698 -0.05196 0.06142 -0.09006 -0.00144 -0.27255 -0.34812 -0.25785 0.03852 -0.28077 -0.13804
0.23831 0.14693 -0.17988 0.25170 -0.26522 0.06493 -0.19954 0.20519 -0.27037 0.32778 -0.27531 0.09850 0.35714 0.09766 -0.29406 -0.13968 -0.01874 -0.08088 0.23094 -0.04619 -0.07617 0.10756 0.10735 0.32905 -0.15139 0.20263 -0.08331 0.10572 -0.22224 -0.28594 -0.31499 0.06031 -0.27771 -0.34467 -0.32545 0.28360 -0.26141 0.01137 -0.05377 -0.18222
-0.03546 -0.09009 -0.24045 -0.26581 0.11303 -0.17716 0.03553 -0.25021 0.06838 0.09785 -0.35850 -0.30767 0.14732 0.12719 -0.22365 -0.01480 0.11411 0.23793 0.09235 0.29593 0.25585 -0.10854 0.04756 -0.16851 0.34972 0.16268 -0.20894 0.28438 0.05564 -0.01096 -0.29330 -0.11665 -0.15760 0.36156 0.30356 0.26400 -0.33379 -0.14590 0.23461 -0.25821
-0.22226 0.22400 -0.16037 -0.00971 0.33598 -0.17829 -0.07365 -0.18729 -0.20339 -0.26087 0.27161 0.24745 -0.03577 0.16295 0.12913 0.28470 0.01758 0.19178 -0.34245 0.12719 -0.27209 -0.21322 -0.05955 0.12104 0.18525 0.25973 -0.32608 0.28654 0.01362 0.29853 -0.17080 0.13855 0.06913 0.28798 -0.24066 -0.24324 -0.34859 0.16672 -0.02887 -0.37366
0.27566 -0.23068 -0.30373 0.13912 0.35829 0.30427 0.25991 -0.17901 -0.28639 0.26352 0.39689 0.23599 0.06890 0.11250 0.07281 0.37850 -0.22907 -0.37074 -0.17521 0.05349 -0.26273 -0.09168 -0.26300 -0.34566 -0.25545 -0.24496 0.27270 0.23384 -0.25430 -0.27089 0.11616 0.40141 0.35521 -0.22847 0.07298 0.08170 0.07508 -0.33583 -0.20953 0.21783
0.35584 -0.26840 -0.23261 0.17116 0.23201 0.08128 -0.02371 0.35484 -0.23670 0.06651 -0.25348 0.07769 0.06885 0.24090 0.01336 0.30608 0.30411 -0.20749 -0.25012 -0.04718 0.17858 0.12293 0.12512 -0.15782 -0.11719 -0.22284 0.06294 0.13659 0.01771 -0.08351 0.15834 -0.03806 -0.09846 0.33399 -0.16107 -0.32586 0.02115 -0.11366 0.09661 -0.05607
0.00699 0.25820 -0.06276 -0.04000 -0.32432 -0.30443 -0.06583 -0.04997 -0.12415 0.11580 0.15922 0.47011 0.06219 -0.23647 -0.06164 0.22139 -0.28394 -0.04605 0.13906 0.03019 -0.28017 -0.17478 0.18736 0.04617 0.01443 0.15891 -0.05302 -0.16830 -0.35651 -0.35781 -0.23739 0.04092 0.06462 0.41724 -0.03883 0.18554 0.09699 -0.14813 0.05257 -0.22614
-0.16405 0.19161 0.03714 0.10848 -0.13164 0.10858 -0.08525 0.05394 -0.18893 -0.03732 -0.11803 -0.20501 -0.04253 0.03174 -0.25074 -0.01194 0.14671 -0.23607 0.02531 -0.10552 -0.26153 0.04132 -0.07064 -0.21205 -0.13061 -0.01674 -0.13919 0.24417 -0.42527 0.17957 -0.27698 -0.10611 0.17127 -0.31502 0.01045 -0.22483 0.24565 0.32260 -0.03491 -0.02468
-0.14350 0.08133 0.12596 -0.04584 0.01372 -0.01717 -0.21731 0.18980 -0.00610 -0.25891 0.11406 0.01706 0.10941 -0.05230 -0.10937 0.15767 -0.06332 0.08354 0.02444 0.07546 -0.10289 -0.01199 -0.15845 -0.26000 0.07823 -0.05176 0.03663 -0.20328 0.00883 -0.07424 -0.12673 -0.01094 -0.05915 0.13108 0.21614 -0.07932 -0.17929 0.07722 -0.24133 -0.11932
-0.02026 -0.01398 0.06385 -0.02975 -0.06206 -0.22061 0.18197 -0.07154 -0.05335 0.21760 -0.00594 0.34399 -0.04565 0.12742 0.12316 0.03832 0.04348 0.15924 0.19874 -0.03199 -0.28479 0.02741 0.19388 -0.13136 -0.20755 -0.19124 -0.09763 0.13163 -0.27697 0.00481 -0.02529 -0.03049 -0.15875 0.00722 0.09218 0.19108 -0.22481 0.02848 0.01403 0.00655
