-0.00329 -0.13832 -0.01533 -0.31252 -0.07871 0.08283 -0.01385 0.25476 0.17479 0.00549 0.14069 0.10148 0.24421 -0.04585 -0.12333 -0.07440 0.22802 0.06734 -0.09352 0.04957 0.13434 0.10459 0.05794 -0.09691 -0.15548 -0.16274 0.11849 -0.13830 -0.00743 -0.19721 -0.24898 -0.07882 0.00451 0.23028 -0.17618 -0.08332 0.03423 0.28330 0.00338 -0.22776
0.09905 0.21950 -0.29861 0.23969 -0.13446 0.04000 0.02433 -0.15659 -0.17440 0.07485 -0.02724 0.09504 0.17072 -0.05186 -0.11535 0.09053 -0.05965 0.09680 0.01071 -0.04383 -0.19149 0.11195 -0.08092 0.22673 0.08641 -0.11129 -0.03732 -0.00034 0.15328 0.07562 0.29691 -0.16519 -0.01127 -0.04085 0.20627 -0.01513 0.12739 -0.09711 0.31298 0.06073
0.01247 0.06300 -0.00755 -0.19250 0.16444 0.13294 -0.21690 0.08642 -0.13138 0.03638 -0.22418 0.03863 -0.04743 -0.05974 0.05725 0.12003 -0.15030 0.06257 -0.20464 -0.10307 -0.08225 -0.13905 0.24683 0.05734 0.04858 -0.05946 -0.11466 -0.12462 -0.09929 -0.20020 0.03621 0.14724 -0.04383 -0.21342 -0.12370 0.01734 0.18275 0.08553 -0.03484 -0.06131
-0.06902 -0.01695 0.17607 0.07147 0.23590 -0.19150 -0.15744 -0.08160 -0.22487 0.11424 -0.08729 -0.00626 -0.08965 0.18989 0.20581 0.11413 -0.22639 0.07713 -0.02856 -0.15198 -0.06307 -0.06648 -0.07459 0.03603 -0.02737 -0.03384 0.09524 0.06919 -0.07074 0.13187 0.01850 0.13845 0.14256 0.01627 0.18463 0.08257 0.00639 -0.29745 -0.09015 0.19609
0.13649 -0.01551 0.08329 -0.02755 0.10039 -0.24040 -0.12439 -0.16817 0.03310 0.22388 -0.28600 -0.26496 -0.29327 -0.09780 0.15712 -0.11291 -0.00400 -0.09837 -0.07071 -0.03782 -0.22057 0.21874 0.02594 0.03747 0.22679 0.26523 0.09794 0.14996 0.11529 -0.01010 -0.02833 0.04116 0.21373 0.08475 0.15001 0.20782 -0.17540 -0.34284 0.18468 0.30170
-0.04643 -0.11914 -0.00697 -0.35673 -0.11044 0.10606 -0.00993 0.28316 0.14282 0.02988 0.10033 0.07240 0.30665 0.01404 -0.16601 -0.11996 0.21757 0.14354 -0.14212 -0.06312 0.13229 0.16359 0.11645 -0.07685 -0.19649 -0.23187 0.04928 -0.15639 -0.10495 -0.19047 -0.26919 -0.07243 0.02658 0.21294 -0.20615 -0.01716 0.05496 0.29556 0.03458 -0.27269
-0.02157 -0.06843 0.12289 -0.08593 0.10760 0.06947 -0.02207 -0.10964 -0.08711 0.02560 -0.13086 -0.05790 -0.12849 0.16111 0.09402 0.08374 -0.13134 0.03657 -0.20103 -0.02975 -0.12183 0.11178 -0.00042 0.09482 -0.01991 0.26619 0.00358 0.00131 -0.24117 -0.06685 -0.13301 -0.01124 0.29275 -0.20049 0.13633 0.14172 0.09377 -0.13197 0.08932 -0.10073
0.03749 -0.07425 0.04903 0.06188 -0.01869 0.13455 -0.02376 0.05179 -0.00363 -0.20152 -0.01005 -0.03607 -0.07897 -0.10154 -0.08710 0.20295 -0.11577 -0.08002 0.04127 0.06509 -0.08614 0.09303 0.24244 0.17185 0.03867 -0.08478 -0.19579 0.04780 -0.07466 -0.07020 -0.01495 -0.06503 0.17132 -0.12064 -0.12075 0.18722 -0.15743 0.03935 -0.03916 0.01226
-0.35145 -0.04534 0.08881 0.06732 -0.07820 -0.02911 0.11191 -0.17802 0.24479 0.18733 -0.23466 -0.25346 -0.29295 0.05186 -0.06238 -0.09927 0.22923 0.05636 -0.19167 -0.17152 0.02074 -0.24248 0.17987 0.10739 0.01609 0.11358 0.07510 0.01039 -0.35106 0.20420 0.15883 0.22850 0.18898 -0.25314 0.31943 0.18993 0.04657 -0.11440 -0.05178 -0.18210
-0.07327 0.06322 -0.10214 -0.23169 0.00495 -0.01644 0.06604 -0.10212 -0.13864 0.01242 -0.12708 -0.04674 0.06699 -0.06355 0.01822 -0.03099 -0.10429 0.06510 -0.21004 0.01419 -0.19440 0.21557 0.01769 -0.04327 -0.25953 0.02787 -0.08127 -0.03187 -0.04153 -0.11028 -0.15571 0.04083 0.05975 -0.06757 -0.10793 0.24803 0.01596 -0.01816 0.17825 -0.00321
-0.13500 -0.06345 -0.02065 -0.11291 0.01819 0.06245 0.09988 0.00528 -0.02890 0.14166 -0.12058 -0.16515 -0.26159 0.17959 -0.08241 0.09978 -0.10703 0.00343 -0.22378 -0.00962 0.04128 -0.01896 0.12555 0.11606 -0.02458 0.06051 0.03884 -0.10077 -0.17610 0.00288 -0.05814 0.02165 0.22427 -0.21379 0.04867 0.21603 0.03687 -0.19287 0.16647 -0.07375
-0.33804 -0.04102 0.07379 0.08470 -0.02348 -0.06878 0.11597 -0.16205 0.20062 0.18270 -0.20592 -0.21700 -0.29064 0.04674 -0.08122 -0.10027 0.19527 0.04192 -0.19371 -0.18738 -0.01902 -0.24207 0.19427 0.12883 -0.01795 0.07866 0.09895 -0.02274 -0.35972 0.20571 0.14840 0.20218 0.22965 -0.23620 0.33886 0.15054 0.08072 -0.10719 -0.03480 -0.17869
-0.12934 0.11319 0.11222 -0.09771 -0.02912 0.00983 -0.02774 -0.09626 -0.15801 -0.00298 -0.09465 -0.17534 0.00940 0.17747 0.08753 -0.03856 -0.14215 0.14971 -0.19630 -0.23104 -0.25094 0.18646 0.18459 0.12513 0.00783 -0.07542 -0.07706 -0.12657 -0.36783 -0.04325 -0.04522 -0.07739 0.01852 -0.30640 0.01929 0.19857 0.28769 0.04712 0.13311 -0.24909
0.27820 0.34059 0.19285 0.13666 0.09352 -0.09886 0.28011 -0.32269 -0.04162 0.00620 -0.16979 -0.11639 0.01943 -0.29713 -0.08758 -0.28200 -0.09330 -0.32727 -0.02675 -0.09058 -0.12941 0.08185 -0.08661 -0.17055 -0.10138 -0.12085 0.12418 -0.22979 0.13645 0.11261 0.15926 0.12564 -0.27195 -0.20728 0.08819 0.22261 0.30485 0.02118 -0.25465 0.13505
-0.03637 -0.14283 -0.01784 -0.36963 -0.10263 0.11303 -0.04497 0.30009 0.17051 0.01688 0.07175 0.10879 0.25557 -0.00829 -0.14023 -0.06874 0.24769 0.13193 -0.15750 0.02824 0.16090 0.10553 0.11807 -0.09332 -0.13716 -0.16599 0.08746 -0.15506 -0.09237 -0.24676 -0.28502 -0.05812 0.00569 0.16342 -0.23003 -0.02662 0.05173 0.33753 0.00462 -0.25998
-0.04211 0.14007 0.11204 0.14609 0.04901 0.16583 -0.07442 -0.01433 -0.00450 -0.01095 -0.10806 -0.04513 0.06581 0.07641 0.04945 -0.00979 -0.21043 -0.01094 -0.13064 -0.05102 -0.14137 -0.00615 0.02867 0.02725 -0.07932 0.02013 -0.00291 -0.09378 -0.12743 0.07602 -0.01188 -0.24058 0.03914 -0.09685 -0.20802 -0.00511 0.14244 -0.17762 -0.00566 -0.06772
-0.01697 -0.13533 -0.03422 -0.32995 -0.10145 0.10340 -0.05427 0.30227 0.14184 -0.00697 0.09191 0.11459 0.26050 -0.01237 -0.12309 -0.05275 0.22469 0.13063 -0.13114 0.03455 0.15269 0.13755 0.07804 -0.10284 -0.15948 -0.17243 0.06718 -0.11066 -0.06100 -0.21243 -0.30468 -0.09468 -0.02393 0.18806 -0.26941 -0.05114 0.06062 0.32680 -0.01298 -0.24409
0.00487 0.02496 0.08433 0.00196 0.11235 -0.16697 0.00340 -0.01479 -0.08206 0.01501 -0.07990 0.03640 -0.04888 0.01007 -0.03456 0.10882 -0.16521 -0.06171 -0.13009 0.00652 0.05501 -0.02700 0.06331 0.07882 0.02649 0.05539 -0.14715 0.01794 -0.06371 -0.15045 -0.12402 -0.10487 -0.02073 -0.07596 -0.06646 0.03004 0.10787 -0.08272 0.13587 0.14860
-0.19154 0.03776 0.14324 -0.04898 0.14274 -0.04018 -0.06377 -0.08976 0.03386 0.13061 -0.17079 -0.15979 -0.23956 0.06024 -0.01750 -0.01491 -0.12663 -0.00414 -0.07031 -0.05766 0.00158 -0.21771 0.10637 0.14842 0.03195 0.01099 0.07069 -0.17990 -0.17468 -0.04802 0.02601 0.08480 0.27607 -0.22431 0.17721 0.18324 0.04353 -0.13487 0.11847 -0.07174
0.12896 0.03384 0.30759 0.00496 0.08760 -0.25406 0.07356 0.16284 0.05419 0.07734 0.10441 0.21724 0.09537 0.00923 0.26163 0.02373 0.03534 -0.16802 0.26920 -0.10016 -0.04747 0.02004 -0.11289 -0.00721 0.12285 0.21844 -0.07753 -0.05663 0.38614 -0.12495 -0.05547 -0.10984 -0.14851 0.14394 -0.07116 -0.06287 -0.05550 0.11760 -0.04762 0.32109
0.24118 0.22848 -0.21507 0.24230 0.11647 -0.11993 0.08208 -0.06544 -0.34650 -0.01953 0.03287 0.03190 -0.03687 0.10589 0.26517 -0.25760 -0.22838 0.03637 0.20903 0.16510 -0.06994 -0.02895 -0.34112 -0.14149 0.13219 0.08276 0.04623 0.18223 -0.01484 -0.01733 -0.02002 0.04751 0.01588 -0.03327 -0.04074 -0.08349 -0.00676 0.03884 0.08206 -0.05381
0.27922 0.31869 0.05112 0.06416 0.14083 0.07272 -0.27732 -0.10490 0.00230 -0.18748 0.23283 -0.07979 -0.11600 0.27765 0.18148 0.06324 0.03753 -0.25234 -0.18786 -0.05746 -0.23341 -0.26763 -0.24291 0.03959 0.18132 0.25895 0.06428 0.30002 0.23533 0.06640 -0.08306 -0.16915 -0.26657 -0.00599 -0.07212 0.07855 0.22471 -0.16612 0.04608 0.25513
0.31039 0.16629 -0.17141 0.27664 -0.03683 -0.11821 0.18623 -0.23575 -0.23987 -0.01783 0.06842 -0.07446 -0.10998 0.21422 -0.05625 -0.01265 -0.18583 0.12514 0.03504 0.08152 -0.20065 0.18950 -0.15484 0.16728 -0.04959 -0.05368 -0.19174 0.07003 0.26856 0.07799 0.34788 -0.08294 -0.09285 -0.06508 0.17288 -0.01419 0.15222 -0.09537 0.16336 0.04812
