-0.07436 -0.13659 0.26308 0.22963 0.09069 0.26299 0.11315 0.22077 0.08770 0.16085 -0.16341 0.03688 0.01856 -0.02350 -0.11764 0.08813 0.02771 -0.08579 0.22270 0.22467 -0.03803 -0.05571 -0.22591 -0.10674 -0.26518 0.13599 -0.10149 -0.09684 0.06331 0.02323 -0.33800 -0.15427 -0.02319 -0.08210 -0.17528 -0.10795 0.18550 0.21788 0.26167 0.22305
-0.11519 0.09018 -0.05485 -0.02019 0.15273 -0.01046 0.17015 -0.10133 -0.17920 -0.10702 0.20843 0.21305 0.17484 -0.02390 0.17031 -0.15962 -0.14650 0.15170 0.02725 0.03561 -0.02255 -0.01071 0.22721 -0.24840 0.12084 0.14870 0.19770 -0.16577 0.14676 0.33753 -0.38957 -0.03672 -0.04639 -0.21405 0.22473 -0.14902 -0.01955 0.09335 0.34228 0.11071
-0.15448 -0.17400 -0.10961 -0.09365 -0.04133 0.00273 0.09448 0.34692 0.06333 -0.16440 0.13980 -0.20456 0.19056 0.14028 0.01093 -0.17628 -0.35097 0.08817 -0.18551 0.22628 -0.12468 0.22523 0.10101 -0.09991 0.08802 -0.03040 0.16805 -0.18133 -0.22539 0.26730 -0.03365 0.02517 -0.01819 0.07776 0.05077 0.04046 0.18832 -0.32399 0.10368 0.02267
-0.25764 -0.19097 0.27679 0.23511 -0.15431 0.03289 -0.00059 0.03261 0.00797 -0.11696 -0.26354 0.07089 0.08781 0.07642 -0.22222 -0.03471 0.05210 0.05476 0.14644 -0.13711 -0.04256 0.08179 0.12947 0.01183 -0.20045 0.10134 0.29998 -0.18983 0.16921 0.23104 -0.21829 0.22837 -0.09078 -0.26627 0.08126 0.10072 0.22612 0.08892 0.04349 -0.00401
0.09732 0.03411 0.16727 0.09190 -0.12208 0.13622 0.09496 -0.07832 -0.15066 0.00767 0.09788 0.24883 0.03927 -0.13631 0.07401 -0.03162 -0.13933 0.05306 -0.06165 0.16150 -0.02303 -0.03500 -0.11962 -0.06331 -0.23399 -0.10131 0.18360 0.18961 0.12377 0.28041 -0.19646 0.06426 0.12280 -0.08837 -0.08621 -0.08249 0.13528 0.12088 0.19979 0.12089
0.02264 0.02925 -0.07014 -0.05836 -0.10737 0.18162 0.25448 -0.14684 -0.10601 0.21590 0.06322 -0.09696 0.20693 0.03959 0.04586 -0.02024 -0.23385 0.00242 0.06537 0.10262 0.02218 -0.09917 0.09736 0.19523 -0.06666 0.23854 -0.19103 0.04777 0.08083 0.12130 -0.31638 -0.18800 0.00618 -0.14192 -0.09416 0.14627 0.16965 0.06078 0.29851 0.15187
-0.10072 0.05592 0.05514 -0.17814 -0.24386 0.23296 0.15656 -0.00877 0.05892 0.10405 -0.07402 0.27289 -0.08727 -0.15621 0.24583 -0.13356 -0.00825 0.05431 0.19776 -0.01890 -0.11110 -0.20290 0.04229 -0.29128 0.08615 -0.02605 0.03608 0.06545 -0.20537 0.01316 -0.08470 0.14284 0.09371 0.10584 0.01319 -0.04436 0.15954 0.03640 0.28361 -0.06908
0.03155 -0.02423 0.26906 -0.28437 0.13905 -0.00942 -0.35400 -0.21040 0.25136 -0.25313 0.03020 0.00035 0.18914 0.08717 0.14361 0.26707 0.38231 0.02704 -0.02721 0.17637 -0.04940 -0.06364 -0.26447 0.08719 -0.07488 0.19780 -0.33141 0.02656 0.12965 -0.31448 0.24121 -0.33884 0.25000 -0.39304 0.13177 0.08747 -0.08342 -0.18278 0.21459 -0.39355
-0.37718 0.00914 -0.02219 0.26598 0.14630 -0.13055 -0.10842 -0.24027 -0.27644 -0.34531 0.16730 0.03766 0.11811 -0.01978 0.00429 0.14322 -0.06114 0.05539 0.03216 -0.00130 -0.25845 0.31385 0.22123 -0.01765 0.38901 -0.32357 0.07580 -0.17621 0.04774 0.23291 0.34085 0.24026 0.17544 -0.10851 -0.00554 0.26869 0.26524 0.21589 0.10157 -0.42669
0.03585 -0.04839 -0.18282 0.07466 0.00652 0.04304 -0.18596 0.19977 0.17961 -0.14096 -0.24464 -0.24815 0.19063 -0.04360 0.05500 -0.18200 -0.06147 -0.00716 -0.06114 -0.01182 -0.06144 0.12381 0.00372 0.09790 -0.03822 0.18883 -0.28493 -0.10413 0.13753 -0.21971 0.21534 -0.16814 -0.23498 -0.01357 0.08832 0.00088 -0.22223 -0.03848 -0.10118 -0.05151
-0.15190 0.05013 -0.27865 -0.14951 0.17578 -0.06157 -0.04640 -0.12168 0.23149 -0.08207 0.29884 0.24065 -0.22806 -0.18810 -0.15242 0.22086 -0.26188 -0.11398 -0.00234 0.28477 0.12587 -0.10653 -0.02379 0.00132 0.20289 -0.26273 -0.31762 0.14927 0.08845 0.23651 -0.03849 0.10023 -0.06289 -0.15992 0.05080 -0.26535 -0.15330 -0.36514 0.36635 -0.48958
-0.10918 0.03120 -0.05149 0.15883 0.11205 -0.22324 -0.10305 -0.05487 0.17779 -0.21686 -0.19012 -0.14323 0.20662 0.02929 -0.01894 -0.02022 -0.02919 -0.08911 -0.05706 0.07438 0.11942 -0.07535 -0.08200 0.15760 0.00000 0.03294 -0.38115 -0.03590 0.07620 -0.13193 0.14240 0.01817 -0.16977 0.14363 -0.01423 0.09558 -0.01414 0.06088 -0.26917 0.10801
0.19043 -0.28586 -0.02551 -0.11519 -0.00378 0.14244 -0.05926 0.03577 -0.02343 -0.25988 -0.10744 -0.08290 0.03345 -0.03607 -0.06749 0.04901 -0.14232 0.12699 -0.21777 -0.00649 -0.00689 0.17467 0.06593 0.23226 0.08748 -0.07399 -0.32828 -0.04204 -0.02660 -0.23337 0.34894 -0.32332 -0.37822 0.05540 0.15743 0.21960 0.04874 -0.08631 -0.16562 -0.24958
0.09322 0.16838 -0.01116 -0.00182 -0.08703 -0.15861 0.02176 -0.06310 -0.07294 -0.21713 0.04267 -0.02377 0.23432 -0.02610 -0.12376 0.03933 -0.10066 0.18274 -0.27151 0.02121 -0.22337 -0.10788 -0.03530 0.04787 -0.19541 0.15298 -0.27825 -0.06546 -0.21045 -0.14966 0.11133 -0.16676 -0.12458 -0.18355 -0.16537 0.20158 -0.08324 -0.04151 0.01232 -0.04755
-0.02721 0.19698 0.04726 -0.15685 0.07540 0.04509 -0.18020 -0.05041 0.05274 -0.03773 0.09452 0.07921 -0.18003 -0.35338 0.08722 0.01046 -0.20512 -0.12870 -0.33804 0.15602 -0.08183 -0.10115 -0.10810 -0.02284 -0.06849 0.19806 -0.32459 0.12292 -0.35700 -0.26584 -0.12933 0.03301 0.06497 0.10509 -0.14775 0.11456 -0.02392 -0.04889 -0.23294 -0.14155
-0.08857 0.13201 0.03596 0.07059 0.25034 -0.13781 -0.18168 0.12832 0.07612 -0.19120 -0.00879 0.21051 -0.03877 0.14474 0.14560 -0.29643 -0.01364 0.14432 -0.00950 -0.19647 -0.00681 -0.10303 -0.14043 0.05155 0.01919 0.06918 0.04827 -0.03436 -0.10645 -0.12132 -0.04021 0.41242 0.24463 -0.20408 0.01196 0.12872 -0.24794 -0.20678 0.21439 0.04444
0.26320 0.04439 -0.13288 -0.13931 -0.23838 -0.29377 -0.32383 0.13773 -0.20335 -0.28765 -0.02606 -0.13868 -0.27904 -0.22051 -0.36287 -0.01667 0.11955 -0.30738 -0.38308 0.12410 -0.10054 -0.19690 -0.01958 0.14507 0.03748 -0.04375 -0.38952 0.17198 0.14491 -0.32624 0.24541 -0.22432 -0.23711 -0.14597 -0.07923 0.00143 0.23725 0.27812 -0.24382 -0.20975
-0.00093 0.20688 0.05905 -0.24609 0.14479 0.10962 -0.15852 -0.19936 0.13533 0.12246 0.18313 0.13445 0.13342 -0.05384 -0.06456 -0.15057 -0.13892 -0.24892 0.02196 -0.20677 -0.37152 -0.01823 -0.35728 0.22595 0.04173 -0.07295 0.18364 -0.19268 0.01564 0.02905 -0.17029 0.05639 -0.03058 0.19901 0.06854 -0.10345 -0.01054 -0.12329 -0.00287 0.27219
0.04307 -0.00245 -0.11704 0.00492 0.09518 -0.20660 0.22887 0.01962 0.24398 -0.36348 0.19900 0.01460 0.20927 -0.17063 0.11027 0.22951 -0.05971 0.20480 0.06879 0.29764 -0.20634 0.15696 0.08036 0.20790 -0.17142 -0.15844 -0.32486 0.15293 -0.21329 -0.36506 0.00510 -0.03376 -0.27243 -0.02411 0.05281 0.04409 -0.18237 -0.21565 -0.42160 -0.20060
-0.28497 0.29648 -0.15592 -0.19273 -0.08320 -0.22955 -0.02448 -0.07198 0.05104 -0.25297 -0.04508 -0.19065 0.00048 -0.02289 -0.12623 -0.18630 0.16643 -0.22607 0.15937 -0.05947 -0.01899 0.07013 -0.09904 -0.28212 -0.07898 -0.13120 -0.03787 -0.13022 0.15753 0.12954 0.22234 0.09241 0.08132 0.23813 0.24923 0.05751 -0.07944 0.26985 -0.19177 0.24802
-0.06068 -0.24990 0.12316 -0.05542 0.25327 -0.06030 -0.05531 0.35510 -0.22574 0.02643 -0.19495 0.02191 -0.11235 -0.00841 -0.14323 -0.08028 -0.08568 -0.19895 -0.24360 0.04990 -0.06500 0.11519 0.12341 0.07919 0.06779 -0.03252 0.09317 -0.09457 -0.09957 -0.38548 0.21541 0.15120 -0.25435 -0.11412 -0.00083 0.11423 -0.10513 0.02343 -0.21400 0.09053
0.11697 0.18074 -0.04460 0.22942 -0.20769 -0.04295 0.08223 -0.21828 0.09897 0.12916 0.03969 -0.00775 0.21406 -0.01121 -0.06234 0.06288 0.08015 0.13381 -0.08952 -0.03300 0.18816 -0.08999 -0.02472 0.06410 -0.00893 -0.09522 0.21696 0.12827 -0.13498 0.23266 -0.12261 -0.03406 -0.02553 -0.10800 -0.02014 -0.23265 0.17884 -0.19771 0.29275 0.06873
-0.10859 0.03883 -0.31599 0.20771 0.16822 0.15087 0.16050 0.16090 -0.26683 -0.28688 0.10824 -0.00259 -0.11744 -0.11152 0.36865 0.20347 -0.04356 0.12741 -0.19126 0.32844 0.33637 -0.20487 0.00261 -0.23956 0.06550 0.06543 -0.23047 0.08500 -0.33035 -0.29282 0.22899 0.02522 0.05444 -0.03535 0.37628 0.14926 -0.07147 -0.12637 -0.10609 -0.30079
0.00361 -0.32218 0.07614 -0.24604 0.24172 -0.02525 0.17956 0.20669 0.31737 -0.29057 0.31786 0.23176 0.10374 -0.06838 0.18190 0.16379 -0.11963 -0.33579 0.29522 0.03896 -0.00324 0.08995 0.06122 0.09198 0.20955 0.11530 -0.26072 0.28731 0.11533 0.19796 -0.15966 -0.10257 -0.28093 -0.27227 0.23037 0.10651 -0.29900 -0.23949 -0.09550 0.27128
0.07997 -0.18480 0.12217 0.15787 0.00137 -0.07317 -0.12280 0.02305 0.15202 -0.05590 -0.22146 0.06409 0.02516 -0.20329 -0.18302 -0.23430 0.03986 -0.10637 -0.24013 0.17639 0.00871 0.25559 -0.27886 0.07689 0.05070 -0.00972 -0.03575 0.04992 -0.01060 -0.36250 -0.08072 0.20089 -0.13138 0.13097 0.19004 -0.18489 0.13810 0.35062 0.06650 0.21458
0.04297 -0.15219 0.18299 -0.16744 -0.02619 -0.11484 -0.02367 0.08712 -0.10570 0.22510 -0.21838 0.10893 -0.07578 0.22996 -0.08491 -0.06205 0.22626 -0.20677 -0.16422 -0.05236 0.03756 0.17604 -0.21125 -0.04732 0.00456 -0.02500 0.24936 -0.09244 0.11826 0.13528 -0.41753 -0.15268 -0.08363 -0.01159 -0.05601 -0.16245 0.23205 0.16806 0.08980 -0.21889
-0.04391 -0.15292 0.07203 -0.13397 -0.05410 -0.25776 0.13991 0.21736 -0.13659 0.13162 0.05781 0.18923 -0.08602 0.06880 -0.04706 0.01025 -0.20330 0.13162 0.30997 -0.04901 0.05795 -0.19500 -0.16403 0.17386 -0.13221 0.26844 -0.30457 -0.07969 0.08700 -0.18134 -0.23576 -0.13778 0.01119 0.10471 -0.07803 -0.01243 0.17132 -0.13727 0.03895 -0.15004
0.07985 -0.05630 -0.03118 -0.06572 -0.13464 0.08758 0.21003 -0.22734 -0.08661 0.10002 -0.16049 0.14802 0.01713 0.00289 0.01690 0.03951 -0.02919 0.02890 -0.16962 0.07337 0.11629 -0.00843 -0.11079 -0.15382 -0.00358 -0.18591 0.15177 -0.00855 0.04371 0.24491 -0.15230 -0.15493 -0.09296 -0.21956 0.04266 0.06202 0.08371 0.14991 0.14301 -0.03639
0.10827 0.09928 0.13815 0.01189 -0.06441 0.05491 -0.02884 -0.02799 0.06744 -0.07545 -0.08887 0.25186 0.15671 0.06749 0.00730 -0.08866 -0.10317 0.05454 -0.09613 0.00295 0.02504 -0.17748 -0.00915 -0.03525 -0.17785 -0.04928 0.09674 0.09066 0.19790 0.15205 -0.31432 0.09459 0.06972 -0.31046 0.13049 -0.03565 0.06774 0.00832 0.15858 0.17985
-0.12833 0.20074 0.08398 0.11751 -0.18977 -0.16860 -0.18057 -0.15176 -0.03364 0.22425 -0.12630 0.28312 0.08881 -0.07682 0.09332 -0.21300 -0.10765 -0.18286 0.12852 0.21606 0.03507 -0.27968 -0.20236 0.12966 -0.31529 0.00796 0.10103 -0.12739 -0.08118 0.12534 -0.45604 0.21601 -0.00455 -0.12410 -0.09876 0.02534 0.18779 0.15917 0.07857 0.16409
0.18795 -0.05102 0.02100 0.03858 -0.11511 0.00264 0.03786 -0.18659 -0.20865 0.06661 0.10705 0.19400 -0.10487 0.11270 0.08725 -0.10591 -0.05418 0.01724 -0.06397 0.14472 -0.00884 -0.19880 0.02684 -0.10520 0.07469 0.16207 0.09136 0.15974 0.07012 0.15640 -0.18068 0.20161 0.04090 -0.12190 0.02670 -0.14475 0.07281 -0.12103 0.26611 0.01135
0.00677 0.07066 -0.06943 0.10809 -0.26002 -0.02173 0.03647 -0.13852 -0.13044 -0.14382 0.06791 0.10954 0.09514 0.04649 -0.10285 0.00232 -0.21148 -0.02587 0.05158 0.09769 0.11757 -0.23875 -0.12976 0.06925 -0.06814 0.01146 0.07770 0.17666 0.09700 0.09465 -0.19096 0.04951 -0.18123 -0.24030 0.18235 -0.14994 0.07323 -0.06474 0.18868 -0.01226
-0.02020 -0.12121 0.22658 0.06882 0.10425 0.06199 0.23041 0.13154 0.00620 0.06516 0.18992 0.19130 -0.17267 -0.10449 0.10407 -0.08377 -0.21085 0.09467 0.01833 0.18097 -0.15849 -0.16788 -0.00634 0.09252 0.07951 0.19568 0.05769 0.18918 0.23110 -0.08967 -0.35199 0.05746 -0.09717 0.02094 -0.04335 -0.02791 -0.04277 0.06519 0.25181 -0.14039
-0.18377 0.06490 0.10498 -0.16527 -0.05793 -0.00966 -0.03254 -0.18068 0.26234 -0.28389 -0.26386 -0.21284 0.21438 0.16894 0.18465 0.24056 -0.20420 -0.19642 0.11205 0.03394 0.10227 0.15724 -0.15802 -0.20601 0.15879 -0.24998 0.04033 0.09215 0.19886 -0.08620 0.29087 -0.14090 -0.13237 0.19847 -0.13418 0.00123 -0.14868 0.25010 0.15158 0.04071
-0.15606 0.19877 0.08376 0.17232 0.12241 0.21727 -0.18704 0.18247 0.07709 -0.03855 -0.41934 -0.33622 -0.04566 -0.10628 -0.11718 -0.24801 0.05816 -0.32536 -0.26842 0.08174 0.21625 0.12368 -0.13215 0.14837 -0.23401 0.13324 -0.13398 -0.22100 -0.29696 -0.24831 0.08687 -0.22222 -0.01035 0.30302 0.16962 0.01229 -0.13176 0.05704 -0.20408 0.06752
0.17322 -0.15694 -0.18535 0.19297 0.37179 0.05072 0.22223 -0.30891 0.10327 0.20499 0.06763 0.00930 0.17601 -0.03349 0.27160 0.28762 -0.17934 0.02947 -0.10184 -0.32025 0.15334 -0.06728 -0.13524 0.14800 -0.13304 -0.21592 0.00969 -0.22335 -0.13234 0.11574 -0.14393 -0.16328 -0.07430 -0.11625 -0.25410 0.00310 0.19381 0.22884 0.08637 -0.30203
-0.17727 0.32379 0.10754 -0.09509 0.08967 0.06857 -0.15833 -0.19912 0.09117 -0.07347 0.11401 0.00098 0.04814 -0.01997 -0.04105 -0.03757 -0.16148 -0.23460 -0.12417 0.01738 -0.26635 -0.01398 -0.26139 0.08291 0.13073 -0.12479 0.17099 -0.26055 0.02067 0.02141 -0.23396 0.23545 0.03341 0.08417 0.07203 -0.08890 0.01580 -0.12212 -0.08086 0.29519
0.07788 0.03278 -0.08085 -0.16536 0.08168 -0.00526 0.17864 -0.15071 0.08216 -0.24637 0.13559 -0.25140 0.22654 -0.17211 -0.09560 0.01475 -0.01365 0.18471 -0.26250 0.18729 -0.16946 -0.03246 -0.08284 0.07844 -0.20596 -0.16025 -0.23055 -0.23768 -0.16611 -0.10848 -0.18496 -0.01278 0.10024 -0.05192 -0.01537 0.05134 -0.19210 -0.06459 0.11203 0.03973
0.08404 -0.06928 -0.02402 -0.06529 0.15321 0.12057 0.14975 -0.10451 0.09899 0.22660 0.10569 0.21034 -0.01389 -0.06042 0.10371 0.09102 -0.22509 -0.13492 0.00093 0.09364 -0.00621 -0.14212 0.09272 -0.04109 -0.03356 -0.07756 -0.14010 0.18071 0.14786 0.25021 -0.31187 -0.07717 -0.04647 0.18145 -0.20531 0.03583 -0.04681 -0.03188 0.07831 -0.18905
0.17962 0.01850 -0.10637 -0.25469 0.25251 0.16065 -0.00547 0.39800 -0.06002 0.17974 0.19000 0.23496 -0.04573 0.20733 0.22805 -0.02021 0.47277 -0.26936 0.20227 -0.15955 0.14567 -0.00514 -0.01200 0.28230 0.13899 0.16986 -0.00927 -0.29363 0.15625 -0.01209 0.23952 0.15890 0.04267 0.41881 -0.28275 0.23987 0.25451 0.36237 0.09642 -0.14418
-0.09467 -0.14154 0.39848 0.03233 -0.08662 0.09584 -0.26706 -0.09024 -0.34506 0.18198 0.07753 -0.03860 -0.26505 0.25084 -0.22485 -0.11506 0.30216 0.19633 -0.24642 -0.21579 -0.07420 -0.08393 0.22801 0.01722 0.23152 -0.21250 -0.17852 0.15959 0.38979 -0.00767 -0.17844 0.19304 -0.10281 0.05794 -0.04719 0.17315 0.22559 -0.27344 -0.08152 -0.24137
0.14961 0.09046 0.09239 -0.08292 -0.07745 0.08084 -0.18428 0.15851 0.21552 -0.17500 -0.27184 -0.30567 0.16653 -0.13758 -0.21111 0.03230 0.05022 -0.16377 -0.09615 0.18719 -0.02019 0.28191 -0.25602 0.10516 -0.15249 -0.15916 -0.10880 0.17598 -0.10337 -0.25438 -0.07136 -0.07633 -0.14927 0.20293 0.18346 0.05650 -0.22396 0.09381 0.16453 0.01162
0.14593 0.00164 -0.03955 -0.14285 -0.19168 -0.02192 -0.24502 0.15723 -0.03416 -0.00718 -0.16550 -0.19269 0.15694 -0.17306 0.05210 -0.22765 -0.07432 -0.05835 0.00535 -0.19750 0.03210 -0.04148 -0.08714 -0.17764 -0.25000 -0.03991 -0.20486 0.11611 -0.01171 -0.23315 0.12386 -0.21747 0.09255 0.25572 0.29451 -0.00897 0.15495 0.07425 -0.12042 0.11941
-0.30648 0.12495 -0.24641 -0.22538 -0.25421 -0.21785 0.27976 0.14499 -0.18361 -0.12717 0.10288 -0.14513 0.32935 0.32228 0.19921 0.09082 -0.07894 -0.15422 0.05388 0.04546 0.14837 0.31338 0.22987 0.25955 -0.02917 -0.24082 -0.31134 0.25455 -0.36361 0.13815 0.00316 -0.16280 -0.12117 0.38814 0.19977 0.47162 -0.00026 0.28075 -0.38403 -0.12802
0.09722 0.17052 0.14521 -0.14855 -0.03961 -0.04950 0.12447 -0.04719 0.14879 -0.14381 -0.01109 0.12132 0.38402 -0.12192 -0.11318 0.03738 -0.09234 -0.00995 -0.28337 0.09580 -0.19221 0.09565 -0.06102 0.12222 -0.21159 -0.00895 -0.17299 -0.16289 0.11172 -0.12342 -0.01105 -0.19007 -0.13115 -0.33426 -0.10304 -0.00065 -0.29545 -0.01548 -0.16924 0.03306
-0.20329 -0.04171 0.13647 0.07468 0.38191 0.21884 0.21592 0.28458 -0.23072 0.05194 0.12707 0.14450 -0.20451 0.21901 -0.11730 0.06090 0.02409 -0.36908 -0.09268 0.12691 -0.27895 -0.31144 0.28295 0.07472 -0.12371 -0.01902 0.27809 0.05461 0.00234 -0.14205 0.09075 0.23789 -0.22619 -0.28117 0.13794 -0.09679 -0.19848 0.01999 -0.18832 -0.07004
0.21753 -0.07465 -0.25407 -0.34246 0.12809 0.27622 0.31118 -0.16217 -0.39891 -0.30786 0.08371 -0.25809 0.13125 0.14704 0.09542 -0.29559 0.39665 0.04845 -0.20569 -0.11828 -0.01566 -0.17758 0.14607 -0.24681 -0.26776 0.28063 0.05075 0.05620 -0.34251 -0.20633 0.29542 0.12738 0.34294 -0.14949 0.30264 -0.25602 0.17278 0.03170 -0.20099 -0.06329
-0.08059 0.09669 -0.08417 0.04546 0.30407 0.04634 -0.03967 0.21655 0.06329 -0.11757 -0.28143 -0.12623 0.28434 0.17740 0.05916 -0.28134 -0.27757 -0.03929 0.08111 0.23541 -0.15758 0.04721 0.10900 -0.08327 0.18203 0.15010 0.03999 -0.08268 0.03757 -0.13871 -0.00950 0.10366 -0.23825 -0.13132 0.18723 0.04261 -0.07289 -0.04408 -0.18679 0.21693
-0.14237 -0.05972 -0.33927 0.17914 0.32598 0.31053 0.15298 -0.34119 0.05436 0.44097 0.02237 0.06055 -0.00313 -0.06635 0.30443 0.28144 -0.35434 0.15936 0.23289 -0.29018 0.26249 0.16045 0.34648 -0.05205 0.37208 -0.21062 0.20552 0.33714 0.28814 0.00969 0.44058 0.22327 -0.15611 0.35219 0.23666 0.07583 -0.00992 0.26298 -0.19607 0.06953
-0.00396 -0.07945 -0.14191 -0.04673 -0.20140 0.10114 -0.01246 0.14908 0.09912 -0.21588 0.04060 -0.25687 -0.03473 -0.15816 -0.10339 -0.07767 0.00438 -0.10011 0.05294 -0.04306 -0.11956 0.05052 0.05103 0.06419 -0.03982 0.14370 -0.39338 0.10913 -0.06338 -0.31645 0.10025 -0.17880 -0.20230 -0.02331 -0.09227 0.10274 -0.25177 -0.14755 -0.24934 0.14329
0.30346 0.11592 0.07785 -0.08804 -0.17801 -0.20554 0.18114 0.03734 0.02960 -0.25452 0.24562 0.06559 0.01522 -0.29499 -0.04147 -0.06153 -0.13615 0.17209 -0.17920 0.14035 -0.22860 0.03272 -0.17615 -0.06571 -0.24560 0.22834 -0.30959 -0.16529 0.16001 -0.31587 0.27832 0.03780 -0.13422 -0.24466 -0.28050 -0.07718 -0.23518 -0.31250 0.00262 -0.27188
-0.17932 0.12079 -0.00508 -0.12273 -0.38478 0.11651 -0.05892 -0.14333 -0.14048 -0.01600 0.16999 -0.05126 0.09979 0.06332 0.15795 -0.05937 -0.20873 0.09033 -0.01404 -0.07934 0.08985 -0.05299 -0.23487 -0.06313 -0.30894 -0.14900 0.07044 -0.01357 0.03568 0.12012 -0.13011 0.20042 0.18713 0.22455 0.14036 0.22006 -0.08990 0.01253 0.19702 0.09416
-0.02416 -0.08471 0.11310 0.19313 0.06326 -0.02773 -0.04475 -0.08646 0.17059 0.21967 -0.00991 -0.01424 -0.17467 0.11527 0.15325 0.06005 0.06090 0.07691 -0.09435 0.21294 -0.13516 -0.23928 -0.19905 -0.12565 0.02629 -0.01261 0.09964 0.08516 0.05236 -0.07875 -0.25822 0.13751 -0.07629 -0.10191 -0.12277 0.08641 0.20726 0.03789 0.06983 -0.07643
-0.08731 -0.14692 -0.22975 0.32272 -0.19540 0.33805 -0.32327 0.20569 -0.17930 0.16440 -0.11269 0.32942 -0.21150 -0.15774 0.11806 0.15933 0.36320 -0.23506 0.00994 -0.28863 -0.07299 0.08502 -0.17241 -0.25588 0.10546 -0.28861 -0.27700 -0.14944 0.08297 -0.02404 -0.12675 0.08191 -0.10175 0.10303 0.30344 -0.04737 -0.08983 0.15025 0.11220 0.13864
0.00748 0.16581 -0.00494 -0.09989 -0.04279 -0.10649 -0.07609 -0.15005 -0.07328 -0.23282 0.12275 -0.09506 0.08240 -0.02998 -0.16001 -0.03871 -0.10054 0.16385 -0.07576 0.01309 -0.05011 -0.00994 -0.06122 -0.09493 0.03669 0.19389 0.04135 -0.08804 -0.21555 -0.13915 0.05128 0.03339 -0.29044 -0.06433 0.05152 0.06542 -0.15787 -0.06629 -0.09619 -0.09629
0.07394 0.06957 0.15379 0.11653 0.04547 -0.00562 -0.15067 -0.06161 -0.09306 -0.20470 0.11175 0.25735 -0.20228 0.10284 -0.05275 0.14851 -0.05998 0.11224 0.02177 -0.11811 0.13084 -0.08207 -0.05328 -0.16256 -0.01090 0.03123 0.02703 -0.00927 -0.04381 0.15698 -0.06631 0.27412 0.17704 -0.11031 0.21879 0.23692 0.10898 -0.22254 0.07771 0.13749
0.10956 -0.20744 -0.07648 0.00584 0.24159 -0.17375 0.02962 -0.08748 -0.05156 0.07070 0.34254 0.26486 0.07587 0.25794 0.08309 0.18161 0.00478 -0.17414 -0.04959 0.14415 0.25325 0.05127 0.19930 -0.10233 -0.00374 0.29973 -0.23468 -0.45737 0.30127 -0.35921 -0.31561 -0.04644 0.06204 -0.35546 0.06411 -0.09895 0.02076 0.26059 0.38874 0.10032
0.00074 0.10493 0.13118 0.15740 0.23076 -0.07043 -0.20825 0.22007 -0.12636 -0.12888 -0.09903 0.24023 0.17503 -0.27442 -0.09039 -0.12887 0.15389 0.00632 -0.09501 0.18673 0.13950 0.12465 0.15122 -0.20049 0.00649 -0.00605 0.03501 -0.21965 -0.00733 0.26022 0.19103 0.03744 0.10682 0.07231 -0.05556 0.10409 0.19944 0.07917 -0.05534 -0.11840
-0.01551 -0.08918 -0.00890 0.08576 0.17613 -0.00651 0.19918 -0.17581 -0.19662 -0.08066 0.25104 -0.17312 -0.08583 0.10018 0.09408 -0.28453 -0.08356 -0.04031 -0.10259 0.09591 0.00407 -0.18790 0.21971 -0.08139 0.13609 -0.07624 0.05424 -0.07154 0.08596 0.09615 -0.16176 0.10245 -0.07071 -0.08565 -0.24575 0.22384 -0.27762 -0.10391 0.09350 0.08120
-0.28807 0.20117 0.28160 -0.14691 -0.24284 0.13197 -0.21911 0.00883 0.00608 0.16954 0.27231 -0.26822 0.02593 -0.00730 -0.14284 0.10034 -0.07625 -0.08598 0.02467 -0.07444 -0.02294 0.17696 -0.31504 -0.05801 -0.07599 0.22991 0.09617 0.36837 0.28385 0.11953 -0.14405 0.17291 0.31090 0.34972 0.11956 0.28297 -0.01558 0.20622 0.10549 0.33737
0.04497 0.10999 -0.08466 -0.12500 -0.18478 0.11918 -0.13091 0.15137 -0.03686 -0.24756 0.10526 -0.04490 0.10113 0.02740 -0.16447 -0.16735 0.08930 0.12443 -0.07308 -0.10460 -0.01356 -0.15343 -0.13710 -0.01292 -0.16983 0.10982 -0.40895 0.02190 -0.06945 -0.03273 0.18487 -0.21548 -0.13153 0.10672 0.01307 -0.08871 -0.31466 0.08258 -0.10665 -0.06358
0.12642 0.08666 -0.08493 0.11110 -0.08227 0.04997 -0.15160 0.07725 0.03296 0.08660 -0.27340 0.02990 0.30635 0.10938 -0.06186 0.10541 -0.01717 0.14065 -0.07323 0.17059 -0.19142 0.01034 -0.18923 -0.14085 -0.01581 -0.05609 -0.30131 0.06848 0.02501 -0.25338 0.24888 -0.13462 0.00978 0.16763 -0.07639 0.11156 -0.04479 0.21377 -0.19135 0.06888
-0.26437 0.11315 -0.38096 0.07399 0.08976 0.12913 -0.14012 -0.28043 0.11189 0.25171 0.27454 0.14753 -0.04019 0.15217 0.01960 0.39508 -0.11543 -0.11711 -0.07972 -0.03364 0.45541 -0.30352 0.25029 0.15073 -0.25650 -0.06229 -0.08090 0.13979 -0.12762 0.00349 0.10856 0.08714 -0.16085 -0.01086 0.01568 0.38143 -0.11278 0.13532 -0.26318 0.05184
-0.30352 -0.01017 -0.39480 0.11290 0.22416 -0.04433 -0.08111 -0.26555 0.12055 0.30574 0.21819 0.07695 -0.04758 0.16689 0.11374 0.31340 0.06712 -0.07307 0.07805 0.06767 0.40602 -0.24137 0.12511 0.20077 -0.10979 -0.10711 0.16586 0.24268 -0.18893 0.03525 0.08284 0.06850 -0.11039 0.00693 0.14638 0.37725 -0.22012 0.01213 -0.14460 0.22019
0.12805 -0.11799 0.04149 0.06154 -0.08744 -0.08642 0.11206 -0.12653 -0.05882 -0.14104 0.00982 0.06621 -0.06219 -0.09514 -0.16143 -0.22960 -0.01692 -0.10486 -0.16080 0.16216 -0.23879 -0.07421 -0.09742 -0.08623 -0.12256 0.12463 -0.27111 0.02607 -0.16052 -0.28223 0.20999 0.13089 -0.14461 0.22019 0.06842 -0.15441 -0.05427 0.07584 -0.09356 0.10121
-0.30479 0.22778 -0.08549 0.20571 0.01112 0.00111 0.18858 0.31159 -0.38651 -0.02527 0.26566 0.14306 0.28716 0.07821 0.20512 0.00728 -0.10921 -0.03045 0.17993 0.00474 0.38923 -0.07017 -0.24955 0.11243 -0.19486 -0.06102 0.06324 -0.26617 -0.02893 -0.29744 0.06601 -0.21548 0.05830 -0.13283 -0.19201 0.18712 -0.32650 -0.36140 0.06310 -0.05450
0.16887 0.35824 0.06912 0.00047 -0.23802 0.01184 -0.02536 0.24778 0.15191 0.27784 -0.19877 -0.05030 0.06837 0.20902 0.05113 0.31942 0.10610 -0.01346 0.33821 -0.01823 -0.22871 -0.03897 0.30267 0.05442 0.24606 -0.05497 -0.05247 -0.01660 0.13446 -0.08492 -0.09525 -0.07585 0.04204 -0.32526 -0.30551 -0.11089 0.05350 -0.21957 -0.21863 -0.12095
0.15705 -0.15029 -0.02409 0.26843 -0.09688 -0.00234 -0.12766 -0.17836 0.03547 0.01362 0.06461 -0.01420 -0.02966 0.02969 0.03594 -0.11522 -0.09333 0.09877 0.16681 0.07939 0.08896 -0.07181 -0.09783 -0.06247 -0.01851 0.14704 0.08341 -0.04463 0.05589 0.34305 -0.40073 -0.01082 -0.11837 -0.00304 -0.05550 -0.08276 0.19246 0.10632 0.24272 -0.03399
0.10475 -0.11005 0.00768 -0.00345 -0.26260 0.20062 0.01126 -0.14156 0.30336 -0.10748 -0.07903 -0.01775 0.11842 -0.20001 0.00668 0.15090 -0.21130 0.18441 -0.10423 0.25352 -0.05370 -0.07066 -0.01540 -0.16833 -0.06483 0.03031 0.09749 -0.10623 0.03266 -0.04821 -0.13852 0.29517 -0.18688 -0.12136 0.07682 0.27146 0.04634 0.03300 0.03520 -0.25742
-0.05988 0.03976 0.10814 -0.13622 0.23618 0.05248 -0.06945 0.03901 -0.10781 -0.33588 0.30662 0.29097 0.22285 -0.23935 0.20868 -0.03393 -0.08870 0.15866 -0.02422 0.22607 -0.05622 0.15806 0.00911 -0.06244 -0.06512 -0.01333 -0.29315 -0.06829 -0.06647 0.04744 0.26928 -0.11328 -0.24662 0.16085 0.07618 -0.10777 0.06976 -0.17905 -0.06889 0.11709
0.06798 0.17699 -0.04743 -0.06336 -0.14038 0.06220 0.06982 -0.09614 0.02431 0.12004 0.02088 0.12025 -0.07930 -0.21509 0.09905 0.03088 -0.24264 -0.18477 -0.20611 -0.05596 0.03718 -0.21595 -0.18660 0.07346 -0.01108 0.19811 -0.28040 0.03152 -0.09370 -0.20873 0.21184 -0.11494 -0.12057 0.06063 0.26208 0.00312 0.00012 -0.07581 0.01182 0.33670
0.08071 -0.35781 -0.26174 -0.00972 0.21529 0.23915 0.21642 -0.05992 -0.21659 0.30891 0.11660 -0.12742 -0.25517 0.06722 0.23156 0.01669 0.03979 0.14692 -0.05988 -0.19894 0.08929 -0.30374 -0.00418 0.20979 -0.22552 0.02803 0.00852 0.14303 -0.11349 -0.30134 0.32444 0.31884 0.27900 0.08536 0.07433 0.17229 0.27261 -0.30698 -0.16391 0.30604
-0.20433 0.24855 -0.03903 0.22909 -0.14588 0.14834 -0.01005 0.00425 0.10000 -0.11655 -0.00328 -0.13937 0.08364 -0.13734 -0.05278 -0.07931 -0.21817 -0.10207 0.08947 -0.06572 -0.06302 -0.01092 -0.16922 -0.07163 -0.12608 0.24156 -0.25561 0.05535 -0.00164 -0.16332 0.27434 -0.06041 -0.38388 0.04927 0.03822 0.08519 -0.11963 -0.02630 -0.17162 0.13862
-0.31172 0.34183 0.19647 -0.13327 -0.01354 0.09600 -0.31830 0.19847 0.11850 0.05073 0.20874 -0.15648 0.22181 0.27431 0.31709 -0.14513 -0.35043 0.19765 0.26408 0.21498 -0.01641 0.18611 -0.09152 -0.00888 -0.33767 0.17601 0.29928 0.14821 -0.13447 0.25295 -0.33115 0.42206 -0.14431 0.05918 0.15711 -0.11346 -0.24392 -0.29452 -0.00313 -0.10530
0.00669 0.20989 0.05944 -0.09408 -0.05974 -0.04118 0.07151 -0.17196 -0.19047 -0.00743 0.27111 -0.15798 -0.24933 -0.03368 0.00613 0.24547 -0.14572 0.14077 -0.16985 -0.25625 0.41957 0.31063 0.30559 0.10839 -0.23607 -0.04032 0.12732 0.08492 0.14550 0.19605 0.02953 0.32209 0.07808 0.18339 -0.16484 -0.02552 0.30488 0.29132 0.19698 0.02261
0.05949 0.15647 0.15318 -0.14107 0.09120 -0.12010 -0.03836 -0.05622 -0.12076 0.11047 0.18349 -0.13198 -0.32693 0.00154 -0.09595 0.19602 -0.09407 0.30202 -0.06768 -0.29066 0.32701 0.28742 0.29318 0.07658 -0.25312 -0.01033 0.02201 0.04690 0.08450 0.09343 -0.03443 0.17302 0.17868 0.09270 -0.15762 -0.02558 0.16939 0.21851 0.26880 0.08133
0.24067 0.31583 -0.02202 0.14081 -0.20286 0.19274 0.00941 0.17963 0.14242 0.19539 -0.02485 -0.14947 0.08073 0.07448 -0.07626 0.35860 0.11760 -0.06272 0.35534 -0.05335 -0.41293 -0.04829 0.26158 0.14472 0.37543 0.08285 -0.03242 -0.08621 0.14636 -0.07660 -0.11683 -0.13842 -0.06180 -0.39524 -0.23124 -0.17996 -0.04716 -0.24741 -0.30540 -0.11225
