0.26434 0.14949 0.07049 -0.02776 0.17791 -0.18481 -0.20291 0.01935 -0.22646 0.06289 -0.08151 0.10183 -0.21849 -0.10232 0.01901 -0.10503 -0.27817 0.15780 0.34934 0.11769 0.21526 -0.08671 0.20228 -0.15526 -0.10614 -0.00357 -0.03547 0.01435 0.03346 0.05354 0.00872 0.17017 0.01365 -0.32350 -0.16425 0.09053 0.08255 -0.09942 0.12777 -0.03594
0.28145 0.09471 0.06522 0.02573 0.17660 -0.13047 -0.17435 0.03902 -0.21821 -0.02423 -0.02218 0.02992 -0.28341 -0.07402 0.10917 -0.05773 -0.19372 0.21087 0.26517 0.07134 0.17733 -0.10510 0.19780 -0.18686 -0.20607 -0.06245 0.06198 0.03227 -0.03454 0.05027 0.01088 0.16336 -0.01983 -0.36486 -0.15579 0.10754 0.05996 -0.09393 0.16430 -0.02805
0.21142 0.03519 0.07239 -0.03968 0.20933 -0.15013 -0.17493 0.04902 -0.21573 -0.04219 -0.00630 0.03020 -0.25602 -0.04805 0.04683 -0.07886 -0.21794 0.22718 0.16529 0.01229 0.11087 -0.12640 0.13418 -0.21173 -0.19675 -0.06293 0.11874 0.02396 -0.02213 0.01681 0.07597 0.09772 -0.01458 -0.39958 -0.11027 0.07367 0.05712 -0.11140 0.14388 -0.08939
-0.13329 -0.12609 -0.10245 0.04102 -0.40193 -0.07542 0.08059 -0.08274 0.09651 -0.08434 0.01504 0.04790 0.24166 -0.01124 -0.03759 0.31306 0.14931 0.24136 -0.07729 -0.11291 -0.07162 -0.12006 -0.26372 0.07440 0.16171 -0.20073 0.16450 0.12102 0.09140 -0.01848 0.01835 -0.05664 -0.22126 0.18275 -0.09613 -0.02141 0.03913 0.07553 0.05068 -0.01922
-0.16710 -0.16650 -0.13356 0.01124 -0.41383 -0.13841 0.14078 -0.15049 0.16521 -0.07095 0.00463 0.11420 0.33540 -0.02586 -0.04801 0.35343 0.14313 0.21990 -0.09174 -0.12913 -0.11329 -0.11552 -0.34850 0.07425 0.19640 -0.25409 0.17299 0.14256 0.08295 -0.02727 0.01037 -0.06317 -0.21755 0.16404 -0.12567 -0.03857 0.03272 0.04151 0.06823 -0.01882
-0.12364 0.15321 -0.01245 -0.03590 0.08156 0.22888 0.04171 0.02129 0.02524 0.10981 0.09907 -0.14267 0.08049 0.12918 -0.23398 -0.15664 0.06929 -0.14598 -0.13427 -0.09438 -0.09363 0.10338 -0.11963 0.07635 0.07828 0.20474 -0.32230 -0.03347 -0.01297 -0.03399 0.13264 -0.06202 0.20495 0.17923 0.25635 -0.04633 -0.03824 -0.04001 -0.31089 0.04983
0.31161 0.09720 0.01440 0.02556 0.16347 -0.11343 -0.19027 0.00019 -0.24546 -0.03553 0.05319 0.05189 -0.20572 -0.10310 0.13727 -0.04609 -0.11783 0.16754 0.20587 0.06359 0.14321 -0.10069 0.18299 -0.19250 -0.25795 -0.09569 0.08224 0.07251 -0.03022 0.05887 0.01127 0.12938 -0.04126 -0.33404 -0.13245 0.13183 0.08798 -0.11206 0.16708 -0.09668
0.07946 -0.05841 -0.01562 0.08535 0.02994 0.02675 -0.05634 -0.10676 -0.20374 0.17768 -0.19468 0.06340 -0.13807 -0.16551 0.15667 0.01890 -0.18654 0.04262 0.18069 0.07892 0.14122 -0.01641 -0.07115 0.07905 -0.13809 -0.08393 0.03898 0.03315 -0.12584 0.06404 -0.02387 0.12615 0.11485 -0.16550 -0.09698 0.08025 0.18915 -0.02306 -0.03737 0.01312
0.33371 0.14462 0.06455 0.04327 0.15711 -0.15909 -0.25177 0.01101 -0.28284 0.02248 -0.03886 0.03759 -0.29555 -0.14340 0.02726 -0.11030 -0.17663 0.29427 0.28805 0.17396 0.20106 -0.14355 0.26552 -0.21583 -0.19476 -0.03651 0.05829 0.04422 0.00244 0.04741 0.01059 0.09934 -0.13220 -0.35443 -0.26282 0.10906 0.07538 -0.10701 0.22696 -0.04797
-0.21215 -0.19606 -0.09368 -0.02709 -0.37029 -0.05803 0.14840 -0.11922 0.09639 -0.07744 0.01981 0.09869 0.34287 -0.04959 0.02934 0.38709 0.17878 0.11342 -0.11099 -0.10932 -0.07960 -0.11315 -0.27441 0.20780 0.16288 -0.19051 0.12135 0.14177 0.09138 -0.07555 -0.11451 -0.10955 -0.17392 0.26946 -0.06190 -0.09489 0.06287 0.02000 0.02119 -0.01030
-0.19283 -0.15856 -0.06509 0.04908 -0.37804 -0.02414 0.10202 -0.10029 0.04477 0.00030 -0.00025 0.05738 0.28364 -0.05303 -0.02415 0.35230 0.15176 0.15052 -0.05978 -0.07344 -0.08731 -0.15520 -0.27153 0.15819 0.11145 -0.19742 0.11330 0.20805 0.07611 -0.06183 -0.04827 -0.07408 -0.15565 0.15871 -0.05459 -0.07628 0.07030 -0.07349 0.01352 0.01413
0.25047 0.01352 0.04567 0.01333 0.23801 -0.16824 -0.14212 -0.01844 -0.18462 0.03230 -0.09171 0.05910 -0.25201 -0.15589 0.22115 -0.09629 -0.25024 0.05475 0.27299 0.09670 0.17561 -0.03523 0.26334 -0.15682 -0.24715 -0.11822 0.09812 0.03720 -0.11566 0.10291 -0.09702 0.17649 0.00281 -0.40552 -0.13230 0.07663 0.02215 -0.08222 0.17071 -0.00748
-0.14553 0.11515 0.01509 -0.03194 -0.03391 0.26968 0.20706 0.00146 0.07231 0.05133 0.07608 -0.12728 0.01137 0.09102 -0.21572 -0.08667 0.09014 -0.13003 -0.17339 -0.12927 -0.11788 -0.02816 -0.17715 0.13620 0.17194 0.27347 -0.27384 0.03394 -0.02539 -0.14520 0.12909 -0.03743 0.30436 0.16494 0.22904 -0.07426 -0.06492 -0.11676 -0.41989 0.06652
-0.07226 0.14278 0.00271 -0.05897 0.06834 0.19929 0.07025 0.00404 0.00211 0.08624 0.04475 -0.08512 0.02742 0.09780 -0.15973 -0.17072 0.02070 -0.18509 -0.11710 -0.09863 -0.09184 0.05506 -0.15553 0.02968 0.11574 0.24691 -0.27328 -0.02627 -0.01238 -0.03291 0.10716 -0.04412 0.26928 0.15976 0.21759 -0.02286 -0.05180 -0.05393 -0.33436 0.02695
-0.17247 0.19580 0.08352 -0.06412 0.05942 0.17541 0.09106 0.03211 0.10870 0.09120 0.12111 -0.09578 0.06063 0.11552 -0.25153 -0.07826 0.06717 -0.12520 -0.10195 -0.12693 -0.14456 0.06722 -0.10487 0.15216 0.07810 0.27345 -0.34583 0.00063 0.01756 -0.13911 0.20112 -0.08802 0.20552 0.14718 0.21787 -0.05216 -0.09976 -0.09482 -0.34762 0.02408
0.00630 -0.00380 -0.02204 -0.03014 -0.05765 -0.08654 0.04041 -0.04507 0.06141 -0.18972 -0.00937 -0.01923 -0.00474 0.17046 -0.12640 -0.04811 0.04507 0.27645 -0.12883 -0.02324 -0.20940 -0.04879 -0.13702 -0.29727 0.10958 -0.05265 0.13617 -0.04373 0.06826 0.06571 0.32623 -0.03718 -0.13639 -0.10560 -0.04918 0.05049 -0.07322 0.18263 0.06523 -0.12831
