-0.05809 -0.00669 -0.00868 -0.03394 0.02978 -0.00084 -0.12102 -0.06533 0.07640 0.15482 -0.03219 -0.13157 0.05254 0.04430 -0.06731 -0.14791 0.19759 0.08044 -0.06072 0.17351 0.03335 0.06448 0.00772 -0.03976 0.08019 0.12600 -0.09196 -0.08644 -0.00348 0.10705 -0.00341 0.04239 -0.02684 0.00653 0.02160 0.00355 0.08531 0.05923 0.10659 0.05201
-0.07536 -0.18957 -0.10876 -0.06307 -0.01065 0.03061 0.24003 0.08743 -0.13459 -0.17177 -0.08222 0.32170 0.03850 0.01003 -0.17311 0.36459 -0.11371 -0.07877 -0.05526 -0.14337 -0.12404 -0.09193 -0.15069 0.06851 -0.22690 0.01462 -0.03721 -0.06594 0.12838 -0.09621 -0.06576 -0.23967 0.01486 -0.01380 0.07886 0.27015 -0.08765 -0.24396 -0.05050 0.17033
-0.02138 -0.25558 -0.11985 0.03325 -0.02437 -0.03304 0.22315 0.07402 -0.07577 -0.06882 -0.15404 0.25877 0.03358 0.02024 -0.08828 0.34973 -0.03288 -0.07456 -0.08410 -0.21964 -0.13914 -0.09142 -0.06098 0.03529 -0.25590 -0.00861 -0.03391 -0.06220 0.11858 -0.07123 0.02512 -0.22716 -0.07842 -0.00096 0.02286 0.31756 -0.03616 -0.22786 -0.11414 0.14950
-0.07565 -0.29399 -0.15499 -0.00581 -0.03049 -0.03126 0.27609 0.00605 -0.14858 -0.17184 -0.09954 0.27759 0.11135 -0.00303 -0.10941 0.28184 0.05531 0.00644 -0.16215 -0.18646 -0.13377 -0.13975 -0.12845 0.01009 -0.19916 -0.04905 -0.01933 -0.03240 0.22837 -0.06565 -0.04550 -0.32740 -0.00374 -0.15621 0.05558 0.26245 -0.12142 -0.18650 -0.16702 0.15278
-0.01278 -0.27930 -0.05121 0.06614 -0.05524 0.09134 0.21942 -0.02965 -0.07546 -0.15781 -0.07623 0.10358 0.08457 -0.08503 0.01081 0.29997 0.09009 0.01362 -0.16314 -0.18880 -0.15628 -0.08855 -0.05879 0.01202 -0.29141 -0.05411 0.01791 0.07358 0.02857 -0.13914 -0.13287 -0.17315 -0.10699 -0.00702 0.01381 0.22343 -0.06568 -0.15803 -0.06448 0.14917
-0.30828 0.05490 -0.03707 -0.24331 0.04763 -0.00216 -0.09568 0.17345 -0.06599 -0.03720 0.14213 0.16432 -0.03585 0.19413 -0.38205 0.11189 -0.00450 -0.07454 -0.13959 0.03719 0.05069 0.01369 -0.23668 -0.07980 -0.02203 0.10741 -0.04713 -0.11907 0.12688 0.07198 0.05474 -0.11127 -0.03498 -0.11534 0.10292 0.23058 0.00410 -0.17121 0.00392 0.13641
-0.01867 -0.15295 -0.02998 -0.11852 -0.01494 -0.08882 -0.12254 0.16180 -0.02733 0.11491 -0.04527 -0.01877 -0.08042 0.05647 -0.14000 -0.11281 0.06391 -0.09419 0.07056 -0.07816 0.03450 0.12102 -0.09670 -0.21183 0.14746 -0.01713 -0.09451 -0.14357 0.12490 0.04418 -0.01749 0.07489 -0.15367 -0.14032 0.15967 0.02524 0.08730 0.13183 0.16413 -0.00402
-0.01598 0.04300 0.06937 0.17381 -0.02240 0.11601 -0.19244 -0.07386 0.05660 0.15921 0.07793 -0.35185 -0.16280 -0.26580 0.25015 -0.18474 -0.15033 0.02855 0.16381 0.31193 -0.00660 0.04532 0.09762 -0.07383 0.06167 -0.10176 -0.05220 0.04950 -0.12673 0.05846 -0.10415 0.17119 -0.01570 -0.01764 -0.00070 -0.25506 0.13630 0.17217 0.34625 -0.22179
0.05398 -0.06125 0.08840 0.07244 0.01698 -0.06439 -0.19353 -0.02096 -0.05357 0.18577 0.10607 -0.16320 -0.33080 0.02653 0.12360 -0.19570 0.07831 0.06832 0.07514 0.10070 0.00020 0.14689 0.09068 -0.06951 0.24447 -0.13288 0.06775 0.20330 -0.25193 0.12144 0.03540 0.28125 -0.22679 -0.14788 -0.10388 -0.14584 0.05256 0.42403 0.10571 -0.15285
-0.00098 0.03613 0.09616 0.19578 0.00606 0.13025 -0.19304 -0.09061 0.10761 0.09392 0.06679 -0.39478 -0.18115 -0.18906 0.21596 -0.08881 -0.15126 0.01757 0.03679 0.37278 -0.04605 0.05324 0.05924 -0.02421 0.04824 -0.07528 -0.03576 0.12233 -0.17648 0.02101 -0.13437 0.13671 -0.04120 -0.00096 -0.07838 -0.23406 0.14379 0.18227 0.27602 -0.21307
0.06049 -0.07790 0.08618 0.05138 -0.02131 -0.10443 -0.13614 -0.01543 -0.04171 0.14713 0.06639 -0.08358 -0.28932 0.00202 0.18517 -0.22369 0.16753 0.11255 0.10124 -0.02309 0.02281 0.15085 0.12187 -0.10138 0.26252 -0.14012 0.06883 0.24034 -0.24330 0.09455 0.02257 0.28089 -0.26815 -0.14881 -0.13106 -0.07149 0.05801 0.40663 0.03785 -0.11403
0.12155 0.20715 0.02650 0.01256 -0.17382 -0.05648 0.15482 0.14955 0.26820 -0.21643 -0.09897 -0.16225 0.10175 0.36285 -0.15405 -0.06001 0.08086 -0.06011 -0.26174 0.12221 -0.05229 -0.11443 0.05749 0.09281 0.15222 0.14104 -0.09200 0.01683 -0.11599 0.05733 -0.04105 0.03476 0.30210 0.15841 -0.13435 -0.12888 0.19890 0.04371 -0.10355 -0.06403
-0.04790 0.04439 0.09410 0.18893 -0.03307 0.10192 -0.16831 0.00056 0.02765 0.13094 0.04927 -0.37475 -0.15030 -0.20630 0.22645 -0.10752 -0.10805 0.03000 0.09029 0.37239 -0.02556 -0.00221 0.13248 -0.00692 0.07506 -0.11646 -0.06417 0.08906 -0.12008 0.06733 -0.11399 0.12029 -0.03241 0.03197 -0.04618 -0.26125 0.21021 0.10504 0.31087 -0.28324
0.01997 -0.10768 0.06151 0.03677 -0.00850 -0.09192 -0.19688 0.01855 -0.09013 0.16519 0.09812 -0.14524 -0.36818 0.05072 0.09324 -0.15623 0.06337 0.02674 0.06336 0.04871 0.01285 0.13916 0.07405 -0.07798 0.24229 -0.16766 0.08334 0.22414 -0.21675 0.11823 -0.02545 0.31313 -0.26984 -0.14525 -0.11447 -0.12436 0.06849 0.43490 0.07878 -0.17230
-0.10876 -0.22603 -0.08248 -0.08622 -0.13286 0.07154 0.15388 -0.01528 -0.07026 -0.13677 -0.17033 0.30881 0.06273 0.13884 -0.11047 0.39312 0.00624 -0.06230 -0.13286 -0.13440 -0.04308 -0.22442 -0.06296 -0.00246 -0.30063 0.03114 -0.04508 -0.13648 0.17698 -0.13432 -0.08600 -0.21644 -0.05780 -0.05012 -0.01778 0.27918 -0.06238 -0.25254 -0.16940 0.16266
-0.04719 0.32154 -0.04517 -0.07654 0.21591 0.00705 -0.04013 0.21257 0.02433 -0.07218 0.06100 0.26105 0.17625 -0.18429 -0.08235 -0.32439 -0.23033 0.06001 0.19539 -0.27319 0.14691 0.18095 -0.15432 0.12157 0.17483 0.15220 0.02769 -0.02744 0.07597 0.02863 0.04404 -0.05728 0.05559 0.12492 0.13981 0.07520 -0.22817 -0.26254 0.00990 0.13973
-0.01296 0.30673 -0.06785 -0.05735 0.19629 0.02245 -0.02977 0.17750 0.02115 -0.02760 0.06247 0.20014 0.14470 -0.16062 -0.04996 -0.23470 -0.21542 0.04649 0.22892 -0.21362 0.13847 0.17918 -0.11662 0.11052 0.13868 0.15782 0.05178 -0.03281 0.06992 0.04731 0.04865 0.01951 0.03321 0.12992 0.10185 0.02155 -0.18650 -0.17466 0.03092 0.09430
