0.22631 0.03488 -0.16237 0.39665 -0.05399 -0.03242 0.03301 0.01508 -0.11335 0.11651 -0.06338 -0.06670 0.05184 0.04455 0.22274 0.09667 -0.06042 -0.30524 -0.08081 0.21915 0.19850 0.14645 0.33295 0.41417 -0.16545 0.21800 0.22914 0.13755 -0.04325 -0.16930 0.24927 0.00662 0.37702 0.22505 -0.12115 -0.11967 0.08731 0.24494 0.38283 -0.24693
0.38158 -0.02607 0.13240 0.08957 0.03420 0.15881 0.10369 -0.14888 -0.11046 0.28281 -0.34455 0.42868 -0.05463 0.13667 -0.00670 0.32739 -0.16192 0.02982 -0.26270 0.19293 -0.12693 0.19674 0.12169 0.01000 0.33317 0.24261 0.10220 0.01731 -0.01892 -0.00597 0.20570 -0.32357 0.17167 0.08468 -0.11346 0.11019 0.19285 -0.10930 0.36905 -0.46749
0.20511 0.13135 -0.05344 0.16092 0.08467 -0.15293 0.08214 -0.08559 0.09290 0.06112 -0.15449 -0.02362 0.07831 0.17889 0.26309 0.16497 0.19699 -0.31302 0.07171 0.23397 0.05542 -0.12278 0.34321 0.28371 -0.10689 0.36881 -0.16461 0.13528 -0.21248 0.06297 0.15172 -0.13344 0.04555 -0.00862 -0.34626 -0.09557 0.21568 0.29981 0.23429 -0.49313
0.15598 -0.26303 0.06211 -0.23129 0.04033 0.26335 0.09842 -0.12473 0.00813 -0.10364 -0.17911 -0.03089 0.09522 -0.07339 -0.04002 -0.25049 -0.35062 0.32615 -0.03334 -0.33133 -0.07191 0.14655 0.21516 0.25532 0.06107 0.31636 -0.20880 -0.03197 -0.12873 -0.03190 -0.26611 -0.18612 0.42984 0.07352 -0.04869 0.11974 -0.06273 0.09495 0.14388 -0.01463
-0.05494 -0.12347 -0.29375 0.10496 0.02252 0.22246 -0.02580 0.16812 -0.27227 -0.08828 0.21439 -0.41050 -0.04493 -0.25758 0.01354 -0.12030 -0.13433 -0.00685 0.34224 0.02186 -0.05652 0.05567 -0.42195 -0.04820 0.04360 0.24781 0.12311 0.03939 0.22861 0.37329 -0.21038 -0.23021 -0.15684 0.29605 -0.31469 0.10006 -0.32367 -0.15667 -0.32890 -0.14395
0.35061 0.09492 0.17239 0.33094 -0.18008 -0.35874 0.03825 -0.31978 0.07023 0.39791 -0.30954 -0.18134 0.32177 0.28008 -0.14836 0.07759 -0.24661 -0.33428 -0.29656 -0.05377 0.23651 0.01179 0.26846 0.18150 -0.20946 0.36909 -0.24201 -0.08414 0.08586 0.21970 0.07787 -0.28839 0.21283 0.25726 0.03260 0.03778 0.08313 -0.08342 0.26507 -0.39807
-0.46167 -0.10847 -0.00058 0.30355 0.32490 0.09913 0.19975 -0.19702 0.02016 0.29701 -0.22469 -0.23930 0.23965 0.36151 0.14136 -0.13307 -0.29503 -0.24219 0.23301 0.36104 -0.13579 0.37435 0.27913 -0.29400 -0.11946 0.30431 0.35749 -0.07512 -0.32490 -0.29907 0.11587 0.10786 -0.37089 0.03962 -0.04129 -0.09333 -0.30139 0.26954 0.44905 -0.08908
-0.31560 -0.26385 0.13839 0.28484 -0.33414 0.13552 -0.03498 0.14274 -0.37837 -0.43709 -0.23410 0.06748 0.19333 0.19994 -0.15957 0.27999 0.10077 0.22411 0.18713 -0.01472 -0.13015 0.21985 -0.04509 -0.30249 0.33587 -0.03390 0.22245 -0.25381 0.12993 0.05240 -0.07236 0.03824 0.07630 0.09243 -0.12302 0.25238 0.30343 0.24832 0.11836 -0.02455
0.16499 0.10843 -0.30994 -0.29764 0.13421 0.26250 0.18183 -0.07400 -0.05868 -0.31779 0.15871 0.07489 -0.35577 -0.02529 -0.21272 -0.10653 0.04263 0.17303 -0.23082 0.05686 -0.06476 -0.04079 -0.35133 -0.15892 0.26720 -0.26324 -0.31964 -0.22341 0.22862 -0.19415 0.34445 -0.02668 0.14969 0.23850 -0.03971 -0.21281 -0.20419 0.18420 -0.34435 -0.15308
0.46839 -0.14579 -0.14124 0.30195 0.18043 0.15421 -0.20403 -0.44576 0.23617 0.13079 0.23194 -0.20552 -0.05870 -0.09000 -0.06538 -0.32807 -0.21007 0.19202 -0.23189 -0.23526 0.23122 0.31192 0.00078 0.07598 0.18555 0.19485 0.36880 0.06469 0.13884 -0.14207 -0.38939 -0.13848 0.39754 0.34564 0.09238 -0.18640 -0.38715 -0.37622 -0.31326 0.23537
-0.00621 -0.22561 0.33281 -0.17374 -0.21453 -0.21687 0.36237 0.21453 0.21063 -0.06230 -0.10713 0.34242 -0.17616 -0.24037 0.12690 0.26495 0.36873 0.19318 -0.23564 0.27062 -0.30821 0.22935 -0.26807 0.14963 0.09924 -0.39916 -0.08345 -0.34712 -0.11217 -0.38141 -0.02852 -0.07396 0.31275 0.14960 0.25614 -0.28285 -0.23514 0.22495 -0.26157 -0.08302
-0.41090 -0.26118 0.18081 0.26972 -0.31997 -0.08216 -0.34390 -0.08642 0.34681 -0.17804 0.18673 -0.16900 -0.41087 -0.17233 0.12556 -0.13632 -0.11144 -0.14582 -0.29421 0.17314 0.21518 0.01295 -0.30887 -0.00108 0.40870 0.12114 -0.16535 -0.00738 0.02493 -0.22931 0.42362 0.39789 0.28329 0.01328 0.09230 -0.29678 -0.33876 -0.08040 0.08546 -0.24186
0.03947 0.07117 0.39773 -0.44515 -0.19529 -0.28606 -0.06053 -0.14834 -0.24534 0.36576 -0.09949 0.04098 0.26454 -0.02951 0.32062 0.22440 0.20383 -0.23127 0.34091 0.35288 0.06772 0.05202 0.29708 -0.18869 0.14429 -0.35345 0.15485 0.14859 -0.42558 -0.40402 0.19696 0.05937 0.22818 -0.37343 0.25427 -0.19856 -0.06403 -0.23357 -0.32820 -0.15992
-0.09126 0.36165 -0.07352 0.36615 -0.26636 -0.29629 0.06491 0.33167 -0.17854 -0.50229 0.11101 -0.36007 -0.33475 0.05612 -0.27798 -0.33814 0.24261 -0.18413 0.21596 0.15337 -0.29475 0.16983 -0.34778 -0.00751 0.09905 0.21348 0.39840 -0.29804 -0.33822 -0.04642 0.43753 -0.23984 -0.18222 -0.33807 0.28305 0.16511 0.37804 -0.18343 0.17590 0.03501
-0.12856 -0.18889 -0.06098 0.13769 -0.15627 -0.22328 -0.09173 -0.15387 -0.22299 0.14380 -0.02514 0.34010 -0.15053 0.21377 0.35128 0.17675 0.01104 0.00168 -0.24641 0.37641 0.07319 -0.12505 0.31528 0.02574 -0.06354 0.07285 -0.01023 -0.43594 -0.40266 0.13352 -0.11740 0.13864 -0.24550 -0.20377 0.09999 -0.04117 -0.32059 0.20029 -0.23996 0.05408
0.23301 0.33331 -0.21986 0.36213 -0.14862 -0.20628 0.39436 0.28320 0.18439 -0.08431 -0.24969 -0.40406 0.01206 0.14536 0.20209 -0.28974 -0.12523 0.06819 0.08244 -0.32133 -0.13498 -0.24685 -0.01243 -0.23327 -0.04604 0.05238 -0.33521 0.23176 0.00194 0.30821 -0.22076 -0.23593 0.11801 0.22433 0.13597 0.29108 -0.26074 -0.22798 0.23305 0.07671
0.23614 0.06047 0.22536 -0.07273 0.34544 -0.22874 0.24353 -0.08057 -0.09470 0.04748 -0.42985 -0.13281 -0.29301 -0.20404 0.17306 -0.24935 0.22413 0.33754 0.23514 -0.20454 -0.27660 0.00029 -0.30030 0.19416 -0.21946 0.23762 -0.18829 0.35955 0.31180 -0.34095 0.07921 0.39412 0.33830 -0.01582 -0.18704 0.29280 0.50482 -0.20804 0.36420 -0.05968
-0.11090 0.26253 -0.00188 0.27670 -0.14111 0.22973 0.14247 -0.31704 -0.30138 0.10389 -0.30905 0.11031 -0.08677 0.18868 -0.18367 0.44526 0.21894 0.40400 0.04475 -0.07172 0.37468 -0.29443 0.38426 0.20399 -0.05651 -0.14610 0.36986 0.14056 -0.32079 -0.31429 -0.17972 0.01852 0.20515 0.12607 -0.15514 -0.19004 -0.26415 0.11839 -0.05286 -0.04594
-0.00854 0.29980 0.10388 0.28623 -0.11820 0.13579 0.34746 0.07966 0.11878 0.20078 -0.18884 -0.06263 0.19834 0.29088 0.15145 0.15669 0.25601 0.09403 -0.26978 -0.12408 -0.10180 0.16669 0.13703 0.26813 0.37480 0.00333 0.28234 0.10096 -0.15412 0.03241 0.11073 0.13570 0.20259 0.14855 -0.14528 0.27991 0.27566 -0.07556 -0.09697 0.01404
-0.07281 -0.06375 0.17547 0.06980 0.36768 0.02662 -0.10150 -0.32183 -0.20178 -0.11969 0.12692 -0.07551 -0.05361 0.32984 0.40350 0.25079 -0.02259 -0.25540 0.27236 0.11558 0.12478 -0.24576 -0.22617 -0.06567 0.08516 -0.24980 0.13566 -0.24660 0.22501 0.31907 -0.21748 0.16914 0.37961 -0.10408 0.09320 -0.05865 0.17338 0.06154 0.29041 0.20345
0.37195 0.03768 0.31959 -0.08667 0.15202 0.28890 -0.16164 0.16213 -0.39416 0.22845 0.47499 -0.21093 0.02169 -0.35113 -0.40942 -0.02294 0.31280 -0.26585 0.32013 0.22053 0.35636 -0.31853 0.39863 -0.23614 0.19078 -0.24053 -0.11159 -0.15907 0.19208 0.08841 0.29520 -0.21917 -0.35174 -0.28521 0.36112 -0.24346 -0.00017 0.18783 0.11609 -0.23162
-0.02921 0.03230 0.25574 -0.01847 -0.00196 0.11056 0.35171 -0.02547 -0.26031 0.27574 0.18169 -0.34712 0.37273 0.10235 -0.23495 -0.20187 0.01903 -0.37051 0.07674 0.38909 -0.08978 -0.43357 -0.25041 0.26013 0.16336 0.25997 -0.34041 0.07889 0.34810 0.06172 0.00853 0.09345 0.15295 -0.06754 -0.12233 0.32749 0.21208 -0.11671 0.18366 0.09985
0.01179 0.06451 -0.22153 0.13721 -0.08417 -0.13833 0.18291 0.00390 -0.06381 -0.04871 -0.29378 -0.03677 0.29458 -0.22867 -0.31857 0.06610 0.28948 -0.12701 -0.28054 0.24864 0.12306 0.10596 0.18305 0.35349 0.17374 -0.07605 0.01329 -0.23341 0.20489 0.06036 0.18379 0.11428 0.15883 -0.07095 0.16095 -0.16231 -0.19907 0.08454 -0.04456 0.06736
-0.00901 -0.21828 -0.34871 0.29563 0.09029 0.06342 -0.04506 0.00035 0.06784 0.32653 -0.25211 0.00720 0.18404 -0.22763 -0.20527 -0.11114 -0.06557 0.19496 -0.00454 0.16024 0.20450 0.05230 0.37484 -0.13372 -0.16041 0.30123 0.31502 -0.17299 -0.21850 -0.26325 0.04657 0.31680 -0.06810 0.19465 -0.10048 -0.34080 -0.01358 -0.09653 -0.09404 -0.01097
-0.08062 0.00634 0.21289 0.43075 -0.01620 -0.27989 0.00624 -0.21935 -0.35745 -0.31764 0.35828 0.21054 0.23397 -0.09249 0.02800 0.24515 -0.25070 0.11744 0.05230 0.10255 -0.17454 -0.47309 -0.24365 0.13440 -0.03543 0.23894 0.33477 -0.10792 0.40775 0.10521 -0.03130 -0.12246 0.15003 0.42565 0.36760 -0.24531 0.16951 -0.33708 0.09037 -0.26703
-0.26747 -0.38577 0.24353 0.23678 0.26186 -0.30346 -0.05666 0.03447 -0.29213 0.08074 0.18029 0.04944 -0.26775 0.29683 -0.18973 -0.34022 0.10910 0.13687 -0.20973 0.06206 0.10836 -0.38609 -0.09165 -0.08246 0.05016 -0.33410 -0.25479 -0.10687 -0.23275 0.09254 0.13332 0.02793 0.18424 0.20949 0.42015 0.09381 0.17474 0.08301 0.07894 -0.13105
0.36024 0.17536 -0.11413 -0.28129 0.03266 0.15089 -0.04556 0.08426 -0.43124 -0.01401 0.28742 0.24489 0.14614 -0.10974 0.06895 0.29633 -0.15037 -0.05999 0.36399 -0.31071 -0.31089 -0.19032 -0.08723 0.23367 0.06939 0.15319 -0.32088 0.12645 0.36353 -0.16537 -0.28596 -0.02167 0.11443 -0.26577 0.05968 0.04760 0.17846 0.05459 0.20600 -0.07425
-0.00169 0.17280 -0.24441 0.22939 -0.20273 -0.26800 0.08816 0.06080 -0.08330 0.01519 -0.04011 -0.05887 -0.22580 0.07920 -0.32697 -0.26186 0.24882 -0.12424 0.13015 0.17092 0.26673 0.02251 0.27786 -0.23263 -0.08180 -0.19200 0.15059 0.19144 -0.10869 0.17365 0.18788 0.11576 0.31308 0.08789 0.06034 -0.41890 0.27414 0.11427 -0.06731 0.00906
0.25981 0.38259 0.22574 0.27850 -0.18757 -0.20790 -0.19248 -0.16510 0.19811 -0.09675 -0.28080 -0.27593 0.35501 0.22256 -0.00260 0.03474 0.02990 -0.31423 0.10880 -0.28968 -0.26742 0.00025 0.27451 -0.09215 -0.02817 -0.27595 -0.25471 0.07370 0.07129 -0.07427 0.06833 -0.07834 0.00045 0.13195 -0.00265 -0.20394 0.06177 -0.12822 0.35640 0.15075
-0.12699 -0.16412 0.11460 -0.20947 -0.16973 0.22508 -0.31031 0.23056 0.29397 0.24226 0.02572 0.00877 0.19094 -0.05945 -0.07201 0.05404 -0.02446 0.15524 -0.25033 0.08448 0.13055 -0.29921 -0.26876 0.07585 -0.39110 0.13498 -0.12345 -0.44204 -0.38596 0.42483 -0.36648 0.10448 -0.26025 0.36845 0.10910 0.23740 -0.40176 0.26466 0.11114 -0.10681
-0.10910 -0.27185 0.03726 -0.37158 0.12688 -0.05227 -0.26785 -0.21654 -0.17940 -0.17132 -0.26023 0.28540 -0.11535 0.10781 -0.31753 0.27618 -0.15663 -0.34270 0.20315 -0.10975 0.09061 -0.11086 0.18474 -0.28153 -0.06975 -0.13936 -0.35943 0.36527 0.28242 -0.02692 -0.12315 -0.05114 0.25858 -0.29186 0.15814 0.18838 0.25333 0.02758 0.01701 0.06514
-0.33039 0.09247 0.08645 -0.20096 -0.32671 0.06213 -0.34764 0.27645 -0.36678 -0.01162 -0.15334 0.40274 0.24712 0.29535 -0.33662 0.03027 0.31165 0.01682 0.38567 -0.34254 -0.34382 0.22690 -0.40023 -0.01664 0.07510 0.25756 -0.29219 0.29478 -0.19676 -0.11212 -0.08046 0.40826 0.08036 -0.41222 0.09885 -0.35313 -0.15594 -0.11945 0.20434 -0.07681
-0.31038 0.25429 0.03778 0.23790 -0.10919 -0.06082 -0.09668 0.26431 0.44310 -0.34846 0.32451 -0.07915 -0.20513 -0.02866 0.20143 -0.27035 0.25319 0.06720 -0.40893 -0.13783 0.03914 -0.05750 0.07487 -0.03620 0.09030 0.10328 0.12849 0.29491 -0.17892 -0.24089 0.32422 -0.08705 -0.34807 0.31591 0.20766 -0.04101 0.15933 0.05608 -0.35712 -0.34211
0.27573 -0.04971 0.32598 0.34407 0.14337 0.23586 0.30954 0.34948 0.21929 -0.09510 -0.16770 -0.08651 -0.26977 -0.19514 -0.10915 0.02120 0.39890 -0.26066 0.26152 -0.00071 0.00974 0.11841 0.31251 0.10441 0.11733 0.11635 0.13352 0.19635 -0.26568 -0.09351 -0.18162 -0.34791 -0.34274 -0.00035 0.19040 -0.13795 0.31576 0.32557 -0.25002 -0.28988
-0.30854 -0.41505 0.02441 0.23087 -0.25445 0.28092 -0.13034 -0.29812 0.13651 -0.02878 -0.07556 0.07538 0.41107 -0.11474 -0.17093 -0.39551 -0.09041 -0.29393 -0.13788 0.33773 -0.15199 -0.10989 -0.37732 0.03119 -0.11334 0.01298 0.18789 -0.19227 0.24578 -0.35473 -0.41205 0.35171 -0.39683 -0.05395 -0.39179 -0.06913 0.33938 -0.44341 -0.20311 -0.19010
0.12511 0.23770 -0.00805 -0.23861 -0.07001 0.35758 -0.27965 -0.19472 -0.38367 0.19136 -0.34215 0.28572 -0.05000 0.07086 0.28459 -0.16424 0.23371 -0.30524 -0.21893 -0.27369 -0.23923 -0.02222 0.17165 0.01090 -0.26800 -0.13032 -0.12903 0.27011 -0.07186 0.35085 0.04326 -0.07701 -0.45002 -0.32292 0.03840 0.25810 0.20394 -0.29826 0.16948 -0.31229
-0.02610 -0.27551 0.15013 0.22630 -0.07863 -0.26246 0.10336 -0.29796 -0.32620 -0.19250 0.38848 -0.24648 -0.10659 0.16748 0.21559 -0.06969 -0.12185 0.21375 -0.14700 0.28406 -0.10479 0.01182 0.21798 -0.20183 -0.10633 0.37263 0.17993 -0.23216 0.08013 0.27902 0.07318 0.08971 -0.31584 -0.13943 0.22818 0.13361 0.05578 0.25428 -0.36167 0.00911
-0.29404 0.12333 -0.16602 -0.03817 -0.18777 0.00659 -0.02274 0.13711 -0.11297 0.10458 -0.01534 -0.13261 0.20243 -0.25987 0.05594 0.14795 -0.22919 -0.18082 0.20415 -0.25183 -0.35846 -0.50440 0.23114 -0.40070 -0.30715 0.25803 0.19963 -0.04963 0.07251 0.08888 0.26146 0.20876 0.00633 -0.43171 0.07133 -0.43635 0.06720 0.02101 0.16327 0.31060
-0.25085 -0.18658 -0.31749 -0.16613 -0.37831 0.00149 0.31649 -0.43180 0.28486 0.31320 -0.22630 0.00236 0.07453 0.05418 -0.12289 -0.06271 -0.17973 -0.26357 -0.02862 -0.00143 0.18250 -0.35065 -0.15878 -0.12182 0.31678 -0.20639 -0.00453 -0.14434 -0.41481 0.24826 -0.22295 0.15974 0.21966 0.32431 -0.21517 -0.21477 -0.18781 -0.02706 -0.22713 -0.39865
-0.15225 0.11961 -0.37227 -0.18132 -0.18147 -0.20935 -0.42680 0.31153 0.01403 -0.38342 0.35786 0.06650 -0.03724 0.18148 -0.26926 0.22286 -0.01133 0.32044 -0.15021 0.06350 -0.02328 -0.20856 0.16472 -0.20739 0.07281 -0.04894 -0.00368 -0.21094 -0.42652 -0.38185 0.14483 -0.19780 -0.07029 0.46600 -0.02643 0.21353 -0.16941 -0.08933 0.21447 -0.29183
0.44626 -0.12127 -0.00023 -0.08975 -0.07471 -0.26466 -0.24651 0.35091 -0.23694 0.04594 -0.17329 -0.34024 0.09416 0.33249 -0.11368 -0.04878 0.21781 -0.00399 -0.23708 -0.28877 -0.13321 0.22863 -0.07374 -0.04355 -0.13827 0.40454 -0.02271 0.13151 0.01878 0.19808 -0.24922 0.07328 -0.08571 0.23524 -0.33522 -0.05153 0.29272 0.29536 0.03103 -0.31033
0.03807 -0.07322 -0.33390 0.12462 -0.12026 -0.20020 -0.17918 -0.04043 -0.06514 -0.36205 0.41307 0.01058 0.06991 0.30797 -0.14574 0.07418 -0.30485 0.05279 0.15025 -0.26154 0.01260 0.10677 -0.16622 0.16570 0.10921 -0.20391 -0.03653 -0.26786 -0.25829 -0.41247 -0.04446 0.15757 -0.23258 0.34969 0.30703 0.09410 -0.32004 0.28745 0.03316 -0.34311
-0.29049 -0.17945 -0.09955 0.28408 -0.04384 -0.17763 -0.31056 0.02544 0.31146 0.03205 0.20018 0.01507 -0.26865 -0.12636 0.28389 0.07744 0.24739 -0.41138 -0.34129 -0.09647 -0.15726 -0.19862 0.22576 0.09518 0.20814 -0.09879 -0.34294 0.18830 -0.10707 -0.13662 -0.19118 -0.29470 0.06524 0.28378 0.36036 0.15235 0.26032 0.09972 0.28486 0.20283
-0.04602 0.22873 -0.18229 0.25308 0.27011 0.21739 -0.34212 0.28881 0.22255 0.07998 0.23260 -0.18880 -0.16912 -0.27188 -0.05710 -0.20800 -0.04492 0.15596 0.15686 -0.18099 -0.05466 0.32377 0.26927 -0.11228 -0.25962 -0.22500 0.01908 -0.09822 -0.26129 -0.22014 -0.25650 -0.05268 0.28339 -0.35712 -0.04353 0.00220 0.26989 -0.18368 0.16696 -0.31650
-0.24118 0.26090 -0.00302 -0.16290 -0.10017 -0.26193 0.16496 0.13322 0.36100 0.24588 -0.18223 0.37642 0.00462 0.12667 -0.34703 0.40743 -0.35655 -0.28091 -0.34330 -0.18390 0.18411 -0.13594 -0.22654 0.17435 -0.30240 -0.06184 -0.28759 0.16785 0.15996 -0.14569 0.11559 -0.00052 0.00406 0.21055 0.25353 0.43554 0.27303 -0.30875 -0.23002 0.02389
-0.17788 0.12195 0.10204 0.17650 -0.21420 0.30810 -0.42479 0.20020 0.29654 -0.00188 -0.17356 -0.16910 0.06917 -0.06906 -0.16018 0.39245 -0.35665 0.18296 -0.21150 -0.34005 0.10949 0.21943 -0.08970 -0.09976 -0.20220 -0.05633 -0.16173 0.04296 0.11408 -0.09670 -0.20736 -0.01233 0.21700 -0.18336 0.13427 0.26865 -0.04243 -0.21875 -0.03332 0.29085
0.33814 0.23636 -0.17811 0.00121 0.16024 -0.08245 -0.22678 -0.25924 -0.17466 -0.09863 0.15902 -0.09374 0.11974 -0.17944 -0.37206 0.19317 0.27100 0.01907 0.34144 0.30615 0.28092 -0.38086 -0.36663 -0.01635 -0.26463 0.32249 -0.24284 0.06979 -0.20596 -0.22459 -0.02252 -0.36909 0.00650 0.37315 -0.06433 -0.15447 -0.34484 -0.06225 -0.17432 -0.13079
0.01115 -0.19784 0.16511 -0.29006 -0.25315 0.04441 -0.12206 -0.10777 -0.13487 -0.35219 0.05813 0.25839 0.29527 0.29330 -0.35172 -0.23974 -0.22052 -0.25891 -0.04616 -0.09424 -0.12035 0.14579 -0.17699 0.24600 0.07767 -0.25882 -0.27713 0.08290 0.31166 0.26777 0.18685 -0.05522 0.24393 -0.04417 -0.05019 -0.15212 -0.11933 0.33214 0.17094 0.34185
0.29828 -0.10827 -0.16468 0.02209 0.44984 0.02723 -0.26605 0.22968 -0.06588 -0.33309 0.36375 0.19374 0.14015 -0.10472 -0.39747 -0.31516 0.09407 0.17936 0.03001 -0.07183 -0.41041 0.20207 0.32790 0.14532 0.12057 0.26304 -0.20446 0.35648 -0.01742 0.40184 0.11662 0.22242 -0.37140 0.23375 0.41731 0.37510 -0.06835 -0.24050 -0.07772 0.21402
0.32212 -0.18537 -0.20552 0.35858 0.12324 0.33282 -0.15997 0.12157 0.02548 -0.21117 0.18706 0.01767 0.07114 -0.00960 0.09014 0.32832 -0.11873 0.19004 -0.10055 0.29510 0.18928 -0.06109 -0.33650 0.14274 0.26821 -0.28555 0.16156 0.24766 0.28195 0.28950 -0.30535 0.30537 0.06204 -0.02698 -0.37208 0.31851 -0.13506 -0.20314 0.45395 -0.21810
0.26883 0.22854 0.19035 -0.24719 -0.14774 0.22271 0.18162 -0.06652 -0.19850 0.39294 -0.36318 -0.38539 -0.02220 -0.48136 0.05857 0.28940 0.45363 0.30074 -0.02971 -0.18480 -0.04267 0.01116 -0.19619 -0.11260 0.32468 0.09995 0.01933 -0.07683 -0.24217 -0.05007 -0.18854 0.13379 -0.35788 -0.16662 0.00352 0.04655 -0.36148 -0.26838 -0.09518 -0.22237
-0.07342 0.05600 -0.00322 -0.22076 0.01056 0.03217 -0.22442 -0.18012 -0.16721 -0.36972 -0.14173 -0.31619 0.19349 -0.28918 -0.21431 0.04178 0.11281 -0.03582 0.21141 0.37242 -0.04203 0.03181 0.16933 0.14624 0.16778 0.12184 -0.43058 0.12700 0.14521 -0.20385 0.14416 0.00694 0.08813 -0.19125 0.25861 -0.17359 0.31432 -0.26471 0.04464 0.13940
-0.22639 0.20830 0.29123 0.06768 0.36077 -0.21297 -0.23915 -0.25116 0.14096 -0.02585 -0.06779 0.16101 0.19455 -0.23383 0.07798 0.17512 -0.11429 -0.06338 0.10067 -0.41265 0.09727 0.04496 -0.24225 -0.23028 0.03350 -0.25193 0.18062 0.02364 -0.26283 0.00588 0.01342 -0.29478 0.33925 0.34112 -0.21200 -0.02405 0.01787 0.15683 -0.20834 0.16883
0.09002 0.31570 -0.36731 0.38919 0.13743 0.25620 0.33746 0.32790 0.00173 0.11022 -0.15024 -0.34399 -0.19517 0.18410 0.26029 -0.37589 0.34333 0.09164 0.13022 -0.08473 -0.24133 0.05455 0.13222 -0.21687 -0.02257 -0.43011 -0.00189 0.14127 0.11539 0.30210 -0.05399 0.18255 0.13535 0.02496 0.32372 -0.36294 -0.10223 0.20147 0.28485 -0.22610
0.02442 -0.31963 -0.29691 -0.20551 0.13532 -0.11220 0.16666 0.04597 0.05153 -0.33527 -0.11578 0.05082 0.24631 0.01020 0.13467 -0.03604 0.04176 -0.02930 -0.21121 0.12105 0.31546 0.11901 -0.28189 0.20473 0.06771 -0.23768 -0.20725 -0.07325 0.26092 0.03146 -0.25863 -0.13218 0.34745 -0.26027 0.13293 0.19631 0.30214 0.24823 0.26215 0.30183
-0.25963 -0.25383 -0.09586 -0.06864 -0.00513 0.14978 0.29869 -0.02464 -0.19663 0.07246 -0.24612 0.21861 -0.26240 0.17257 -0.16664 0.05424 0.34375 -0.23763 0.04692 0.17731 -0.11313 0.31477 0.02267 0.17630 0.18583 0.11596 -0.16954 -0.20135 -0.07144 -0.19780 0.01270 -0.11517 -0.29142 0.13227 -0.06171 0.00294 0.07705 -0.28424 -0.03664 0.35546
-0.15160 -0.27150 0.32949 0.23617 -0.10798 0.04031 0.26628 0.30324 0.01070 -0.06015 -0.25101 0.30898 -0.27980 -0.27013 -0.29000 0.04280 0.30345 0.11021 -0.31507 -0.16710 -0.11191 0.25994 0.42225 0.12763 -0.06709 -0.01640 -0.12959 -0.07364 -0.06742 0.36555 -0.31153 0.32866 0.26497 -0.01746 -0.27531 0.31873 0.13704 -0.43214 -0.14174 -0.29288
0.31169 0.27171 -0.39032 -0.28324 0.15464 -0.07503 0.11225 0.26565 0.06673 -0.33493 -0.06547 -0.34820 -0.39478 0.12259 0.37159 0.11505 -0.13881 -0.21522 -0.03746 -0.06037 -0.19788 0.33175 -0.41926 0.09782 0.38193 -0.01501 0.35529 0.15148 -0.41006 0.15366 -0.00175 -0.22545 0.22188 0.40678 0.20152 0.33960 -0.00405 0.17418 -0.24142 0.28460
-0.36988 -0.00715 -0.13693 -0.14947 -0.20037 0.31372 -0.33801 -0.33524 -0.21047 -0.05224 -0.07934 0.17930 -0.16776 0.34081 0.21465 0.08676 -0.41514 -0.23329 -0.12593 0.31188 0.24258 -0.24352 0.22355 0.23856 0.02166 -0.31760 -0.18781 -0.07504 -0.07433 0.32491 0.06819 0.10260 0.17218 0.17249 -0.18367 0.29090 0.19295 -0.35397 -0.22472 0.07509
-0.01690 -0.37476 0.38129 -0.06216 0.15897 -0.10704 0.19045 -0.13496 -0.38436 -0.05865 0.28194 -0.28003 0.07480 -0.16748 -0.35724 0.15085 -0.18781 -0.00117 -0.27852 0.02094 -0.03914 0.12177 0.39774 -0.20531 0.26962 -0.21388 0.05696 0.41669 0.01498 -0.28814 0.35210 -0.09401 0.00905 0.13628 0.15369 0.19923 0.21331 -0.11908 0.04752 0.01862
-0.08624 -0.29492 0.41654 0.21745 0.02666 0.18621 0.22059 0.12090 -0.28253 0.04287 0.13566 0.17182 -0.13183 -0.15412 0.23372 0.04179 -0.22077 -0.00171 -0.23158 -0.14752 0.26088 0.14679 -0.01579 -0.30950 0.34730 -0.22667 -0.30439 0.17505 -0.32392 -0.12745 0.16672 -0.29084 0.07885 -0.22486 0.12276 -0.04447 0.09015 -0.32633 -0.32404 -0.18521
-0.27927 0.14489 -0.25563 0.13677 0.11454 0.14919 0.23976 0.08784 -0.34896 -0.07014 0.35306 0.27010 -0.02626 -0.32631 0.09621 -0.14673 0.06194 0.29863 -0.03811 -0.24913 -0.33687 0.13679 -0.17959 -0.10327 -0.39088 0.29880 -0.07550 -0.29842 -0.14011 -0.00906 -0.07370 -0.19237 0.15804 -0.22263 -0.27758 0.33407 -0.33685 -0.22089 0.34564 0.32935
-0.22034 -0.19789 0.11438 -0.04832 0.11734 0.14314 0.12730 -0.40496 -0.26504 0.19117 0.32807 -0.38095 0.08527 -0.04461 -0.21523 0.14726 -0.14778 -0.35053 0.29597 -0.23158 0.18465 0.24711 0.08349 -0.15219 -0.23831 -0.07182 0.31951 -0.25957 0.19824 0.10125 -0.34505 0.01521 0.19869 -0.26350 -0.11600 0.27549 0.40334 0.06846 -0.19300 0.36650
-0.09157 -0.28468 -0.15327 -0.19561 0.17783 -0.16055 -0.03870 0.11769 0.08803 0.34659 0.25783 0.36643 -0.30106 -0.31057 0.08715 0.24871 0.04886 -0.13469 -0.06859 0.16297 -0.35658 -0.13432 0.37220 -0.27883 0.34175 -0.23604 0.33419 -0.44907 0.27257 -0.16747 0.07709 -0.30901 0.30215 0.14563 -0.21466 -0.37781 -0.23827 -0.26074 0.24754 -0.13045
-0.31548 0.22256 -0.03462 0.09571 0.30644 -0.05178 0.01169 -0.18799 0.37445 -0.38827 0.26167 0.23591 -0.04556 0.27935 0.24727 -0.12203 -0.27064 -0.10745 0.23682 0.20349 -0.01383 0.25790 -0.26237 -0.07179 0.00564 0.13445 0.19283 0.07067 0.13893 -0.06837 0.04081 -0.00067 -0.01949 0.40370 -0.18655 0.15382 0.09550 -0.32827 -0.48756 0.18399
0.26615 0.25711 0.11567 0.28559 0.12216 -0.16042 -0.32204 -0.42916 -0.02903 0.25308 0.07967 -0.03772 -0.20596 0.12367 0.09398 -0.16870 0.29886 -0.34051 -0.30847 0.16023 -0.24388 -0.33396 -0.42774 0.36716 -0.20048 0.16317 -0.46281 0.04695 0.32330 -0.03509 0.27076 -0.37363 0.20505 0.19039 -0.22983 0.15580 0.11406 0.33701 0.25513 0.11816
-0.40652 -0.06783 0.42567 -0.13481 0.26952 0.07145 -0.08236 -0.09561 -0.27657 0.24701 0.05428 0.16624 0.11201 -0.23368 0.24495 0.23412 -0.09844 0.30153 0.14769 0.03751 0.09931 0.03816 0.15664 0.16099 -0.25803 0.28675 -0.23286 -0.13683 -0.39541 -0.09066 0.06789 0.08049 -0.00721 -0.30042 0.21921 -0.13995 -0.00001 0.02560 -0.19146 0.16586
-0.22972 0.18872 0.18423 0.04732 -0.07543 0.34248 -0.28342 -0.06179 0.12929 -0.05248 -0.35836 0.05527 0.13021 0.31741 -0.00118 -0.05061 -0.12821 -0.02929 -0.11317 -0.01439 -0.02650 -0.04083 -0.05333 0.10550 0.11297 0.25588 0.07451 -0.23808 0.11802 -0.33329 0.23265 0.28308 -0.19180 -0.28737 0.03515 -0.27147 -0.21246 -0.00563 0.23605 -0.10270
0.17980 0.25591 -0.07274 0.27668 0.09798 0.33061 -0.01359 0.42471 0.27383 -0.30149 -0.25009 0.19989 0.23932 -0.30219 -0.20068 -0.20253 -0.25120 0.29108 0.00146 0.22793 -0.08485 -0.16647 0.31378 -0.31296 0.35806 -0.26767 -0.17860 -0.20771 0.30849 -0.19516 -0.24808 -0.00258 0.40637 0.18113 -0.10225 -0.39421 0.33565 0.13861 -0.35214 -0.03200
0.27495 -0.14737 -0.27045 -0.14714 0.10774 0.29082 0.21520 -0.27889 -0.40374 -0.11820 0.20565 -0.15283 0.00841 -0.04990 0.28542 -0.22673 0.27953 0.16972 0.17235 -0.34425 -0.21637 -0.07136 -0.19932 -0.09165 0.24002 -0.19280 -0.37249 -0.09220 -0.19489 -0.18929 0.06035 0.09200 -0.17171 -0.10261 -0.31360 0.20260 -0.14306 0.01360 -0.04933 -0.18948
0.27228 -0.10562 -0.01953 0.16194 -0.24049 -0.41346 0.31860 -0.07897 0.36440 0.30106 0.26162 -0.01796 0.06156 0.25834 0.13893 0.27170 0.47159 0.01427 0.01643 -0.37315 -0.14362 -0.17676 0.08177 -0.13385 0.36022 -0.32820 0.06179 0.44827 -0.22923 0.13838 -0.00157 0.00542 0.01321 -0.30778 -0.31655 0.40143 0.32229 0.33177 -0.24132 -0.26562
-0.40808 0.28437 -0.03408 -0.29248 0.25859 -0.11284 -0.27240 -0.06190 -0.40755 -0.24196 0.32279 0.04354 -0.09730 0.38208 0.44166 -0.23643 -0.38568 -0.11994 0.25669 0.16918 -0.42488 -0.04838 0.00885 -0.17059 0.12013 0.46683 -0.06414 -0.24435 -0.02096 0.09884 -0.23043 0.27029 0.15529 -0.06415 0.10012 0.27226 0.27997 -0.43082 -0.15486 -0.20495
-0.12523 -0.21539 -0.04740 -0.10652 0.14257 -0.08116 -0.06617 -0.04036 0.06709 -0.18362 0.34356 0.06700 0.02214 -0.15479 -0.23830 -0.06218 -0.25816 -0.13348 -0.44729 -0.02680 0.42485 -0.03853 0.01414 0.18503 0.00773 -0.30146 0.36184 -0.10921 0.09443 0.44945 -0.27604 -0.13614 0.19165 0.22309 -0.24580 -0.01823 -0.02891 -0.43139 0.20358 0.27620
0.11629 0.36528 0.00092 0.10232 0.26834 0.21604 0.24664 -0.10735 0.15334 0.12792 -0.36794 0.45568 -0.24348 0.07786 0.16464 0.07896 0.20173 0.36814 0.19476 -0.18337 0.08213 -0.08680 -0.37858 -0.02519 -0.00063 0.02414 0.19869 0.22018 0.08845 0.03397 -0.07652 0.03194 0.26726 0.26677 0.23686 -0.04351 -0.04058 -0.33918 0.22339 -0.35187
-0.27408 -0.20844 -0.07313 0.11231 0.01726 -0.41816 -0.31904 0.12621 -0.37847 0.27476 0.27034 -0.10737 -0.03452 0.04157 0.03634 0.04020 -0.12793 -0.25188 -0.03804 -0.24448 -0.26755 -0.17836 -0.33001 0.31070 -0.36802 -0.23594 0.07682 0.29817 0.21507 -0.06853 -0.30479 -0.38962 0.38110 -0.13579 0.25574 -0.45721 -0.03374 -0.18735 -0.10714 0.10205
0.40142 0.27859 0.31988 0.24926 -0.32134 0.27465 0.27387 -0.24962 -0.40043 0.19347 0.41075 0.30376 0.16415 -0.23007 0.43946 -0.06906 0.47365 -0.26856 -0.30283 -0.30851 -0.00790 -0.08281 -0.25678 -0.21746 0.24269 0.20903 -0.19071 -0.10454 0.09987 -0.01768 0.27548 0.38440 0.10052 -0.27163 0.13983 0.35707 -0.30180 -0.38196 0.06821 0.35634
-0.17114 0.15382 0.15025 0.03929 -0.05708 -0.05696 -0.15931 0.24316 -0.06624 -0.17321 -0.34761 0.08066 -0.03154 -0.24797 0.24056 0.11985 0.10802 0.19883 -0.34158 -0.07900 -0.22066 0.12492 -0.06172 -0.08887 -0.22135 0.12483 0.20167 -0.31948 0.12920 -0.36910 -0.26235 0.11222 0.25640 -0.15978 0.17411 -0.07919 0.21187 0.03224 0.06038 -0.14974
-0.21179 -0.40758 0.18857 -0.23578 0.17069 -0.14382 -0.07834 0.10870 0.06713 0.04295 -0.27617 -0.30997 0.22431 0.07123 0.31151 0.14907 -0.33218 -0.18843 0.04135 0.25740 0.25608 0.25275 0.00073 -0.30116 0.42631 -0.18952 -0.10868 -0.17638 0.15127 -0.26689 0.24486 -0.24084 0.27444 -0.02307 0.03923 0.23187 0.33424 0.16214 -0.17293 0.07707
-0.19791 0.19583 0.24618 0.07192 0.13048 -0.23382 -0.10593 0.13346 0.05292 0.27082 0.06313 -0.30580 0.17514 -0.20284 -0.12048 0.02392 -0.15184 0.13511 -0.18022 -0.11774 -0.12503 -0.01980 0.08160 -0.09711 -0.03942 -0.21561 0.16503 -0.09927 0.23292 0.17257 0.12729 -0.03772 0.15621 0.02779 -0.14827 -0.14120 -0.32147 0.14889 -0.13568 -0.30404
-0.31933 -0.06126 -0.00901 0.20569 -0.26189 -0.07085 0.37324 0.19208 0.28415 0.00124 0.01368 -0.28461 0.17547 -0.05958 0.10958 0.30364 0.14557 -0.13993 -0.23113 0.28234 0.29423 -0.26006 0.38062 0.34652 0.25983 0.23416 0.42022 -0.14580 -0.10271 0.17828 0.13935 -0.07446 -0.03225 0.29784 0.25501 0.29141 -0.19014 0.35661 0.23335 -0.47142
-0.13447 -0.25444 -0.13920 -0.10275 -0.29013 -0.07835 -0.36674 0.08241 0.28912 -0.03953 0.15271 -0.08253 -0.12412 0.33073 0.35634 -0.34232 -0.31696 -0.11371 -0.36148 -0.22542 0.43781 0.15385 -0.32203 -0.25558 0.12054 0.29186 0.20251 0.27835 0.34194 -0.10778 0.35390 0.45758 -0.29348 -0.04929 -0.07893 0.25390 -0.15990 -0.18805 0.24405 -0.15566
0.01857 0.08390 0.27332 0.31352 -0.17181 0.32362 0.24661 0.30713 -0.16617 -0.09025 0.41705 -0.28964 0.12490 0.11196 -0.00434 -0.07194 -0.05983 0.18090 0.24357 0.01384 -0.15446 -0.09485 -0.14878 -0.34227 0.19169 0.09900 -0.20909 -0.11935 -0.22550 -0.19776 -0.35901 -0.05115 0.24041 -0.10694 0.26927 -0.05515 -0.07071 -0.03189 0.29703 0.34406
0.01840 0.11981 0.20833 0.05254 0.24735 0.18005 0.22745 -0.06048 -0.04236 0.24560 0.19735 -0.20720 -0.06443 -0.18767 -0.25120 -0.34492 -0.21506 -0.17943 -0.37706 0.27766 0.28370 0.20275 0.24047 0.24339 0.05819 0.17363 0.02814 0.02620 0.34439 -0.05976 0.23593 0.07379 0.33193 -0.26798 0.05883 -0.07919 0.12873 0.10500 0.36466 0.31382
-0.05826 -0.33962 -0.14523 0.33800 0.02419 0.03428 -0.10344 -0.06331 0.31256 -0.13122 0.07320 0.15700 -0.23257 0.10086 -0.25328 -0.13893 -0.31362 -0.22810 0.02405 -0.02214 0.10062 -0.12397 0.06938 -0.25436 -0.19288 -0.01709 -0.29008 -0.12167 -0.30654 -0.29177 -0.24866 0.07155 0.19842 -0.02274 -0.01062 0.24500 0.32007 0.00481 -0.13391 -0.10328
-0.15531 -0.24798 0.00002 0.10326 -0.25645 0.46318 -0.17175 -0.04792 0.02362 -0.37494 -0.27061 0.29107 0.11769 0.04376 -0.11082 -0.09554 0.09382 -0.17740 0.25134 0.36984 0.00007 -0.15739 0.00084 -0.11928 -0.11346 0.20913 0.26925 0.18315 -0.24424 0.16004 0.18412 -0.20914 -0.07669 -0.27916 0.28513 0.09357 0.18263 -0.05453 0.23537 -0.05208
-0.40683 0.01748 0.06379 0.23285 0.14880 -0.36356 0.16482 0.15216 0.07037 0.06772 -0.16482 0.13185 -0.24195 0.05353 0.20458 0.08785 0.16290 0.30237 -0.18961 0.12893 0.13109 -0.23161 0.49790 -0.02443 -0.24707 -0.11898 0.18575 -0.21747 -0.27725 0.16155 -0.28558 -0.05248 0.27453 -0.35333 0.11383 -0.04806 0.00458 -0.05695 0.34167 -0.04785
0.01267 -0.08851 -0.33367 -0.02627 0.32946 -0.20705 0.15877 0.13446 0.33048 0.37818 0.27146 0.38019 -0.09410 -0.26839 -0.36057 0.34083 -0.38624 0.06779 -0.22170 -0.09962 -0.25520 0.35880 -0.09971 -0.13328 0.03060 0.20268 -0.00041 -0.02676 -0.01634 -0.46010 -0.09524 -0.19662 -0.00902 0.06808 0.35751 0.17505 0.18214 0.17369 0.31367 -0.07253
0.12128 -0.28768 0.08311 0.25925 0.13353 -0.07714 0.13516 0.24633 -0.24477 -0.29912 -0.01173 -0.26640 -0.25941 -0.35184 -0.09765 -0.35902 -0.34611 0.31323 -0.17082 -0.32447 0.23700 -0.37090 -0.24059 -0.27156 -0.08780 -0.10366 0.25103 -0.03364 0.33891 -0.16742 0.22187 0.22780 0.37280 0.11147 -0.03861 -0.15448 -0.11672 0.16712 -0.04868 -0.02345
-0.17073 0.10471 -0.29145 -0.13878 -0.13358 0.19238 -0.08158 -0.31067 0.03492 0.24429 -0.16346 0.06015 -0.04511 -0.25564 -0.52145 0.02582 -0.31949 0.15212 -0.08688 0.05991 0.33245 0.10775 -0.07161 0.35442 0.33428 -0.21455 0.26874 0.28023 -0.18643 0.05559 -0.10028 -0.36115 0.06373 0.04707 0.09220 0.18859 -0.29666 0.37188 -0.04695 -0.01639
-0.22340 0.22188 0.22654 -0.05285 0.23664 0.17254 -0.04020 -0.30938 0.05302 0.31253 -0.31195 -0.14172 -0.23403 0.26635 -0.12275 0.00708 0.05958 -0.20487 -0.34159 0.08108 0.12179 0.06315 -0.13900 -0.19455 0.06317 -0.29632 -0.11636 0.04744 -0.26173 -0.00846 -0.03699 0.00291 0.02733 0.08744 -0.03044 0.13445 -0.10099 -0.10672 -0.16094 -0.26389
-0.07365 -0.32947 -0.41515 -0.17772 0.13852 0.42633 -0.07321 0.15518 -0.25148 -0.25402 -0.08137 -0.09452 -0.12590 0.31588 0.34609 -0.00425 0.10313 0.24499 -0.27845 0.07688 0.13911 0.03611 0.06508 0.14039 0.04274 0.19414 -0.30493 -0.27732 0.34820 -0.13162 0.23777 0.30030 -0.02109 0.34155 -0.05601 0.00933 0.28525 -0.22822 0.07082 -0.50598
-0.08525 0.33785 0.25631 -0.23308 -0.05437 -0.01226 -0.12374 0.07965 -0.24743 0.26636 0.12014 -0.12932 -0.24260 -0.16826 0.11076 0.31821 0.19739 0.33784 -0.15143 0.06829 -0.37410 -0.11608 -0.16648 0.37404 0.16263 -0.03143 -0.08335 -0.01124 -0.33138 -0.19198 -0.21911 0.23685 0.29155 0.03169 0.15299 0.18042 -0.17587 0.30063 -0.11983 -0.36306
-0.22442 0.17304 0.23727 -0.00268 -0.07764 -0.09600 -0.22223 0.14144 0.35907 -0.09519 0.14456 0.19388 -0.26829 -0.21934 -0.22246 0.22535 -0.12339 0.29779 -0.11787 -0.28455 -0.26639 0.35348 -0.02154 -0.23859 -0.14173 -0.35480 0.04265 -0.18647 0.18929 -0.30050 -0.03485 0.06591 0.19192 -0.03747 -0.12764 -0.07068 -0.02858 -0.02111 -0.21029 0.01226
0.01062 -0.37974 0.32601 0.27861 0.05157 0.04862 -0.26475 0.30260 0.25960 -0.43059 0.13424 0.39031 0.01768 -0.17007 0.21961 0.26728 0.35976 -0.01709 0.34319 -0.35387 0.22514 0.27773 -0.23727 -0.16262 0.01783 -0.13024 -0.03422 0.35776 -0.25841 0.31371 0.36419 0.25240 -0.15689 -0.41388 -0.31595 0.19405 0.25271 -0.02211 0.03519 0.45317
-0.34507 0.05087 -0.02339 0.33673 -0.13152 0.05499 -0.15922 -0.37949 -0.20697 -0.12794 -0.07353 -0.24493 0.31100 -0.17310 0.19631 0.31277 0.07831 0.10130 0.14301 -0.21580 0.13649 0.21752 -0.19993 0.26203 0.14287 0.51415 -0.06272 -0.24623 -0.08101 0.24728 -0.09055 -0.06408 0.22292 -0.26170 -0.09186 -0.17373 -0.32672 -0.34931 0.15759 -0.37406
0.16152 0.18375 0.19771 -0.18556 0.11416 -0.23520 -0.30145 -0.30102 0.28546 0.13731 0.25171 -0.38411 -0.35577 -0.37511 0.30303 0.31761 -0.17834 0.15529 -0.04663 0.04962 0.30028 -0.15816 -0.04206 0.30553 -0.28988 -0.37794 -0.29550 -0.06919 0.08608 0.39498 -0.34594 0.05012 -0.32220 -0.04185 0.24778 -0.29662 -0.46206 0.25222 0.27548 0.02385
-0.32473 0.24624 0.35658 -0.12811 0.04083 -0.08097 0.33685 -0.23310 0.22640 0.34263 0.16653 -0.02063 0.18803 -0.08103 -0.22920 0.17798 0.07484 -0.15907 0.24650 -0.18228 0.21751 -0.29556 0.29017 0.09550 -0.33106 -0.30493 0.14460 -0.24094 0.31208 0.19586 0.11100 0.16403 0.04544 0.31603 -0.25245 -0.16531 -0.41865 0.42104 -0.29892 -0.10083
-0.21240 -0.27126 0.27839 -0.07058 -0.02707 -0.32331 0.21292 -0.17434 0.28246 -0.11085 0.15049 0.22047 -0.10080 0.17565 0.16527 0.19235 -0.29911 0.25090 -0.26093 -0.20193 -0.10656 0.15765 0.32164 0.30584 0.18830 -0.04068 0.33040 -0.41953 0.20827 -0.15161 0.25116 0.20094 -0.10149 -0.33832 -0.32060 -0.21425 0.18764 -0.06392 -0.09465 -0.15373
-0.29228 0.04259 -0.19744 0.27357 -0.31068 0.28881 -0.00123 0.23136 -0.13241 0.32704 0.35617 -0.00250 0.22780 -0.03700 0.01588 -0.25266 -0.20000 0.40458 -0.01186 0.17471 0.46839 -0.38778 0.16921 -0.05294 -0.24290 -0.20642 -0.31163 0.10682 0.17155 -0.12399 0.25862 -0.06206 0.36107 -0.02154 0.06786 -0.05981 -0.19098 -0.11241 -0.33461 0.37613
0.12521 0.10800 0.23948 -0.06100 -0.17499 0.23482 0.07070 0.26602 -0.23562 -0.23759 0.27897 0.22120 -0.10756 0.13817 -0.28272 -0.27189 -0.09269 -0.07673 0.40117 0.05544 0.24137 -0.25877 0.17632 -0.12973 0.23362 -0.16621 0.22589 -0.18397 0.31347 0.09307 0.34077 -0.14370 -0.23596 0.10049 0.21125 -0.38917 -0.16256 0.18100 -0.00491 0.05020
-0.07454 -0.04909 -0.14777 -0.17196 -0.20589 -0.16170 -0.33865 -0.03527 -0.07400 -0.15500 0.12918 -0.25610 -0.07353 0.05830 -0.11809 -0.16037 0.24393 -0.15859 0.03438 -0.29004 -0.12805 0.30760 -0.23356 0.06626 0.13370 -0.25436 -0.00677 0.22383 0.06257 0.10570 -0.08993 -0.28567 -0.10867 -0.16401 0.16410 0.05948 0.20786 0.22199 -0.16466 -0.17088
-0.29106 0.32742 0.41061 -0.38798 0.06401 -0.05078 0.38090 0.33508 -0.33361 -0.25506 -0.07837 0.06715 0.12528 -0.08933 0.17819 -0.30434 -0.19651 -0.21023 0.03945 0.06030 -0.34645 -0.23118 -0.08198 -0.36818 0.28975 -0.12545 0.04720 -0.04422 -0.09416 0.07016 0.30418 0.20384 0.27720 -0.12666 -0.39481 0.35590 -0.38307 -0.07140 -0.32016 -0.13459
-0.00883 -0.00828 0.21426 0.06185 -0.22217 -0.00463 -0.24867 0.06513 0.27635 0.04929 0.31008 0.04479 -0.32035 -0.37768 -0.04236 0.27158 -0.04473 -0.22790 -0.16026 0.11245 0.07095 0.06085 -0.02309 0.24871 0.30199 0.13149 0.12429 0.03813 0.05813 -0.33651 0.15094 -0.30783 -0.01050 0.13983 0.23187 0.10770 0.20123 -0.34313 -0.12512 0.36022
-0.29922 -0.14753 -0.11680 0.16731 0.33346 -0.19410 -0.24382 0.38595 -0.21904 -0.19895 0.13616 0.21984 0.28062 0.30175 0.04436 -0.11931 0.28657 -0.27511 0.07667 0.19378 -0.14684 0.33563 -0.38004 0.24252 -0.15022 0.30513 -0.11810 -0.40973 -0.20798 -0.15444 0.11232 0.27347 0.23792 0.19416 -0.04729 0.18629 -0.09685 -0.17499 0.25120 0.32441
-0.26046 -0.19097 -0.14538 0.16954 -0.08265 0.27885 0.07441 0.33948 -0.14511 0.07551 0.04777 0.11599 -0.18433 -0.11336 -0.16585 -0.18934 -0.15012 -0.22645 0.06470 -0.01353 -0.11308 0.21712 -0.03067 -0.34396 0.12392 0.21633 0.19605 -0.01835 -0.29053 0.01767 0.30966 0.15545 0.21331 -0.33232 0.30112 -0.19873 -0.02217 -0.28024 0.23133 0.35816
0.08831 -0.05676 0.16193 0.07738 0.19966 -0.06090 0.00856 -0.13564 -0.25118 0.14843 -0.07239 -0.29094 0.18804 0.26983 0.12566 -0.15292 -0.16214 -0.24714 0.31971 -0.12024 -0.05491 0.04961 0.11956 0.05172 -0.20207 0.10570 -0.31043 0.31568 0.11242 0.19468 0.07977 -0.13702 0.12103 0.27459 0.19473 0.00724 -0.22587 -0.14153 0.05285 0.03451
-0.01446 -0.32158 0.06259 -0.17459 0.14988 0.32263 0.32652 -0.02503 -0.11118 -0.29663 0.08507 0.15635 0.09188 0.07349 0.40710 0.07213 0.26372 -0.27045 0.19893 -0.15610 0.01822 -0.17155 -0.35022 -0.05628 -0.14137 -0.07893 0.28178 -0.14968 -0.27116 -0.32567 0.01476 0.29234 -0.16317 0.09550 -0.07612 -0.09108 -0.07086 -0.12432 0.02932 -0.20886
-0.00714 -0.20379 -0.14256 0.22072 -0.35971 0.43254 -0.18773 0.29822 -0.19400 0.30468 0.15497 -0.27039 0.29657 0.01614 0.25604 0.15582 -0.26356 0.36834 0.20567 -0.40246 0.20118 -0.17760 -0.17979 -0.37954 0.22269 0.16950 0.03586 -0.17280 -0.14721 0.13064 0.32938 -0.29000 -0.25871 0.24684 0.22014 0.17400 -0.30626 0.05398 -0.05713 -0.31575
-0.35058 0.45723 0.28984 -0.03323 -0.01674 0.17038 0.04177 0.28352 -0.21672 0.35009 -0.41712 -0.22125 0.37385 -0.36798 0.22613 0.41328 -0.44313 0.31811 0.02659 -0.43761 0.29917 -0.33779 -0.41801 0.34583 -0.37282 -0.18130 -0.22133 -0.17381 -0.27925 0.26009 0.16558 0.34234 -0.40004 0.38985 -0.45613 0.31166 -0.06537 0.07766 -0.13198 -0.09119
0.03532 -0.43856 -0.26351 0.08345 0.33396 0.17283 0.25041 0.18982 0.04150 -0.27973 0.25956 -0.32807 0.22203 0.02026 -0.32890 0.05595 -0.24136 -0.28472 -0.13703 -0.11487 0.36422 0.02759 0.24546 -0.25610 0.26243 -0.09721 0.26395 0.27559 0.10406 0.46832 0.13502 -0.30263 -0.06161 -0.14254 0.27427 0.07071 0.09901 -0.37311 -0.10247 -0.04931
0.07771 0.00536 0.18675 0.46926 -0.34772 -0.06525 -0.07314 -0.12514 -0.37519 0.15403 0.38302 0.39682 0.02966 -0.12403 -0.25085 -0.00790 0.42841 0.27662 -0.04981 -0.26861 0.34288 -0.11357 0.35225 0.15482 -0.04664 -0.15103 -0.42483 0.10498 0.38176 0.28879 0.19572 -0.44196 -0.20540 0.00530 -0.21233 0.19766 0.34862 0.07111 0.07739 -0.19817
0.19490 -0.11630 0.07183 -0.10819 -0.23720 0.38700 -0.37778 -0.26410 -0.30239 -0.20539 -0.07944 0.23130 0.33233 -0.08408 0.01710 0.22684 -0.06793 -0.41513 0.13495 0.23213 -0.37019 -0.17146 -0.40835 -0.04412 0.36377 -0.22989 -0.28227 0.25409 0.00752 -0.36331 0.34157 -0.01459 -0.05374 0.23803 -0.05699 0.20578 0.12287 -0.29557 0.30866 -0.01609
0.40693 -0.16295 0.34290 0.37223 -0.47813 -0.42903 0.28091 -0.02292 0.39392 0.15693 -0.22332 -0.08601 -0.24877 -0.06475 -0.42893 -0.10982 -0.08667 0.00458 0.16663 -0.04696 0.09160 -0.08414 -0.01759 0.16224 0.03582 -0.03293 0.33006 -0.19129 -0.03667 -0.00178 -0.39740 0.01410 -0.07652 0.29884 0.17271 -0.27177 0.14169 0.33831 -0.32137 -0.12555
0.11343 0.41209 0.08254 0.16513 -0.08288 0.10931 0.18399 0.12129 -0.15661 -0.09518 -0.18353 -0.13200 0.09355 0.01430 0.05255 0.13923 -0.34643 -0.11977 -0.15591 -0.36513 -0.27126 -0.19318 -0.06884 0.08265 0.40666 0.10358 0.29462 -0.03524 -0.32565 0.12255 -0.32074 0.19276 0.20984 0.04104 0.23481 -0.26667 0.07599 -0.34169 0.09762 -0.22417
0.33799 -0.21599 -0.30364 -0.21500 -0.13681 0.05219 0.10115 -0.31517 -0.11385 0.01732 -0.17466 0.11500 -0.27635 0.07574 0.05830 0.12495 -0.06032 0.31408 0.21032 -0.42347 0.08188 0.05040 0.14948 0.17259 0.20531 0.12088 0.01029 -0.03486 0.16546 -0.37272 -0.17702 -0.21832 0.13366 -0.20783 -0.17704 -0.37227 -0.00324 0.04659 -0.12582 -0.24875
0.14574 0.00098 0.17232 0.24346 -0.10863 -0.20614 0.25775 0.39204 0.40721 -0.02934 0.26154 0.11124 -0.40360 0.24759 -0.03122 -0.04458 -0.14256 -0.28769 -0.15767 -0.28734 -0.19923 -0.33091 -0.09958 -0.14855 0.03534 -0.14327 -0.26802 -0.16640 -0.05738 -0.11602 0.11958 -0.35345 0.31378 -0.13142 0.30590 -0.12864 -0.20759 0.35103 -0.33906 -0.36064
-0.04664 -0.15537 -0.07156 0.25830 0.14986 0.18700 0.02493 -0.08887 0.24205 -0.03661 -0.25326 -0.02490 0.40924 -0.04129 -0.28273 -0.09861 0.05382 0.10634 0.24160 -0.14203 -0.35890 -0.09949 0.18746 0.20318 -0.27191 -0.26430 0.49530 -0.37092 0.11313 -0.16992 -0.25283 -0.02249 0.29481 -0.15491 -0.18998 -0.40146 -0.07923 0.43960 -0.16504 0.09727
-0.17738 0.35564 -0.18592 -0.20283 -0.20895 -0.07610 -0.29946 0.22783 0.13729 -0.24213 0.22785 -0.17728 0.05142 -0.33908 -0.04487 0.04540 -0.26985 0.04722 -0.19427 -0.05277 0.24502 0.38323 0.23162 0.03469 0.21980 -0.18412 0.04402 0.01546 -0.02594 -0.10285 -0.36866 -0.02943 -0.16746 -0.26753 0.22140 0.23389 -0.25562 0.22107 0.25116 -0.03132
-0.21385 0.18552 0.11609 0.20242 0.23137 0.18441 -0.19741 -0.02886 0.28196 0.01160 -0.28711 0.00575 -0.30688 -0.19571 -0.31055 0.18815 -0.13662 -0.24143 -0.22429 -0.14847 -0.11756 0.02147 -0.32463 -0.23241 0.06755 0.00624 0.15641 0.25131 0.05347 -0.27007 -0.32566 0.08308 -0.19472 -0.01804 0.00498 0.10998 0.19795 0.00962 0.27697 0.30836
0.29107 -0.14117 0.24147 0.07201 0.16740 0.33631 -0.17928 -0.23702 -0.07488 0.32829 -0.19623 -0.20157 0.23698 0.12277 0.15114 -0.18281 0.34869 0.03642 0.26455 -0.02864 0.16513 -0.14680 -0.26344 -0.20723 -0.28176 -0.15624 -0.13754 0.20053 -0.15862 0.15368 0.08775 0.11249 0.19963 0.16005 0.39961 -0.07050 -0.12043 -0.17314 -0.34461 0.10993
0.38560 -0.45327 -0.19937 0.22084 0.27781 -0.28132 -0.27540 -0.04712 -0.18832 0.50480 0.11610 0.16261 -0.31813 0.14027 0.22534 -0.12086 -0.05408 0.15545 -0.04766 -0.41632 0.41691 -0.02025 0.28930 0.01829 -0.29694 0.28725 0.25107 -0.27350 -0.15219 0.17338 -0.05451 -0.14827 -0.10290 -0.10635 0.18226 0.23718 0.20005 -0.14229 0.24197 0.37278
0.15688 0.11110 0.07551 0.07120 -0.14311 -0.05700 -0.24064 -0.43497 0.08375 0.37430 -0.02883 -0.04947 0.34862 0.12945 -0.16657 0.02826 -0.07298 -0.37402 0.45491 -0.38634 -0.32539 0.27463 -0.38336 -0.09367 -0.05883 -0.06670 -0.05961 -0.25830 -0.22312 -0.23262 0.43357 0.13201 -0.29078 -0.12233 -0.25787 -0.16354 0.23114 -0.15758 0.23004 0.29308
0.18062 0.34923 0.12469 -0.17285 -0.31280 -0.11158 -0.20004 -0.12287 -0.23298 0.26033 0.26411 -0.15968 0.00842 -0.23164 0.08056 -0.20065 -0.32339 0.08103 -0.09480 -0.13536 0.35816 0.12246 0.22208 -0.24114 0.22429 0.21284 0.03143 -0.05250 0.30209 0.07068 0.18231 -0.30150 0.17995 -0.17772 0.28910 -0.15160 -0.07003 -0.27945 0.29724 0.40333
-0.28730 -0.05214 -0.29393 0.13869 -0.32137 -0.17289 0.41081 -0.07813 -0.29319 0.17435 0.13068 -0.08332 0.15890 0.04629 -0.03167 -0.10760 0.37854 0.09118 0.03185 -0.41197 0.12624 -0.18816 -0.26231 -0.23029 0.14997 -0.29829 -0.30875 0.07356 -0.03183 -0.15397 0.24879 -0.08477 -0.09780 0.01066 0.01081 -0.04274 0.14899 0.29322 0.27386 0.13038
0.29894 0.05817 -0.20293 0.14302 -0.09823 -0.08169 0.13525 -0.16935 0.19348 0.16333 0.39407 -0.20604 0.11474 -0.01038 0.01314 0.21212 0.25170 -0.29250 0.44020 0.12783 0.17729 0.20305 0.00424 0.08309 -0.48092 0.00768 -0.03218 -0.29293 -0.20933 0.09168 -0.39644 0.18724 0.16645 -0.16350 0.22567 -0.13377 0.32500 -0.10645 -0.27971 0.39473
-0.00014 -0.29877 0.25978 -0.09451 -0.16362 0.14448 0.00926 -0.06004 0.25611 -0.12720 -0.27914 0.34594 -0.22056 0.18684 -0.17870 0.13242 0.23888 -0.03032 -0.07763 0.18253 0.36005 -0.05433 0.02058 0.11884 -0.06140 0.09535 0.02593 0.10510 -0.32584 0.43859 0.03471 0.34679 -0.06704 0.17314 0.15782 -0.01760 -0.33281 0.03805 0.11749 -0.28399
0.10236 -0.35242 0.13262 0.07428 -0.31127 -0.15407 0.19131 0.42457 -0.08458 0.32912 0.30687 -0.00453 0.07890 -0.00296 0.24668 0.10120 -0.00851 -0.30027 0.17914 0.16950 0.38056 0.12812 -0.15516 0.20676 -0.03315 0.31290 -0.23838 -0.31059 -0.23958 0.23499 -0.17671 -0.23029 0.08179 0.28995 -0.24757 -0.16832 0.28680 -0.23077 -0.23413 0.06822
-0.05854 0.14938 0.19819 0.12379 0.12673 -0.35422 0.09156 -0.23030 0.00208 -0.10839 0.18367 0.06288 -0.15341 0.11252 -0.00694 -0.08147 0.24667 -0.31398 0.39618 -0.06018 -0.17611 0.06349 -0.39524 0.34182 -0.23963 0.14408 0.02004 0.03232 -0.10468 0.20390 0.23354 0.03847 0.04880 -0.14121 -0.14963 -0.21480 -0.36110 0.02834 0.05965 0.22520
-0.13481 -0.00551 0.32766 -0.08746 0.17910 0.23062 0.26975 0.02681 0.20445 -0.02016 0.34518 0.11526 0.02950 0.21529 -0.01462 -0.11655 -0.18786 -0.06722 -0.24272 -0.11594 0.12971 -0.04526 0.29875 0.22358 0.16977 -0.08752 -0.32474 -0.25317 0.10368 0.16681 0.31145 0.03044 -0.13573 -0.24639 0.28618 -0.14531 0.28566 0.18772 0.15909 0.18811
-0.02340 0.15461 -0.02783 0.01712 0.43094 -0.13246 0.19548 -0.12096 -0.02395 0.17648 -0.36148 0.18195 -0.15226 -0.06237 -0.09849 0.10264 -0.25122 0.01607 -0.19879 0.18863 0.30666 0.02023 -0.11488 -0.22705 -0.17168 -0.26763 0.06966 0.27092 -0.15447 -0.12254 -0.37707 -0.09621 -0.24771 -0.03717 0.31394 0.00279 0.29761 0.08029 0.34680 0.19135
0.00469 -0.37116 -0.00950 -0.09575 -0.13916 0.15917 -0.36768 -0.11290 -0.16021 0.36711 -0.12769 -0.36790 0.22441 -0.09492 -0.05027 0.05104 -0.07819 0.20079 0.07680 -0.28420 0.17678 -0.03214 -0.13849 -0.10543 0.35024 0.11784 0.04742 0.12225 0.16293 -0.11190 -0.22158 -0.42459 0.20949 -0.16957 0.24072 -0.01874 0.05477 0.33233 -0.18177 -0.15711
0.16625 -0.15124 -0.18514 0.27280 0.06672 0.04873 -0.01547 -0.34983 -0.31394 0.31786 0.22186 0.18352 -0.26771 0.14997 0.41293 0.02786 -0.12319 0.00838 -0.07996 0.05042 -0.23280 0.07581 -0.25031 -0.07314 -0.35101 -0.12789 0.20708 -0.15669 -0.19528 -0.43378 0.15585 -0.19224 -0.31115 0.18804 0.25052 -0.35395 0.01474 0.12144 0.20496 -0.20377
0.05612 -0.18179 -0.29280 -0.10308 -0.23002 0.04764 0.19249 -0.02614 -0.21984 0.36569 -0.15118 0.24027 0.15139 -0.33625 -0.20727 0.18599 -0.17230 0.24204 0.20397 -0.19007 -0.11035 0.11420 0.13057 -0.24875 0.16950 0.35317 -0.23461 -0.00974 -0.07388 -0.35620 0.43054 -0.29898 0.00769 -0.06034 -0.05429 -0.06587 -0.13537 -0.07327 -0.19709 0.23383
0.34621 0.04833 -0.08700 0.03932 0.20606 0.20695 -0.14403 -0.03997 -0.07486 -0.18353 0.10658 -0.27335 -0.22791 -0.03500 -0.18334 -0.36122 0.13926 -0.07634 0.08834 0.04372 0.24261 0.08294 -0.18521 0.22854 -0.12289 -0.19372 -0.20281 -0.02532 -0.00676 0.14947 0.15118 0.14456 0.00141 0.00904 0.05612 -0.07172 -0.27755 0.18542 -0.16304 -0.18456
0.33975 -0.24323 -0.41699 0.12343 0.21012 0.23251 0.08525 0.20976 -0.10760 0.27069 -0.13078 -0.27178 0.10259 -0.02834 -0.30906 -0.11474 0.15003 0.05936 0.24310 -0.04593 0.29144 -0.18679 -0.21559 -0.05344 0.13852 0.11222 -0.09226 -0.26146 -0.08335 0.23672 0.00707 -0.09042 -0.02221 -0.29235 0.00015 0.03359 -0.04546 -0.01506 -0.21853 -0.24268
0.32550 -0.01316 0.06226 -0.01384 -0.04220 -0.21480 -0.01387 0.02453 -0.21045 -0.15464 -0.02063 -0.26393 -0.32091 -0.04211 -0.28432 -0.03617 0.16341 0.15178 0.34238 0.05391 0.04939 -0.19372 -0.20428 0.17510 0.14546 -0.07803 -0.21162 -0.11458 -0.12322 0.21441 0.17709 0.07573 0.12533 0.17104 -0.11779 -0.22463 0.06525 -0.31032 0.04871 0.07925
0.38690 0.23753 -0.21609 -0.28298 0.21824 -0.17897 -0.30709 0.25258 -0.38563 0.04361 -0.01958 -0.06043 -0.10702 -0.04424 -0.27610 -0.17722 0.28978 0.00277 -0.18377 -0.11648 0.18408 -0.18308 0.13793 0.23358 -0.09814 0.01527 0.30665 -0.07298 0.13407 0.39710 -0.03385 -0.20471 -0.15207 0.31236 0.00214 0.21130 0.25481 -0.19014 -0.18142 -0.14968
-0.08223 -0.14960 -0.20615 0.05859 -0.10501 0.05264 0.04207 0.18996 -0.05783 0.33938 -0.18920 -0.11070 -0.10729 -0.18181 0.10925 -0.15783 0.09633 0.34578 0.04603 -0.38903 -0.07689 0.05227 -0.38432 0.37172 -0.01280 -0.33514 0.22466 0.05959 0.08749 -0.17304 -0.12384 -0.32821 -0.07295 0.24295 0.07398 -0.03000 -0.35084 -0.29575 -0.05367 0.20816
0.17037 -0.04755 -0.38333 -0.30678 0.05483 -0.13001 -0.10086 0.15354 -0.16748 -0.13282 0.10857 0.12148 -0.24823 0.10568 -0.24369 -0.24113 -0.05900 0.31269 0.26214 -0.06531 -0.03516 -0.02465 0.04800 0.02224 0.18697 -0.33399 -0.22263 -0.00409 -0.10637 -0.29113 0.13129 -0.08085 0.14227 -0.11267 0.15909 -0.03294 -0.24561 -0.03799 -0.11290 -0.05358
-0.26487 0.11779 0.01582 0.04892 -0.13357 -0.13027 0.29969 -0.36031 -0.24273 0.05841 0.19930 0.21870 0.33255 0.23541 0.37402 0.24985 0.16545 -0.21541 -0.32232 0.28129 0.00637 -0.32493 0.17118 0.26491 -0.19102 0.29909 0.05167 -0.38185 0.02426 0.27157 0.04200 -0.31961 -0.24249 0.01973 -0.16791 0.28835 -0.36672 0.08201 0.08556 -0.23544
-0.07084 0.29167 -0.10467 0.10034 0.29116 -0.00670 0.19070 -0.01435 -0.23999 -0.10078 0.04070 0.05675 -0.16095 -0.21587 0.04630 0.05200 0.10361 -0.19004 0.38730 0.33596 -0.15259 -0.20190 -0.15333 -0.02033 0.19252 0.39442 -0.32209 0.31881 0.22454 -0.17496 0.06382 0.26176 -0.19620 0.02413 -0.30654 0.12682 -0.19397 0.01395 0.30909 0.25854
-0.13913 0.31051 0.30598 0.02774 -0.13292 -0.10428 -0.04767 -0.29690 -0.30707 -0.04967 -0.19958 0.00851 -0.14537 0.13304 0.08348 -0.09216 -0.12971 0.12598 0.12105 -0.33370 -0.18757 -0.31656 0.34952 -0.17223 0.28452 0.37269 0.09579 0.15248 0.34131 -0.29147 0.26497 0.12281 -0.03388 0.07076 -0.27185 -0.09923 0.35749 0.19043 0.17929 -0.33220
-0.41769 -0.21615 -0.01415 0.08605 -0.34239 0.06816 -0.10794 0.12963 0.31468 -0.13105 0.16964 0.29437 -0.27240 0.13500 0.00526 -0.22870 0.09949 -0.17060 0.03313 0.02281 -0.20513 -0.00476 0.33098 0.04944 0.13716 -0.31210 0.04601 0.24128 0.05186 -0.07670 0.11340 0.15475 -0.28846 -0.21321 0.21636 -0.40001 0.02939 0.04191 -0.26711 -0.38371
-0.19762 0.15655 0.10447 -0.14949 -0.37499 0.33184 -0.15701 0.01097 0.30547 -0.28701 -0.16505 0.21161 -0.11143 -0.42178 -0.42639 0.03621 -0.42244 0.33205 0.12489 -0.41144 -0.41171 0.20853 0.27665 -0.27366 -0.30853 0.36137 -0.15566 -0.10238 0.05391 -0.06683 -0.31585 -0.08806 -0.04385 0.04169 -0.00775 -0.03318 -0.00182 -0.22581 -0.13422 -0.04741
0.33596 0.15495 0.27801 0.05298 -0.36791 -0.09890 -0.21796 0.03818 -0.38147 -0.00646 0.05208 0.19063 -0.14785 -0.12684 -0.20245 -0.35832 0.04830 -0.27217 0.30749 0.37212 0.31013 0.05735 -0.13843 0.21486 -0.17161 0.29464 -0.06407 0.18393 0.32124 0.19754 -0.20027 -0.17076 -0.36709 0.15013 0.03139 -0.17393 0.12598 -0.35145 0.31976 -0.03414
0.22346 0.03719 -0.06356 -0.19322 0.01914 -0.05836 0.04476 0.31788 0.38798 0.15491 0.17903 -0.35192 -0.26267 0.04164 -0.18653 -0.13823 0.18128 -0.36522 0.27793 0.35277 -0.34899 -0.33156 0.00994 -0.30922 -0.27224 -0.13315 0.23374 -0.11904 -0.32402 0.16417 0.26244 0.11408 0.26555 0.11340 -0.06034 -0.23808 -0.01028 0.17639 0.37300 -0.25273
0.00512 -0.04131 0.11135 -0.08179 -0.25739 -0.25065 0.28458 0.11555 0.03495 0.24572 0.03960 -0.22097 -0.28358 -0.29281 -0.21478 -0.26513 0.05231 -0.13141 0.02753 -0.42412 0.02893 0.19408 0.22637 -0.40600 -0.18116 0.06191 0.07902 0.29248 0.21272 -0.08645 0.22958 -0.14076 0.10748 -0.09856 -0.01152 -0.11744 0.17144 0.28598 0.13763 0.34886
-0.10888 -0.32270 -0.20343 -0.18071 -0.32639 0.24590 -0.30729 -0.26667 -0.08780 0.26807 -0.29580 0.13136 -0.25125 0.40462 -0.29907 -0.11152 0.16363 0.13313 0.16885 -0.07120 -0.24790 -0.08585 -0.20327 -0.25593 0.13190 0.13009 -0.06472 0.05273 -0.08358 -0.06914 0.34519 -0.20552 0.12587 0.10562 0.19654 0.08108 -0.04951 0.01027 -0.28602 0.34222
0.10337 0.22553 0.08803 0.27938 -0.07170 0.11768 0.24020 -0.33074 0.04409 -0.01129 -0.21827 -0.21374 -0.09920 -0.17775 -0.01763 -0.09907 -0.14465 -0.33235 -0.29836 -0.10665 -0.03757 0.33237 0.21967 -0.11004 -0.05818 -0.31561 0.41954 0.24553 0.27717 0.39870 0.09706 -0.11098 -0.15152 -0.09313 0.32228 -0.02329 -0.05877 0.31592 0.21205 -0.26275
0.18134 -0.23182 -0.18300 -0.33092 -0.13752 0.19781 0.28437 0.04448 0.26419 0.16294 0.05182 -0.21648 0.04766 0.13976 -0.07747 -0.24247 -0.21245 -0.18562 0.09094 0.03439 0.28967 -0.03112 0.14233 -0.30026 -0.11244 -0.24756 -0.08347 -0.17825 -0.05920 -0.00847 -0.12810 0.19561 0.08137 -0.41811 0.19621 0.02725 0.33515 -0.11821 0.22660 0.02052
-0.43034 -0.17390 0.26079 -0.12733 0.01420 -0.24645 -0.08382 0.29272 0.35921 -0.16593 0.02517 -0.18421 0.03893 -0.10281 -0.13466 -0.29630 0.00550 0.12319 0.32543 0.23136 0.21183 -0.35923 0.17796 0.01919 0.20894 0.18124 -0.19339 0.02610 0.36651 -0.30548 0.23338 0.04385 -0.15845 0.17787 0.16345 -0.20329 -0.14269 -0.16629 0.20112 0.18230
0.33445 -0.08620 -0.06590 0.22435 -0.23397 0.14094 -0.03411 -0.16176 0.33709 -0.20032 0.19546 -0.30460 -0.10372 0.31495 -0.04269 0.34218 0.36940 0.16008 0.03781 -0.13743 -0.02399 0.03072 0.15078 0.29503 -0.18372 0.08109 -0.20706 -0.42974 0.05998 -0.24617 -0.23201 0.05303 0.37896 -0.06929 -0.27438 0.36201 0.36576 -0.22507 0.34339 -0.08357
-0.01605 -0.08477 0.04000 0.19098 -0.11854 0.25522 -0.21999 0.22712 0.36223 -0.24842 0.42588 -0.30072 0.31451 0.47567 -0.36994 -0.43211 -0.31162 0.05396 -0.38373 0.34726 -0.12664 0.05040 0.14330 -0.51112 0.02575 0.02730 -0.08123 0.13776 -0.35241 -0.11463 0.43645 0.06697 -0.34762 0.26019 -0.13222 -0.32496 -0.35907 0.26301 -0.06040 0.32002
0.01022 -0.02926 -0.20672 -0.24976 0.13882 -0.29463 0.06697 0.12762 0.02411 0.05628 0.10996 -0.17926 -0.20467 -0.15502 0.12604 0.21857 0.08784 -0.02448 -0.21447 -0.15095 0.21613 -0.40068 0.04065 0.08561 -0.11785 -0.35552 0.30116 0.00201 0.34209 -0.16196 0.10172 -0.12331 0.17196 0.37547 0.14559 -0.14326 -0.05704 0.18828 0.00899 0.12270
0.15265 0.19912 -0.27254 0.35001 0.31969 0.26607 -0.30168 0.18044 0.19151 -0.26671 -0.36000 -0.16392 0.00188 -0.09724 0.08981 0.06668 -0.15437 -0.01012 0.29618 0.11827 0.31434 -0.27879 0.38016 -0.37473 -0.05193 0.17918 -0.22240 -0.33886 0.05663 -0.14028 -0.41104 -0.21599 0.15617 -0.13288 0.13697 -0.37882 -0.11816 0.07595 -0.11284 0.38856
0.21263 0.17797 0.00031 -0.01840 -0.00029 0.37148 -0.29425 -0.17663 -0.33525 0.23998 -0.03686 -0.02346 -0.24790 -0.31999 -0.24616 -0.14443 0.07863 -0.22845 0.45420 -0.07121 0.20230 -0.02189 -0.24494 -0.06280 0.29368 -0.00816 -0.09443 0.19469 0.33712 0.06776 -0.26411 0.28406 -0.22147 -0.06389 -0.18494 -0.09370 0.04838 0.00476 0.23102 -0.19302
-0.34174 0.05076 -0.00047 0.31835 0.39452 0.43641 0.12321 -0.06289 0.08065 -0.27820 0.43519 -0.32705 0.23454 0.01667 -0.19464 -0.25126 0.26699 -0.28601 0.31921 -0.04251 0.36601 -0.04452 0.29344 -0.21225 -0.15220 0.31636 0.07841 0.22569 0.22397 0.20946 0.17634 -0.01946 -0.13674 -0.22687 -0.23203 -0.15924 0.11507 0.01301 -0.00805 -0.22457
0.39619 0.09485 -0.33647 -0.06221 -0.22552 -0.16745 0.24045 -0.01797 -0.12449 -0.26235 -0.21576 -0.13190 0.00053 -0.01182 -0.23322 0.31897 -0.19900 -0.14722 -0.19985 -0.45271 0.09107 0.23901 0.47228 -0.23913 0.11923 0.01796 0.16637 -0.35540 -0.27881 -0.01071 0.35216 -0.24801 0.39301 -0.16764 0.10167 -0.10375 -0.28291 -0.38430 0.17508 -0.32341
-0.03225 0.17819 -0.01470 0.24348 -0.14522 0.29312 -0.19275 -0.36075 -0.28446 0.16489 -0.41073 -0.31153 -0.30619 0.34910 0.20671 -0.00195 0.08775 -0.37328 0.37069 -0.01936 -0.38636 -0.42172 -0.08324 -0.36502 -0.36154 -0.21432 -0.15802 -0.15389 -0.17031 0.25250 -0.25549 0.25212 -0.22000 0.28655 0.33749 -0.14617 -0.07774 0.01119 -0.30110 -0.14333
-0.36610 0.10549 0.11033 0.05161 0.30498 0.31023 -0.03652 0.21802 0.17571 0.17700 -0.12277 0.09039 -0.11427 -0.07470 -0.14894 -0.04007 0.19093 0.08127 0.15778 0.05756 0.16941 -0.33768 0.18789 0.21086 -0.16496 -0.05754 0.31944 -0.26226 -0.25204 -0.04436 -0.27483 0.02001 0.14747 -0.27502 -0.08822 -0.07760 0.29079 -0.03361 0.33782 -0.02227
0.21531 -0.17838 0.36398 0.00975 -0.11577 0.30237 -0.02121 0.39629 0.38704 0.44839 -0.25600 -0.21352 -0.33789 -0.41832 -0.09188 0.08833 0.21133 0.06431 0.22537 -0.21024 0.32250 0.35224 0.04469 0.37582 0.30919 -0.01009 -0.05384 -0.17737 0.29235 -0.17129 0.08814 0.16478 -0.14643 -0.23767 -0.17244 -0.21080 0.29882 0.11857 0.43718 -0.23311
-0.05466 0.01293 -0.12423 -0.29661 -0.24840 0.26986 0.27889 -0.38842 0.24942 0.05548 -0.11535 0.28944 0.10893 0.20925 0.16853 -0.19962 0.21511 -0.28913 0.04012 0.25778 -0.15393 -0.32492 0.10090 0.14867 -0.35551 -0.35945 0.33411 -0.15604 -0.28457 0.31759 0.32264 0.08893 -0.06506 0.32733 0.18466 -0.29317 0.22222 -0.09129 0.09181 -0.11318
-0.37307 -0.08656 -0.13245 -0.34915 -0.21026 0.14330 -0.07771 -0.32709 0.15648 0.27601 0.07607 0.09067 -0.28682 -0.21589 -0.09021 -0.06634 0.18902 -0.04850 0.29242 0.37568 -0.10237 -0.26685 -0.34421 0.14872 -0.00939 0.27653 0.13841 -0.00407 -0.51294 -0.32920 0.14979 0.11848 0.41181 0.35523 -0.15995 -0.35675 -0.09529 0.10495 0.04571 -0.41126
-0.36835 0.12329 -0.28980 -0.28149 -0.33104 0.43478 -0.09524 0.20667 0.00951 -0.04044 -0.37761 -0.05960 -0.29803 -0.33166 0.32529 -0.21930 0.04930 0.33209 -0.21337 0.20844 -0.06664 -0.38521 -0.46574 0.46542 -0.44415 0.38838 -0.01855 0.35693 -0.28297 -0.09881 0.21980 -0.27229 0.31179 0.19398 0.41325 -0.00493 -0.36917 -0.39857 0.47607 0.24727
0.02520 -0.13369 -0.10198 0.02336 -0.12427 -0.03841 0.35483 -0.35858 0.21946 0.29266 0.12631 -0.00803 -0.22522 0.16401 0.03896 -0.24013 0.11029 -0.33499 -0.29838 0.16556 -0.24212 0.34060 -0.01063 0.07994 -0.40145 -0.06733 0.38188 -0.27522 -0.14222 -0.30397 0.15409 -0.04949 -0.37164 -0.16944 0.02220 -0.43136 -0.22986 0.19174 -0.16263 0.22247
0.05873 -0.18878 -0.16904 0.15220 0.35187 -0.24817 0.17486 -0.23888 0.37475 -0.24614 0.28721 0.00985 0.36021 0.19142 0.20404 0.01100 0.27051 0.27339 -0.11279 0.02336 -0.18589 -0.33242 0.01037 0.00646 -0.18619 0.11736 0.14565 0.20680 -0.30429 -0.28646 -0.28510 -0.17697 0.21932 0.31750 0.18341 -0.18542 -0.27754 0.14797 0.25462 -0.23329
-0.24156 0.24281 -0.00490 0.07270 0.01205 0.31641 -0.15229 0.30814 -0.10705 -0.28117 0.27021 -0.21471 -0.10471 0.17146 0.14819 -0.02136 0.17637 0.03632 -0.10617 0.17691 0.13293 0.25659 0.37654 -0.28234 0.23497 0.22505 -0.00695 -0.05717 0.05035 -0.23806 0.09627 0.28711 -0.04207 0.12240 -0.27282 -0.08364 0.39428 -0.32738 0.21808 0.02986
0.01392 0.15468 -0.06866 0.42856 0.19430 -0.08247 0.23491 -0.13958 -0.06494 0.10343 -0.21996 -0.17189 0.34848 -0.31816 -0.29998 -0.15016 0.05091 -0.09438 0.02179 0.06042 -0.21506 -0.19624 0.34026 0.01157 0.06346 -0.33603 0.02619 0.17973 0.01933 0.15900 0.08460 -0.22590 0.21654 0.01049 -0.11921 0.12373 0.26954 0.15239 0.23482 0.13036
-0.20599 -0.24583 -0.22963 0.11420 0.20909 0.41637 -0.39706 0.12326 0.11114 0.00073 -0.14154 -0.06850 0.24663 -0.36501 -0.20637 0.27745 -0.17420 0.18984 -0.18477 -0.09398 -0.13704 0.42501 0.46232 0.36430 0.09227 -0.13685 -0.16713 0.16409 0.09841 0.28371 0.37175 0.03956 0.40700 0.02013 -0.33625 0.20112 0.05854 0.41037 0.35949 0.06129
-0.13202 0.05288 -0.14841 0.19399 -0.42294 -0.19211 -0.13971 0.20681 0.09540 0.06145 -0.24107 -0.28562 0.17835 0.22359 0.16275 -0.17788 -0.09500 -0.06786 0.02636 0.02336 0.17632 0.14607 0.33685 0.20200 0.02907 0.26423 -0.11926 0.13510 0.13509 -0.14085 0.20135 -0.36454 -0.18392 -0.30001 0.30882 0.05026 -0.08159 -0.03672 -0.17588 0.20874
-0.00135 0.11596 0.06680 0.13678 0.22306 0.00269 -0.09782 -0.19304 -0.48216 -0.25240 0.10951 0.26127 0.08554 -0.33604 -0.19086 -0.27991 0.24660 -0.29557 0.25169 0.19458 0.23202 0.05370 0.35144 -0.29837 -0.25062 0.24801 -0.00859 0.00597 -0.28670 0.23736 -0.12982 -0.29418 -0.11155 0.17533 0.03139 -0.40307 -0.05894 0.06062 0.10621 0.35117
-0.35438 -0.20652 0.09508 -0.29733 -0.17498 -0.20913 -0.20896 -0.39335 -0.09235 0.27629 0.25545 0.00915 -0.24972 -0.27612 -0.07493 -0.10030 -0.09642 -0.07956 0.01160 0.05735 -0.16832 -0.33986 0.23324 0.20587 -0.14214 -0.12510 -0.17538 -0.22607 0.05388 -0.07953 -0.12472 0.24275 0.14221 -0.00334 0.13874 -0.19172 0.09046 -0.25139 0.24145 0.12916
-0.00009 -0.04078 -0.16210 0.10945 0.37855 0.23407 -0.06837 -0.42131 -0.08323 0.09420 0.45464 -0.14908 -0.12252 0.01939 -0.01756 0.36420 -0.37479 0.30183 -0.05220 0.17979 0.25658 -0.37722 -0.00441 0.09327 0.34207 0.04219 0.04284 -0.25496 -0.19990 0.08293 0.27574 0.00244 -0.31475 0.02602 0.17750 0.09567 0.14381 -0.02472 0.35617 -0.24850
-0.16873 0.24130 0.15905 -0.37872 -0.29670 0.18865 0.13261 -0.11985 -0.18188 0.09003 -0.20145 -0.31714 -0.03700 -0.41724 0.39631 0.18807 -0.37769 0.36931 0.37467 0.17590 0.38984 -0.39755 0.23869 -0.35518 0.02301 0.25968 -0.34486 0.35685 0.09823 -0.32211 0.12643 -0.27418 -0.37483 -0.27575 -0.20326 0.31510 0.28267 0.15663 0.33699 0.14487
0.23708 -0.16541 0.14381 -0.32552 0.33643 -0.39985 0.18454 0.41091 0.21461 -0.20960 0.26219 -0.33211 -0.32197 -0.34788 0.01268 0.07671 0.01472 0.23964 -0.38063 0.26369 -0.38098 0.41796 0.01544 -0.18631 0.13567 -0.29308 -0.05177 0.38151 -0.29543 -0.05928 -0.41258 -0.30842 -0.28350 0.08997 -0.28217 -0.30210 -0.17253 -0.22173 -0.07508 0.01186
0.00665 -0.22001 0.42458 0.47948 -0.08392 0.01025 0.38179 0.47170 0.23457 -0.03511 -0.07704 -0.10145 0.18307 0.32176 0.10055 0.32496 0.20939 0.35476 -0.05717 -0.36287 0.26388 -0.01764 -0.33460 -0.02988 -0.46862 0.24889 -0.39298 -0.50747 -0.24787 0.23248 0.06936 -0.49217 -0.34539 -0.00642 0.40031 -0.27416 -0.07432 0.25991 0.43251 0.41342
-0.06061 0.36378 0.26828 0.18427 0.23745 0.00195 -0.32183 -0.34387 0.21393 -0.24625 -0.31804 -0.10741 0.10392 0.33455 -0.03906 -0.23336 -0.18437 0.13907 0.33291 -0.15520 0.27630 -0.28114 0.02617 0.31816 0.02231 0.30805 -0.24049 -0.18569 0.33955 0.43473 -0.06160 0.47950 -0.15459 -0.41968 -0.09849 -0.06800 0.30785 0.08181 -0.22699 -0.44917
-0.35866 -0.40675 0.24666 -0.17174 -0.10602 -0.33559 -0.34238 -0.41289 0.06847 -0.31110 -0.22901 -0.11603 -0.33551 -0.38927 0.10144 -0.10122 -0.28970 0.00689 0.36103 -0.16045 -0.04806 -0.25442 0.04787 0.16675 -0.06994 0.33587 0.37494 0.28367 0.00941 0.18477 0.10767 -0.31892 0.26395 0.16224 -0.07752 0.25270 -0.12257 0.05907 0.04336 0.25918
0.17946 -0.11958 0.31436 -0.33354 -0.20349 -0.12106 0.20789 -0.03370 0.31304 -0.29995 -0.16178 -0.30215 0.18156 0.24669 -0.17917 -0.20240 -0.17469 -0.07013 -0.06713 0.02939 0.07213 -0.42385 -0.24585 0.16531 -0.29244 0.08786 -0.03517 0.21462 -0.26707 0.06075 -0.06392 -0.31733 0.02979 -0.13284 0.11028 -0.06210 0.12673 0.16713 -0.23621 0.07259
-0.07783 0.00621 0.34435 -0.19552 0.14648 0.02649 -0.04874 0.39050 0.08970 -0.38184 0.41217 0.32464 0.21104 0.08249 0.36285 -0.11154 -0.18721 -0.17024 0.20016 -0.16714 0.18654 -0.37772 0.20903 -0.16086 -0.14745 0.27634 0.10087 -0.12520 0.29807 -0.34693 -0.44374 -0.13254 0.34207 -0.41856 -0.10549 -0.25464 -0.25645 0.23807 -0.34533 -0.25058
0.29565 -0.35942 -0.09569 -0.21486 -0.37911 -0.17867 -0.32007 -0.09208 -0.13016 0.04780 -0.11823 -0.06823 -0.04704 0.18619 0.13567 0.12297 -0.21890 -0.17429 -0.02257 0.18798 -0.15153 -0.37300 -0.29033 -0.26473 -0.24721 -0.00573 0.09460 -0.27302 -0.20723 0.23042 -0.15457 0.23924 0.29443 -0.04537 0.15043 -0.21520 -0.27543 -0.08727 -0.11952 -0.02460
0.10698 -0.05504 0.23859 0.29170 -0.13379 0.05046 -0.03801 -0.25002 0.29326 -0.08950 -0.12278 -0.25933 0.08205 0.00839 -0.19305 0.19510 -0.16495 0.27707 0.11349 -0.39832 0.06777 -0.12252 0.05992 -0.00767 -0.11724 -0.01294 -0.31900 0.19317 0.29517 -0.10982 0.19515 0.11429 -0.19958 -0.04879 0.02600 0.11665 -0.05753 0.23256 -0.15577 -0.08060
-0.15232 -0.40802 -0.35218 -0.38210 -0.05155 0.03599 0.15157 -0.35216 0.20067 0.08057 -0.07254 0.16363 -0.16118 0.32934 -0.25927 0.02308 0.02998 -0.07977 0.08441 -0.35333 -0.00785 0.18143 0.01115 -0.33293 -0.24324 -0.12491 -0.10167 0.00182 0.30275 -0.20251 0.19242 -0.05249 0.33406 0.24082 0.10530 -0.20476 -0.16364 0.12597 -0.00884 0.38017
-0.13503 0.24186 -0.27089 0.13876 -0.16078 0.30935 0.15613 0.14455 -0.11293 0.12629 -0.23606 0.24589 -0.30037 0.09904 -0.12961 -0.06624 -0.00904 -0.17943 -0.48296 0.22924 0.03057 0.06314 -0.05577 0.16768 0.36486 0.05024 -0.38958 0.30354 0.39197 -0.23853 0.34726 0.13073 -0.34904 -0.40750 0.35753 0.44006 0.40740 -0.05732 -0.18279 0.28335
-0.09039 -0.00622 0.12686 0.07846 0.24062 0.31893 -0.14866 -0.44632 0.04326 -0.02373 0.22204 -0.29255 0.21701 0.31807 -0.05465 0.42821 -0.08661 0.17003 0.19258 0.00374 0.02381 -0.01676 0.07623 0.32754 -0.30434 -0.24524 -0.39605 0.13024 0.20025 -0.33787 -0.27825 0.04108 -0.18907 -0.25548 0.04664 0.35174 -0.14538 0.05272 -0.01121 0.07252
0.15095 0.06045 0.04088 -0.22032 0.34171 0.28616 -0.36713 -0.04776 0.15874 0.13707 -0.07800 0.04073 0.25945 0.39620 -0.40298 0.28727 0.13770 0.42455 -0.27835 -0.22018 -0.01130 0.16481 0.24712 0.19516 0.21829 0.04787 0.22731 0.12563 0.08840 0.04979 0.25577 0.35135 0.37831 0.11010 0.24680 0.15056 0.09992 -0.16062 -0.11603 -0.23195
0.46710 -0.32190 -0.15569 0.02529 -0.35809 0.19935 -0.26452 0.07446 0.30051 -0.38155 -0.03572 -0.44584 -0.06790 0.12910 0.28399 0.02517 0.11751 -0.24799 0.13236 0.01081 -0.35855 0.28556 0.27482 -0.25356 -0.31943 -0.28515 -0.35924 0.18882 -0.23898 0.10684 0.12228 -0.23060 0.21426 0.15108 0.04482 0.27373 -0.39796 0.40329 -0.09039 -0.33601
0.19228 -0.32367 -0.14755 0.01829 0.29992 -0.09128 0.18278 0.06104 0.16367 0.05884 0.03357 -0.24346 0.28052 0.30509 -0.05806 0.03161 0.15107 -0.31400 0.30079 0.23300 0.09028 0.17765 -0.00415 -0.39035 -0.15984 0.12891 0.08538 0.39410 -0.23632 -0.36860 -0.25375 0.35629 -0.05329 0.30198 -0.01087 0.28917 0.25310 0.11851 0.35484 0.18539
0.39171 -0.06233 0.08540 -0.20182 0.32950 -0.05841 -0.05054 -0.26384 0.01536 0.07581 -0.16943 0.17098 0.00514 0.04229 -0.25036 -0.30581 -0.06367 -0.04741 0.23306 0.18967 0.09720 -0.00570 0.01998 -0.30549 -0.20172 0.18693 -0.11577 0.18400 0.10790 -0.27795 0.18620 0.36691 -0.22344 0.30393 -0.13390 0.02789 0.12154 0.08269 0.05942 0.28073
-0.07464 -0.23544 -0.29868 0.14270 0.33816 0.22829 -0.06834 0.28785 -0.38256 -0.45946 -0.05693 0.27692 0.34927 0.25433 0.24353 -0.18809 0.06261 0.40366 -0.17547 -0.30621 0.19167 -0.32541 0.04771 0.00527 -0.09479 0.25125 -0.32810 -0.02716 0.39614 0.04728 0.23629 0.03679 0.37358 0.34270 -0.22970 -0.03011 -0.29167 -0.36292 -0.24768 -0.29884
0.31639 -0.27128 0.19505 0.22402 0.20297 0.33624 -0.11161 0.02590 0.08186 -0.07373 -0.06178 0.39146 -0.11871 0.21126 -0.24798 -0.02234 -0.21840 -0.04014 -0.17489 0.29734 -0.32787 0.31783 0.04288 0.12139 0.05040 0.30397 -0.28013 -0.15314 0.44704 0.28392 -0.14980 0.07316 0.13580 -0.20910 0.02449 0.38489 0.08032 0.24001 0.24896 -0.20860
0.00059 -0.35209 0.09556 0.24223 -0.18465 0.01076 0.13139 -0.22187 -0.14715 -0.15172 0.36358 0.33339 0.16318 -0.03295 -0.17045 -0.36142 0.17541 0.38645 -0.08667 0.06975 -0.12148 0.09713 -0.10958 -0.17401 0.01310 0.16022 0.13992 0.06295 0.38017 0.17801 -0.10421 -0.38243 -0.01053 0.29641 0.07411 0.11480 -0.18193 -0.02039 -0.08402 -0.05118
0.03254 0.19175 -0.45178 -0.27803 0.25976 -0.23301 -0.11810 -0.05391 -0.24696 -0.40505 0.16079 0.10477 0.18057 0.23327 0.39064 0.21904 0.23086 0.29255 -0.05469 -0.38725 -0.16831 -0.16697 0.08743 0.09910 -0.00263 -0.06993 -0.26819 0.13088 0.34063 0.16420 0.19941 0.32269 0.43233 -0.06666 0.05325 -0.17880 0.20362 -0.24993 -0.31209 -0.38687
0.33483 0.14941 0.13874 0.03159 -0.03597 -0.18059 0.19154 -0.41615 -0.04121 -0.05117 -0.24162 0.47121 0.04913 0.17196 0.17028 -0.41760 -0.12459 -0.04121 0.17457 -0.13252 0.33061 0.24641 0.23801 0.33598 0.40061 -0.30184 0.18109 -0.03859 -0.12181 -0.39261 0.34677 0.34541 -0.20787 0.18090 -0.18257 0.11359 0.31918 0.08063 0.20750 0.21771
0.09984 0.34628 0.05942 0.13325 0.38560 0.18037 -0.01482 -0.11492 -0.17783 -0.11138 0.26336 0.34387 -0.00787 -0.13359 0.25344 0.15334 0.19660 0.12584 0.43683 -0.19702 -0.08795 -0.12637 -0.33917 0.10753 -0.28620 0.33221 -0.31677 0.12493 0.35129 -0.04911 -0.17205 0.23497 -0.40728 0.08995 -0.32903 0.27303 0.15774 0.11026 -0.22917 0.01409
0.25045 -0.34315 0.15256 -0.05136 -0.34713 -0.38545 0.01871 -0.28110 0.28689 -0.36341 -0.41870 0.14227 0.27736 0.17366 -0.21626 -0.02846 0.42738 -0.21342 -0.23887 -0.26276 -0.29437 0.36671 -0.30162 0.38330 0.03118 0.08604 0.07819 0.10310 -0.32527 0.46893 -0.09126 -0.04962 0.06498 0.14349 -0.40069 -0.25534 -0.19626 -0.21871 0.36142 -0.17055
