0.08721 -0.15607 0.29375 -0.15913 0.02267 -0.03442 0.00646 0.38953 0.04029 -0.15765 0.23073 0.00995 -0.12773 0.08870 0.03377 -0.07316 -0.06858 0.04953 0.26498 0.12079 -0.17540 0.10123 0.07377 0.00041 0.09019 -0.10742 -0.06471 0.11506 0.11810 -0.07782 0.17642 0.00651 -0.13449 0.29502 -0.02723 0.00479 0.05441 -0.00280 -0.10543 -0.10566
0.08643 0.11916 -0.07179 0.05485 -0.00801 0.06530 -0.05136 -0.40539 0.03351 0.03737 -0.11714 -0.10111 0.13226 0.09385 0.02076 0.13208 0.22724 0.03583 -0.31146 -0.03427 0.24654 0.06080 0.03538 -0.23373 -0.07682 0.08236 0.06027 0.01663 0.03444 0.06978 -0.06095 -0.11099 0.05495 -0.15093 0.03151 -0.11878 -0.07074 -0.04602 0.14826 -0.04247
0.07445 -0.16580 0.26175 -0.20243 0.09656 -0.08808 -0.03756 0.48343 0.09319 -0.18048 0.20798 -0.06013 -0.12867 0.15100 0.17267 -0.13491 -0.11681 0.08850 0.22165 0.13623 -0.11125 0.02468 0.17159 0.05987 0.05389 -0.13972 -0.08037 0.03689 0.06734 -0.11520 0.11069 0.15492 -0.08674 0.30714 0.00392 0.05677 0.10815 0.10633 -0.19171 -0.15449
0.00944 -0.14516 0.21702 -0.11331 -0.01089 -0.08256 0.06290 0.31840 0.01305 -0.03990 0.16914 -0.00489 -0.11829 0.08990 0.05674 -0.06412 -0.02845 0.02201 0.14404 0.04722 -0.07237 0.06825 0.03763 -0.00838 0.12145 -0.09139 -0.01757 0.11986 0.04774 -0.08461 0.21457 -0.06866 -0.06029 0.31224 -0.06575 -0.11324 -0.04233 -0.06052 -0.01086 -0.04974
0.19903 -0.15094 0.26228 -0.12097 0.00265 -0.13907 -0.03908 0.31198 0.06104 -0.15345 0.23856 -0.06026 -0.11123 0.11887 0.03381 0.00126 -0.05160 0.08156 0.17049 0.16969 -0.05408 0.06145 0.18327 -0.02526 0.07524 -0.03502 -0.07975 0.14769 0.08788 -0.02043 0.12856 0.08813 -0.15998 0.25075 0.04176 -0.03995 0.01158 0.06175 -0.04247 -0.16473
0.15536 0.19651 -0.11109 0.01269 -0.06217 0.07436 -0.05018 -0.50702 0.03971 0.09287 -0.13149 -0.08879 0.17568 0.06468 0.02700 0.18962 0.30404 0.07714 -0.28113 0.03422 0.30211 0.07823 0.04754 -0.23559 -0.14905 0.11831 0.04623 0.02775 0.03230 0.14991 -0.06992 -0.10014 0.12153 -0.19282 0.10586 -0.11551 -0.04420 -0.01537 0.09324 -0.13260
-0.14921 0.04284 0.00998 0.25916 -0.07451 -0.08026 -0.11606 0.03260 0.01560 -0.14801 -0.20378 -0.22715 0.09651 0.07094 0.15235 0.14944 0.07355 -0.17633 -0.05380 -0.14639 0.23142 0.13614 -0.09944 0.03778 0.07693 0.08732 -0.01854 0.15031 -0.10946 0.00801 0.12779 -0.25503 -0.06675 -0.06099 -0.20682 -0.29623 -0.26296 -0.20591 0.29819 0.01713
-0.19095 0.07140 -0.00988 0.22947 -0.07936 -0.05649 -0.11314 0.09806 0.07073 -0.22656 -0.17026 -0.18972 0.11234 0.04819 0.22373 0.11633 0.11268 -0.12332 -0.02948 -0.17289 0.22425 0.13654 -0.07553 0.07973 0.09109 -0.01123 -0.09561 0.10568 -0.11276 -0.03685 0.10836 -0.18342 -0.02482 -0.02492 -0.20948 -0.26292 -0.24827 -0.24846 0.25143 0.01027
0.15736 -0.18607 0.32943 -0.19131 0.05233 -0.13682 -0.04745 0.47041 -0.00217 -0.24783 0.25931 -0.04871 -0.11108 0.19912 0.17856 -0.09004 -0.10076 0.07507 0.14897 0.23128 -0.17294 0.07013 0.21788 -0.01925 0.12965 -0.12191 -0.07699 0.07610 0.16640 -0.05458 0.18069 0.16446 -0.15575 0.30381 -0.04243 0.04052 0.03287 0.05370 -0.11686 -0.16620
0.18693 -0.26916 0.26578 -0.18729 0.13446 -0.14075 0.00348 0.35044 0.03509 -0.18058 0.22701 -0.09957 -0.13740 0.14618 0.02957 -0.10237 -0.13689 0.02315 0.11211 0.20381 -0.15705 0.09888 0.17207 -0.14065 0.12666 -0.04304 -0.01974 0.20879 0.11788 -0.02744 0.10277 0.02087 -0.24145 0.23330 -0.03881 -0.07313 0.04025 0.01589 -0.01365 -0.06642
0.18397 0.11499 -0.03620 0.03101 -0.01079 0.01103 -0.06331 -0.40926 0.02302 0.05615 -0.07860 -0.09167 0.11084 0.18025 0.00934 0.14950 0.21730 0.01886 -0.32951 0.04133 0.26939 0.03966 0.08182 -0.30037 -0.10150 0.15380 0.11832 0.08835 0.03796 0.12310 -0.02298 -0.14922 0.03536 -0.11937 0.04590 -0.14915 -0.07374 0.01672 0.15920 -0.08207
-0.18037 -0.07223 -0.32982 0.21189 0.13504 0.11980 -0.10210 -0.09742 0.06705 0.10062 -0.04236 0.05153 -0.00070 -0.11303 -0.11540 -0.03160 -0.03011 0.14629 0.04694 0.02362 -0.04501 -0.10011 -0.07484 0.05689 -0.15008 0.05543 0.08985 -0.23113 0.00446 0.13023 -0.20723 0.05416 0.19712 -0.01257 0.06818 0.23345 -0.08000 0.09154 0.00118 0.22693
0.08309 -0.15084 0.23305 -0.13698 0.00375 -0.07256 -0.02496 0.39919 0.07001 -0.20677 0.25201 0.02632 -0.09404 0.04635 0.13746 -0.06803 -0.09551 0.03268 0.23145 0.11747 -0.09265 0.09894 0.15473 0.05957 0.12549 -0.11527 -0.12646 0.08852 0.09800 -0.06023 0.12510 0.06970 -0.10149 0.27604 -0.03461 -0.00317 0.03452 -0.04216 -0.07061 -0.11353
0.12576 -0.15911 0.26950 0.03438 -0.03367 -0.15941 -0.02750 0.39628 0.04821 -0.14139 0.15905 -0.04384 -0.16982 0.15106 0.03758 -0.01541 -0.11490 0.01459 0.16453 0.08309 -0.05857 0.06630 0.13185 0.01259 0.05129 0.01912 -0.06776 0.23463 0.06714 -0.00410 0.19504 0.03155 -0.12218 0.18940 -0.12588 -0.14230 -0.08003 0.00255 0.12383 -0.11491
-0.18920 0.23826 -0.13544 0.01754 -0.09542 0.21373 0.03483 -0.11793 0.01522 0.04150 -0.13319 0.04860 0.19164 0.07210 0.09055 0.01928 0.17647 -0.01637 0.04007 -0.11559 0.08770 -0.06418 -0.13835 0.00706 -0.10707 -0.04897 0.00687 -0.13738 -0.00160 -0.05280 -0.00954 -0.18840 0.22928 -0.04228 -0.12737 0.05513 0.03437 0.06892 -0.12021 0.02294
-0.22361 0.22676 -0.19790 0.05014 0.05309 0.14126 0.13407 -0.24857 -0.17483 0.24162 -0.09756 -0.01711 0.03984 -0.20902 -0.11077 -0.14074 -0.03917 0.05481 -0.15660 0.08884 -0.17688 0.05253 -0.02244 0.06531 -0.05299 0.11179 0.17181 -0.17511 0.03617 0.08521 -0.08677 0.04194 0.17171 -0.17124 -0.12006 0.00483 -0.12089 0.00748 0.06771 0.23084
