-0.09490 -0.10802 0.22514 0.14786 -0.09639 -0.03394 0.02111 -0.23640 0.02702 0.16429 -0.16228 -0.00735 -0.16272 0.14412 0.16921 -0.26644 0.28712 -0.17474 0.05448 -0.26686 -0.07680 -0.14260 -0.00838 0.30137 -0.10203 -0.08423 -0.26159 -0.19737 -0.05245 -0.34066 -0.08326 0.10044 -0.10434 0.00465 -0.22146 0.00548 0.02224 -0.18525 -0.20779 -0.25410
-0.10018 -0.17066 -0.04922 0.00762 -0.11740 -0.20290 -0.06097 0.21792 0.17473 -0.20992 -0.20115 0.08459 0.25872 0.05907 0.04997 0.01892 0.13630 -0.05212 0.18738 -0.19951 0.16913 0.05288 0.05572 -0.15164 0.09886 -0.08230 0.13072 0.21705 0.07791 -0.07521 -0.13679 -0.18164 -0.27896 0.14322 -0.14176 -0.09295 -0.10592 0.06807 0.30415 -0.24141
-0.10828 0.11130 0.01201 -0.00883 0.07939 -0.28101 0.09137 0.12075 0.13566 -0.03911 -0.02760 -0.20711 -0.07846 -0.09629 -0.08568 0.13250 -0.07226 0.09811 -0.05456 -0.13669 0.01737 0.03628 -0.16091 0.10523 0.19216 0.08429 -0.13316 0.07734 -0.15467 -0.00082 -0.20513 0.03344 0.06282 0.24218 0.05533 -0.08846 0.01272 0.21757 0.12752 0.10191
0.10891 0.01081 0.23522 -0.07666 0.25440 0.16174 0.08027 0.08083 0.26463 0.05208 -0.27497 -0.17944 -0.00042 0.20789 -0.02935 0.29531 0.12338 -0.11000 -0.01593 -0.04483 0.24491 -0.17939 -0.22177 -0.23654 0.19705 -0.03065 0.08099 0.12613 -0.10425 -0.10527 -0.05439 -0.08783 -0.27152 0.20188 -0.13579 -0.19632 -0.02729 0.17996 0.16584 -0.18981
-0.05632 -0.09432 0.07834 0.00830 -0.26401 -0.14356 0.37006 0.22487 0.12791 0.01671 0.06912 0.28637 0.35741 -0.23041 -0.11485 -0.09800 -0.32004 -0.24752 0.12635 -0.02411 -0.07340 -0.12227 0.08868 -0.04542 -0.01893 0.13671 0.23466 -0.22827 -0.08083 0.18283 0.30746 0.20072 0.32951 -0.17072 -0.22588 0.29851 0.02518 -0.12140 -0.09555 0.20064
0.03566 0.17657 -0.05697 0.10056 -0.08716 0.13878 0.04208 -0.28070 0.05097 -0.01999 0.16416 0.31115 -0.20978 -0.04319 -0.16352 -0.03569 -0.04291 0.02284 -0.16988 -0.04586 -0.05416 0.03094 -0.13176 0.12857 0.08985 -0.02864 0.31427 -0.01712 -0.01801 -0.05914 0.18817 -0.04123 0.13647 0.03355 0.06462 -0.08482 -0.16203 -0.17076 -0.29334 -0.14252
-0.02893 0.02228 0.00051 -0.11369 0.09450 0.02962 0.08413 -0.36053 -0.11613 -0.05896 -0.04581 0.22641 -0.09781 -0.24449 -0.05312 -0.20600 0.11106 0.18842 -0.04192 0.06064 -0.26058 0.18528 -0.07017 0.05752 -0.18589 0.14231 0.26529 -0.18162 0.00820 -0.02683 0.14209 -0.16390 0.27187 0.14109 -0.13720 0.04921 -0.38243 -0.21467 -0.14863 0.12580
0.26819 -0.03317 0.19785 0.17020 -0.05602 0.07725 0.20353 -0.19122 -0.08066 -0.01471 0.09791 -0.11717 0.07996 -0.04859 0.13723 -0.09152 0.22749 -0.05157 0.02767 -0.20458 0.05984 0.09723 0.03020 0.29412 0.33348 -0.20928 -0.05976 -0.14870 0.05449 0.02085 0.03492 0.07225 -0.10235 -0.10105 -0.13251 -0.05139 -0.13624 -0.18830 0.18228 -0.01370
0.10321 0.01857 0.05432 0.26589 -0.13325 -0.15547 0.01737 -0.01103 -0.04630 0.12595 0.05218 0.23432 0.07946 -0.25383 -0.06680 -0.17897 -0.17012 -0.05857 0.10039 -0.18415 -0.20485 0.07858 -0.08201 0.22091 0.09984 0.05250 -0.06683 0.12884 -0.05865 -0.19602 0.03814 -0.11968 0.16170 -0.18756 0.18189 0.06636 -0.21996 0.12780 0.23411 0.04132
-0.07036 0.19594 0.07146 0.01459 -0.16432 0.05501 -0.10036 0.31423 -0.20175 -0.12195 -0.16266 -0.17047 -0.34716 -0.30550 -0.02643 -0.05983 0.24025 0.05930 -0.23576 0.16644 0.19655 -0.18258 -0.20631 -0.03286 -0.12352 0.15273 -0.04304 0.18998 -0.12334 -0.15873 -0.32814 -0.14259 0.04561 0.04774 0.14853 0.16028 0.33052 -0.00870 -0.08803 0.22432
0.27448 0.03491 0.23824 0.10973 -0.09013 0.10092 -0.13127 0.17348 0.10555 -0.06530 0.15234 -0.26296 0.01056 -0.10639 -0.18067 0.32744 -0.09520 -0.24860 0.15398 -0.27314 0.05730 -0.19883 0.10313 0.13557 0.32329 0.15331 0.01653 0.22390 -0.24927 0.01532 0.07748 -0.28456 -0.24512 -0.01681 0.02384 -0.15753 -0.28427 -0.12916 0.19994 0.10929
0.12714 -0.18463 -0.08082 0.04683 0.03589 -0.11442 0.26118 0.06813 -0.06656 -0.12807 -0.21456 0.07677 0.11355 -0.13194 -0.25494 -0.12421 -0.15477 0.15912 -0.15600 -0.09648 0.05651 0.17196 -0.12232 -0.17708 0.19531 0.06155 0.05845 0.04915 0.19799 0.14827 0.05755 -0.12073 0.10279 0.19236 0.10384 0.00019 0.05179 -0.06629 0.08611 0.12177
-0.08315 -0.03174 -0.11562 -0.04619 0.10488 -0.04412 0.25804 0.23717 0.20589 -0.11408 -0.07226 -0.09474 -0.15872 0.05554 -0.37383 -0.11174 0.11707 -0.01614 0.06028 -0.12994 0.05065 -0.14879 -0.03935 -0.13194 0.38249 0.16272 -0.02945 -0.15887 -0.00574 -0.07285 0.06124 0.00859 -0.01556 0.03425 0.32356 0.02576 0.37031 0.11142 -0.01242 -0.06860
-0.06362 -0.06832 0.16428 -0.17952 0.30745 -0.25923 -0.20715 0.06168 0.30435 -0.01541 -0.18540 -0.10988 0.11604 -0.23837 0.02623 0.08102 0.21849 -0.04381 0.02915 -0.19207 0.14028 0.21122 -0.17023 -0.01348 0.19434 0.14096 0.12307 -0.00121 -0.13267 0.04224 -0.21365 0.17614 -0.33369 0.19587 0.19229 -0.12123 0.25681 0.01770 0.23578 -0.07473
-0.10132 -0.07934 0.25344 0.16340 -0.06849 0.02482 -0.14146 -0.27265 -0.06920 0.03555 -0.28753 0.01927 -0.21419 0.14937 0.20054 -0.21512 0.27232 -0.16590 -0.03418 -0.21079 0.06752 -0.07069 0.08423 0.25307 -0.02974 -0.16620 -0.31853 -0.17867 -0.01638 -0.36524 -0.10703 0.00747 -0.05958 -0.07407 -0.12882 0.02075 0.13021 -0.19916 -0.22093 -0.19338
0.25577 0.19499 0.03131 -0.11865 -0.00991 0.16652 -0.27613 0.10266 0.18955 0.07851 0.07140 0.03076 0.13614 0.12221 -0.06631 -0.10107 -0.03109 -0.05347 0.03109 0.11380 -0.13370 -0.02213 0.28254 0.17256 0.25032 -0.07113 -0.15652 -0.07761 -0.15372 0.15835 0.01773 0.11198 0.08098 -0.28866 0.00538 -0.23119 0.28239 -0.20387 -0.22774 0.06131
0.24349 0.05192 0.01652 0.06088 0.15954 -0.12524 0.14293 -0.09125 0.02061 0.00715 0.08825 -0.01595 -0.01387 0.06671 0.08844 -0.00538 0.07107 0.02846 -0.05347 -0.04359 -0.05831 0.23904 0.10568 0.14657 -0.03306 -0.19252 -0.08375 -0.07318 0.11834 -0.17392 -0.11909 -0.10251 -0.05947 -0.01390 -0.17657 0.06515 -0.15022 -0.16635 0.12523 0.19893
0.09057 -0.11909 -0.13674 -0.23237 -0.01584 -0.11331 0.01594 -0.07309 0.21062 -0.13525 -0.27954 -0.21704 0.13603 0.06370 -0.16302 0.04795 -0.16333 0.17930 -0.18741 0.15527 0.06980 -0.09495 -0.08791 -0.05356 -0.20510 0.07263 0.10786 0.10064 -0.04659 0.02477 -0.16301 -0.02761 -0.02404 0.15709 0.08934 -0.10809 -0.00502 0.07535 0.18463 -0.20522
-0.12446 -0.01862 -0.01460 0.12207 -0.12036 0.01885 0.21564 -0.02986 -0.10982 -0.25493 -0.10458 -0.23360 -0.07746 -0.11991 0.17334 -0.00107 -0.21911 0.03125 -0.16521 -0.03613 -0.04303 -0.25020 -0.11455 -0.01888 -0.03261 -0.14827 0.21756 -0.03069 0.31428 0.25141 -0.00674 0.01028 -0.17154 0.10845 -0.10321 0.02077 0.06846 0.01170 0.35274 0.13397
0.28843 -0.22614 0.18888 0.16473 -0.16934 0.01365 -0.08916 -0.00351 0.03930 0.11451 0.13838 -0.06825 0.04031 0.17192 0.17381 0.03398 0.07783 0.12723 0.23174 -0.03107 -0.03855 0.18862 0.09034 0.22969 0.00319 -0.22494 0.01746 0.13350 -0.00017 -0.14599 0.23938 -0.05530 0.05148 0.13502 -0.08906 -0.13540 -0.17390 -0.00849 0.16183 0.05559
0.12373 0.09926 0.14150 0.21807 0.25426 0.02281 -0.16341 0.10944 -0.17870 0.05220 -0.06176 -0.06816 0.07956 -0.32787 -0.09688 0.01831 0.08594 -0.13785 -0.00750 0.30082 -0.22754 0.06449 0.07692 -0.12631 0.27676 0.17748 0.35944 0.21308 0.05332 0.18481 0.00118 -0.18271 -0.02533 -0.00017 -0.25738 -0.04243 0.16351 -0.01793 0.03220 0.22658
0.01711 0.08782 0.02321 -0.12462 -0.01873 -0.10131 0.31773 0.27226 -0.17860 -0.07394 0.06123 -0.02591 0.25506 -0.07547 -0.27434 0.19156 0.00095 0.00685 -0.15511 0.06838 0.08755 -0.03798 -0.28518 -0.13681 0.10017 -0.26570 -0.28837 0.09511 0.04067 0.14163 0.08270 0.11994 -0.02793 -0.00117 -0.22813 -0.26637 -0.04875 0.03335 0.19316 -0.06798
0.16106 0.18814 -0.20233 0.02501 -0.06646 0.26742 0.08782 -0.19947 0.13171 -0.24065 0.25740 0.09657 -0.23173 -0.10851 -0.00377 0.01388 -0.16123 0.09592 0.09922 0.13399 -0.01228 0.16446 0.08274 0.26975 -0.10859 -0.22628 0.21912 -0.23684 -0.09193 0.02915 0.11584 0.00794 0.11491 -0.02663 -0.03737 -0.00466 -0.21653 -0.15993 -0.19609 -0.03279
0.06515 -0.12224 -0.07949 -0.16872 -0.11408 -0.10704 0.01178 0.21186 -0.29172 0.03850 0.22836 0.11249 0.17111 0.04272 0.16257 0.19715 -0.00886 -0.06118 0.29282 -0.07957 0.11771 0.07373 -0.14365 0.03054 -0.25332 0.18346 0.13827 -0.03477 0.14002 -0.16810 0.05898 0.06415 0.19823 0.10699 0.06394 -0.16355 -0.17799 0.04933 -0.00549 -0.13502
-0.06830 -0.07363 -0.18281 -0.34102 -0.11315 -0.23719 -0.03747 0.16530 0.07498 -0.15880 0.03170 0.03940 -0.14670 -0.30041 0.29144 -0.15729 -0.00404 0.27487 0.06194 0.09794 0.07397 -0.18354 0.25278 0.19384 -0.12273 -0.14437 -0.05680 0.16126 0.09754 0.04026 -0.24608 0.32331 0.00042 -0.31711 0.21832 -0.16367 0.10433 0.20017 -0.18842 -0.11624
-0.01252 -0.14420 0.06684 -0.07736 0.21744 -0.07523 -0.01068 0.05201 -0.13205 0.12106 -0.06763 -0.11704 0.04341 -0.31400 -0.16399 0.03599 -0.04690 -0.17156 -0.20777 -0.06975 -0.25883 0.01904 -0.09498 -0.09989 0.31351 0.24141 0.36514 0.10798 0.03450 0.24378 0.23831 -0.26965 -0.21214 0.17055 -0.03800 0.09791 0.34203 -0.07383 -0.06184 -0.07069
0.09087 -0.01973 -0.25215 -0.15348 -0.06172 -0.17308 0.02193 0.29920 -0.19418 0.07876 0.26398 0.03496 0.00506 0.07915 0.12722 0.19076 0.02060 0.06840 0.31648 -0.14262 0.14455 0.10015 -0.10291 -0.05296 -0.29566 0.29129 0.06015 0.01415 0.18196 -0.07929 0.14560 0.15903 0.01137 0.06360 0.02062 -0.06009 -0.13321 -0.03942 -0.12479 -0.19012
-0.10170 0.16161 0.04663 0.03273 0.20148 0.04693 0.17387 0.28959 0.35919 -0.12080 -0.17609 0.19066 0.05769 0.05599 -0.24395 -0.01983 -0.16423 0.16435 -0.07139 -0.21308 0.18606 -0.01704 0.01219 -0.07883 -0.01277 0.00128 0.17564 -0.05508 -0.14105 0.19672 0.13410 -0.02770 -0.01111 0.07597 0.01467 0.17142 0.25237 0.06865 0.03414 0.13513
-0.14323 -0.17108 0.15173 -0.10309 0.04474 -0.13289 0.14136 0.32071 0.05126 -0.10369 -0.02804 0.00381 0.13918 -0.08933 -0.25062 0.20025 -0.08514 -0.12423 -0.35709 -0.14718 0.19104 -0.16203 0.08536 -0.06356 0.07829 0.11350 0.05887 0.11394 0.17374 0.04329 -0.02214 -0.12537 -0.00981 0.16592 0.23978 -0.11661 0.17432 0.16778 -0.11118 0.15805
0.04527 0.06271 0.04187 -0.08153 -0.04315 -0.14446 0.02130 -0.02846 0.07308 -0.15289 -0.27982 -0.00730 0.01316 -0.07388 -0.03325 -0.08740 0.08328 -0.03503 0.02411 -0.03612 -0.02097 0.06456 -0.01496 -0.13735 -0.17808 -0.09471 -0.04248 0.22337 -0.00284 -0.06253 0.09065 -0.11983 -0.08438 0.15556 0.04895 -0.00912 0.09743 0.06280 0.13258 -0.04042
-0.10179 -0.15387 0.13591 -0.09005 -0.10636 -0.13327 -0.04928 -0.03927 -0.08565 -0.05437 0.10276 0.18353 0.01262 -0.21674 -0.36100 -0.03194 0.14250 -0.17607 -0.01045 -0.05317 -0.01749 -0.00213 -0.14644 0.04415 0.06678 0.23776 0.11819 -0.06733 -0.02401 0.10090 -0.11060 -0.14738 0.18148 0.09635 0.18993 -0.19442 0.02674 0.32655 0.15815 0.15619
0.03976 -0.01974 0.02235 -0.15047 0.16635 -0.27606 0.15503 0.07488 -0.02322 -0.11011 -0.16141 -0.12601 -0.17105 -0.01583 -0.05463 -0.05938 0.01811 0.16141 0.02216 -0.27890 0.18591 -0.06496 0.05634 -0.10137 0.26859 -0.08184 -0.02237 -0.13652 0.18807 0.25103 -0.03546 0.02087 -0.10593 0.29014 -0.04127 0.12856 0.03522 0.22067 -0.06119 -0.17444
0.23799 -0.29711 0.25047 0.19190 0.28456 -0.12767 0.27236 0.18001 0.34616 0.02228 -0.27266 -0.29245 0.01487 0.05370 -0.34563 0.31945 0.24384 -0.12221 0.11085 -0.03274 0.02301 -0.21648 0.00122 -0.09093 0.15375 0.26013 -0.25651 0.14378 0.00897 -0.07821 -0.01289 -0.11704 -0.32901 0.08028 -0.16879 -0.27829 0.15164 0.09323 -0.08533 -0.12248
-0.12563 0.01842 -0.21257 -0.00380 0.29985 -0.12487 0.06530 0.10862 -0.08530 -0.04901 -0.07751 -0.06640 -0.04700 -0.02701 -0.20319 0.10245 -0.06913 -0.15355 -0.15269 0.05526 0.13309 0.22383 -0.14763 -0.08798 0.12878 0.04027 -0.00115 -0.08328 -0.03376 -0.00716 -0.15402 -0.14170 -0.30791 -0.05018 -0.10630 0.01932 0.02271 0.04531 0.28600 -0.10957
-0.00898 -0.02590 -0.11973 -0.10079 -0.10255 0.21976 0.22652 0.06661 0.03678 0.19330 0.13127 -0.15123 -0.00600 0.24588 -0.01493 -0.06979 -0.08327 0.04377 0.11393 0.07110 0.07822 0.06192 0.01132 -0.11773 -0.16392 0.10168 0.01077 -0.16973 -0.15936 0.23605 0.02794 -0.00869 0.24233 0.16433 0.08812 0.00574 -0.12245 -0.14013 -0.13814 0.03147
0.27135 0.39706 0.10605 0.05406 -0.04691 0.17746 -0.05214 0.04828 -0.13681 0.27953 0.17350 0.33732 -0.18617 -0.28113 -0.03130 0.15223 -0.20602 -0.31214 -0.39292 0.02119 -0.29752 -0.27545 -0.14178 -0.40319 -0.06356 -0.21743 -0.11575 0.10900 -0.10405 0.08435 0.15076 0.06175 -0.06014 0.17934 0.24206 -0.15608 -0.25222 -0.16438 0.14160 0.01652
-0.01193 0.08711 -0.04393 -0.24919 0.06915 0.04969 -0.12193 0.20914 0.14176 -0.02341 -0.10170 0.12914 -0.02711 -0.13300 0.24506 0.18464 0.22046 0.04761 0.03832 -0.24801 -0.05424 -0.15540 0.13574 -0.00792 -0.15995 -0.15205 0.13564 0.05237 -0.00877 0.10717 0.06165 0.01155 -0.13373 -0.13510 0.07531 -0.03836 0.17392 0.24473 0.07638 -0.09161
-0.20467 -0.22994 0.23903 -0.14738 -0.13262 -0.23886 -0.03937 0.19753 0.06000 -0.05266 0.16791 0.05801 -0.03029 0.19509 0.29148 0.17794 0.10654 -0.13276 -0.03035 0.33944 0.20995 0.21385 -0.25702 0.32632 0.30996 -0.32234 0.47015 -0.05292 -0.01706 0.26967 -0.18895 -0.28279 -0.09732 -0.31054 0.21513 -0.30672 -0.37260 0.24483 -0.25157 0.33124
-0.12876 0.10596 0.03570 -0.17742 -0.00306 -0.06264 -0.01838 -0.05239 0.23402 -0.23734 -0.23905 -0.08082 0.05817 -0.22542 0.10171 0.19773 -0.19739 0.18063 -0.04698 -0.05424 0.07483 -0.06733 -0.03437 -0.22796 -0.15849 -0.09833 -0.20906 -0.09616 -0.07594 0.12749 -0.11380 0.36895 -0.11964 -0.03962 0.17446 0.22138 0.09650 -0.06571 0.02699 0.03853
-0.24290 -0.05641 0.15539 -0.17513 -0.12256 0.02490 -0.07073 0.09298 0.18165 -0.09883 -0.17274 -0.07830 0.09925 -0.26401 -0.11857 0.04763 -0.03943 0.20065 -0.10838 -0.03858 -0.06416 -0.24659 -0.27702 0.03950 0.31012 -0.08531 0.04541 0.11905 -0.11805 0.25314 0.10487 0.09272 0.03296 0.09100 -0.09683 -0.20318 0.16185 -0.11942 0.21126 0.09444
-0.00967 -0.07318 -0.13543 -0.14918 -0.03660 -0.03163 -0.01559 0.18750 0.25076 -0.19605 -0.12471 -0.14203 0.11911 -0.12513 -0.13385 0.07092 0.14919 0.06439 -0.23489 0.00989 0.27176 -0.12622 0.12295 -0.28879 -0.06371 0.13120 0.05203 0.12799 0.20151 0.04719 0.02372 0.12386 -0.11733 -0.07254 0.14036 -0.22457 0.22844 0.09264 0.10372 -0.00377
0.27942 -0.18620 -0.00944 -0.12127 0.24162 0.10153 -0.06830 -0.17387 -0.10578 -0.10596 0.26659 -0.05936 -0.17311 0.05440 -0.05331 -0.23235 -0.01153 0.04923 -0.02611 -0.18645 -0.07311 0.29386 0.12393 0.02677 0.01362 -0.16626 0.18150 -0.14864 0.13438 -0.10479 0.03874 -0.12023 -0.10013 0.05288 0.16138 -0.16520 0.11913 -0.03471 0.03206 0.03313
0.20945 -0.03186 0.12131 -0.03202 -0.07549 -0.06496 0.15696 0.07698 -0.18326 -0.05723 0.19487 -0.10905 0.08874 -0.00911 0.10104 -0.15224 0.12793 -0.01024 0.06188 -0.16075 0.07797 0.07264 0.15486 0.21287 0.01644 -0.00394 -0.13969 -0.11812 0.04365 0.09837 0.13900 0.05728 -0.06067 -0.14136 -0.07125 0.04708 -0.11688 -0.09941 0.16427 -0.02600
0.26205 0.09085 0.11136 0.13176 0.29108 -0.10538 -0.07470 -0.01841 -0.02954 0.16473 0.04023 -0.07211 0.02325 0.00699 -0.15218 -0.17176 0.15842 -0.05729 0.12978 -0.20294 -0.05400 0.30482 -0.00458 0.14760 0.13252 0.15520 0.07086 0.01187 0.03000 -0.27389 -0.06000 -0.03293 -0.11396 -0.28416 -0.06928 0.03503 -0.14206 -0.11573 0.17707 0.09186
-0.04481 0.27585 -0.01004 0.08136 -0.17973 0.15985 0.06695 -0.30766 0.10579 -0.16894 0.20303 0.10127 -0.10521 -0.24797 0.05128 0.10947 -0.01941 0.28832 -0.03726 0.11534 -0.10463 0.08436 -0.05004 -0.05012 -0.12413 -0.12783 0.26358 -0.23431 0.08950 0.16396 0.13231 0.15354 0.09103 -0.08195 -0.09161 -0.14543 -0.07603 -0.27414 -0.18673 -0.01507
0.02325 -0.05886 0.06617 0.01507 0.10902 -0.06376 -0.07182 -0.14139 0.34932 0.06653 -0.03045 0.11985 0.19682 -0.19573 -0.17089 -0.16553 0.18747 -0.10652 -0.18867 -0.22738 0.11616 0.00488 -0.02119 0.10186 -0.02968 -0.14929 0.12433 -0.16105 -0.12480 -0.07204 -0.09643 -0.07939 0.00392 0.21901 -0.10244 -0.13268 0.09476 -0.13622 0.15059 -0.19694
0.04821 -0.01057 -0.08463 -0.12077 -0.04830 0.12924 0.13031 0.13983 0.13375 -0.01617 -0.24120 -0.12892 0.08151 0.01543 -0.04714 0.15036 -0.16582 -0.25355 -0.20545 -0.06036 0.16114 -0.27220 0.17115 -0.07201 0.01873 -0.13573 0.11101 0.00670 0.04364 -0.01133 -0.15782 -0.15281 -0.22266 -0.04047 -0.04803 -0.02976 0.08328 -0.11065 0.13042 -0.06869
0.13595 -0.03012 0.13481 0.10208 -0.04036 -0.17259 0.11305 0.21279 0.16589 -0.09254 -0.16938 0.16759 -0.07495 0.13733 -0.07055 -0.06276 -0.00425 0.07574 -0.24043 -0.11816 -0.02297 -0.03233 -0.12930 -0.24612 -0.02004 0.09358 0.01134 -0.18282 0.14057 0.17985 0.17300 -0.15759 0.04365 0.18956 0.23924 -0.10876 0.00806 0.06847 -0.03747 0.13369
-0.13138 0.08965 -0.12872 -0.09971 -0.17657 0.22057 0.27015 0.20546 0.10503 0.23916 0.29073 0.03719 0.02774 0.34517 -0.04443 -0.08696 0.06033 -0.05888 0.08106 -0.04288 0.11464 0.26334 0.04542 -0.28590 -0.00263 0.27747 -0.04518 -0.09315 -0.19245 0.20792 0.00517 -0.02187 0.27659 0.15436 0.15608 -0.15530 -0.15559 -0.00685 -0.34411 -0.07430
0.05710 -0.09541 -0.10183 -0.07528 -0.07922 0.24140 0.19201 0.03308 0.00925 0.24444 0.18412 -0.16689 0.01967 0.21438 -0.02503 -0.15454 0.01273 0.11681 0.09324 0.07058 0.00431 -0.02091 0.16056 -0.16506 -0.19389 0.00774 0.07261 -0.12949 -0.05082 0.20429 0.00388 0.02360 0.20280 0.11804 -0.01930 -0.14843 -0.08774 -0.23435 -0.20629 -0.02500
-0.25734 -0.10027 0.06165 -0.17159 0.00992 -0.10441 -0.11338 -0.02657 -0.07709 0.25176 -0.19733 -0.34129 0.00093 0.14444 -0.33178 0.03606 -0.08089 0.09954 -0.27731 -0.17781 0.12076 0.00571 -0.15354 0.16432 0.00477 0.08921 -0.20939 0.08678 0.24324 0.23909 0.14480 0.21772 -0.15149 0.12055 0.35041 0.36605 0.06667 -0.05010 -0.10641 -0.20488
-0.17149 -0.00763 -0.05432 0.04267 -0.19050 -0.14261 -0.03916 0.07154 0.17872 0.01279 -0.02269 -0.02806 0.06871 0.27287 0.24241 0.00735 -0.15068 -0.02065 0.22176 0.18410 0.24774 -0.19098 0.01901 0.16194 -0.08125 -0.04595 -0.15017 0.05805 0.14807 -0.18901 0.04337 -0.18628 -0.05362 0.15284 -0.05449 -0.06465 0.22852 0.14082 0.12769 -0.12598
-0.10895 0.01527 0.23271 -0.02851 0.08556 0.05165 0.08731 -0.26580 0.06403 -0.24981 0.14038 -0.27512 -0.25765 -0.30349 -0.18790 0.19555 -0.15694 -0.02756 -0.09995 0.16654 -0.11424 -0.10380 -0.16204 0.23448 -0.09164 0.25124 -0.19265 -0.12135 0.32630 0.31604 0.24510 -0.03801 0.07461 -0.18239 -0.10692 -0.11798 0.01101 0.07697 0.05338 -0.03049
0.04803 -0.09842 -0.01112 0.13744 0.19611 0.05667 -0.03998 0.23178 -0.27564 0.12711 -0.04093 -0.07555 -0.09023 -0.32159 -0.16084 0.15317 -0.14843 -0.05251 -0.02804 0.12520 -0.11057 0.10865 -0.09517 -0.06933 0.33796 0.13509 0.26423 0.03844 0.03073 0.23468 0.17970 -0.26416 -0.10020 -0.02534 -0.19606 -0.10713 0.19968 -0.19195 -0.03552 0.03545
-0.09049 0.03966 0.02696 0.20603 -0.05585 0.21769 0.05627 -0.30407 -0.07438 -0.13379 0.12794 0.22604 -0.02297 -0.12956 -0.16230 0.13194 -0.17599 0.19947 -0.11126 0.15183 -0.00651 0.16877 -0.07400 0.21174 -0.04230 0.01152 0.22561 -0.14356 0.02029 0.10210 0.07266 0.10375 0.01131 0.01599 -0.02860 -0.11182 -0.14087 -0.19949 -0.11308 0.05692
-0.15787 -0.14899 -0.00012 -0.01110 0.05090 0.21002 0.18988 0.35412 0.14214 -0.17389 -0.22290 0.00818 -0.03109 -0.31892 -0.16834 -0.06951 0.29185 -0.10757 -0.12102 0.10671 0.29290 0.14576 -0.14382 -0.14550 0.25898 -0.01332 0.15986 -0.13410 -0.24911 0.21608 0.11955 0.15196 -0.10353 0.10794 0.10050 0.05990 0.17812 0.04139 -0.06813 0.03922
0.20816 -0.02896 0.01030 0.15209 0.11702 0.13908 0.18182 0.27349 0.05051 -0.10281 0.09739 0.01011 -0.06366 0.00934 -0.15098 0.00654 0.32362 0.12286 0.21417 -0.05088 0.23818 0.02166 0.22732 -0.07350 -0.06345 -0.24815 -0.10097 0.02707 0.12625 -0.14477 -0.06774 -0.00095 0.01545 0.15939 -0.13412 -0.00783 0.09928 -0.17113 0.06582 -0.14629
-0.14315 -0.07638 -0.03087 0.09712 0.12099 0.00358 -0.24657 -0.07094 0.08259 -0.05217 0.11048 -0.03504 -0.32027 0.19940 0.08766 -0.20592 -0.02852 -0.09126 -0.16408 0.11585 -0.27602 0.10766 0.11086 -0.09265 -0.14446 0.11459 -0.08416 -0.04317 -0.28116 -0.03156 0.10735 -0.11368 0.07119 -0.26444 -0.13421 0.13913 -0.02147 0.14134 0.02209 -0.00968
0.18578 -0.07357 0.08522 0.09189 -0.09323 -0.24335 0.06263 -0.17753 0.00102 0.13782 0.13095 -0.02889 0.08320 -0.11917 0.18105 -0.05017 0.12575 -0.00395 0.09866 0.06103 0.04279 0.11310 0.16885 0.08256 -0.09517 -0.02653 -0.15431 0.02226 -0.12934 -0.15405 0.17679 0.07406 -0.18391 0.07607 -0.20350 0.11824 -0.06322 -0.09867 0.19860 0.25798
0.20752 -0.37506 0.27061 0.17673 0.05460 0.19065 0.19950 -0.25135 -0.02624 -0.07362 0.12556 -0.09367 -0.18273 -0.14746 0.11681 0.13301 0.00434 -0.12884 -0.16276 -0.36027 0.00587 -0.09035 0.05219 0.14281 0.35003 0.22298 0.04668 0.09853 0.07680 0.12554 0.06242 -0.22128 -0.28382 -0.24512 -0.06082 0.24818 0.20561 0.02526 0.23208 0.21683
0.13292 0.01411 0.12534 0.06632 0.12004 -0.15543 0.12825 -0.19406 0.11468 0.09833 0.06067 -0.03532 -0.06413 -0.03743 -0.02629 -0.19228 0.12264 -0.04875 0.07435 -0.10957 -0.06919 0.38839 -0.02621 0.10246 0.08600 -0.05017 -0.04122 0.03351 -0.11461 -0.20578 0.10980 -0.04369 -0.12497 -0.11115 -0.10823 -0.06965 -0.02970 0.01827 -0.02654 0.11316
-0.14149 0.09739 0.08028 -0.10542 -0.04820 -0.15165 0.07771 -0.12116 0.15882 -0.22719 -0.35027 -0.14960 -0.20028 0.12839 -0.28145 0.12852 0.20886 0.19104 -0.02100 0.11551 -0.08013 0.11945 -0.29589 -0.38109 -0.05218 0.25827 -0.05035 0.14506 -0.16994 0.22146 -0.06870 -0.09271 -0.18815 -0.05716 -0.13437 -0.07869 0.04295 -0.06645 -0.00424 0.06938
0.18464 -0.10136 0.02493 0.08880 0.10990 -0.16809 -0.06623 -0.06537 0.10391 0.07189 0.00310 -0.03509 0.03579 0.20230 0.04339 0.07641 0.13102 0.10801 0.07357 -0.06043 -0.08263 0.24596 0.04104 -0.02148 0.06743 -0.21323 -0.00269 -0.00410 0.01366 -0.18446 0.02087 -0.04282 0.06142 0.15723 -0.09827 -0.02181 -0.14727 -0.14716 0.03534 0.07640
0.36554 0.25712 0.15330 -0.20224 0.13237 0.20285 -0.30649 0.08417 0.24793 0.23524 0.12947 0.02168 0.06337 0.19714 -0.03036 0.00242 0.00845 -0.14715 -0.07448 0.12836 -0.02884 0.11225 0.31345 0.08347 0.17265 -0.03688 0.03984 -0.09015 -0.19045 0.03237 0.18233 0.10774 -0.09348 -0.31079 -0.13088 -0.25560 0.29207 -0.17338 -0.35607 -0.02297
0.04272 -0.07341 -0.23896 -0.01087 0.16488 0.02745 0.16272 0.31365 0.14205 -0.08667 -0.32617 0.00006 -0.13207 0.10585 0.10862 -0.04897 -0.00922 0.21990 -0.13188 -0.12990 -0.03038 -0.06289 -0.05529 -0.28490 0.24524 -0.04387 0.16544 -0.04468 -0.16490 0.12524 -0.26963 -0.23337 -0.18587 -0.13986 -0.11849 -0.00077 -0.16245 -0.21865 -0.02174 0.13695
0.10171 0.14210 0.15728 0.10946 0.07790 0.03123 0.05171 -0.15242 -0.04662 -0.19362 0.13903 -0.13880 -0.26501 0.19675 -0.17079 0.08428 0.11518 0.15828 -0.08028 -0.18313 -0.05580 0.12339 -0.02128 0.11378 -0.08649 -0.10147 -0.22257 -0.06102 -0.21439 -0.20887 0.09759 -0.14147 -0.07298 -0.20814 -0.12776 0.10083 -0.22945 -0.00341 0.13900 -0.01093
-0.26747 -0.21439 -0.00575 -0.02364 0.14039 0.11751 0.19297 0.23800 0.22002 -0.08042 -0.12920 0.03656 -0.01510 -0.08121 -0.28730 0.02112 0.20025 -0.07325 -0.18852 -0.02983 0.20555 0.11205 0.14088 -0.04570 -0.15516 0.01873 0.03880 0.05747 0.24882 0.05430 -0.10166 0.13856 -0.24769 0.02975 0.03887 0.15477 -0.02093 0.34094 0.24314 0.08574
0.17123 0.00820 0.17508 0.07534 -0.23160 -0.10610 0.02600 0.09128 0.10716 0.00307 0.05706 0.04935 -0.01533 0.26218 -0.12342 0.07932 0.18623 -0.07951 0.00880 -0.05461 -0.33425 0.24045 0.01269 0.12233 -0.06727 -0.08819 -0.30039 -0.16814 0.05076 -0.15165 -0.10506 -0.21008 -0.03959 -0.15664 -0.04886 0.14629 -0.10808 0.02260 0.03941 0.15991
