-0.20914 -0.17361 0.25525 0.04111 -0.08513 0.09164 0.26214 0.13651 0.11040 0.05452 -0.39919 -0.05143 0.04156 0.02110 0.07247 -0.22180 -0.05721 0.42790 0.00153 0.21683 -0.07163 -0.19028 0.10949 -0.06775 -0.16242 -0.06918 0.01589 -0.05182 -0.22451 -0.10941 0.09002 0.02454 -0.29622 -0.00194 0.00197 -0.07564 -0.05042 -0.13149 0.15377 -0.19788
0.05951 0.05042 -0.18235 0.04237 0.01350 0.15844 -0.11007 -0.05712 0.25323 -0.12544 0.09917 0.09068 -0.18742 -0.17668 0.13422 -0.01124 -0.19248 0.02545 -0.09648 -0.08184 0.23963 -0.14246 0.00596 -0.27188 0.04195 0.10183 -0.10872 -0.32991 0.20813 -0.22721 0.20465 0.12324 0.11522 -0.45634 -0.28296 0.17646 0.13038 -0.10233 -0.09661 0.32911
-0.02259 0.00694 -0.25230 0.14737 -0.00629 0.22371 -0.05226 0.00828 -0.13755 0.24017 0.05193 0.12737 -0.17064 0.02661 -0.14222 -0.14239 -0.06004 -0.12026 0.06158 0.15131 0.08697 0.09670 -0.12557 0.17123 -0.18268 0.07565 -0.22004 0.05437 0.20307 -0.26086 -0.07910 0.14258 0.17484 0.06774 0.03120 -0.13968 0.09518 -0.04133 0.02084 0.27292
-0.03815 -0.01154 -0.03376 0.28684 -0.02309 0.07515 -0.11955 0.03092 0.18945 0.10899 0.28029 -0.14951 0.13761 0.08517 0.16907 -0.13128 0.04263 -0.01268 0.12401 -0.00049 -0.00431 -0.02914 -0.26364 0.12242 -0.18031 -0.11350 0.20115 -0.02618 0.03995 0.08653 -0.05421 0.13571 -0.11420 0.06715 0.12552 -0.12653 0.13009 -0.08620 -0.01789 0.13649
-0.02722 -0.16425 -0.04969 0.24898 -0.10393 0.14804 -0.17114 0.04296 0.02755 0.04945 0.10002 -0.11483 0.14669 0.17816 0.14999 -0.17982 -0.03572 -0.10744 0.00436 -0.10845 -0.00732 -0.08287 -0.15699 0.05203 0.01049 -0.23937 0.09882 0.02092 0.04064 0.03921 -0.05408 0.26676 -0.26388 0.16695 0.05229 -0.18141 0.19342 -0.23530 0.05437 -0.03676
-0.01696 0.11574 0.11751 -0.21843 0.08432 0.06768 -0.02657 -0.25241 0.05752 -0.12685 0.17666 0.23666 -0.10623 -0.11385 -0.11559 0.09233 -0.01914 -0.25766 0.03563 0.16072 0.00763 0.09348 0.11915 -0.02594 -0.05756 0.21540 -0.01358 0.01495 0.12941 -0.13796 0.05601 -0.19537 0.19548 0.13700 0.00642 -0.06747 -0.13772 0.29199 -0.10182 0.03136
-0.27204 -0.01864 -0.16581 0.31438 -0.01081 -0.00690 -0.16358 0.07303 0.31809 -0.18938 0.08960 0.23255 0.11664 -0.10201 -0.07149 0.18507 -0.22717 -0.21317 -0.00881 -0.15645 -0.30616 0.43353 0.13451 -0.16938 -0.00504 0.20806 -0.10222 -0.38195 -0.04243 0.01015 -0.06200 0.30083 0.20160 -0.28094 0.30563 0.26078 -0.18300 -0.03808 -0.11338 -0.14947
-0.11394 0.24736 -0.33499 -0.06529 0.08636 -0.07205 0.03405 0.36683 -0.03325 0.20091 -0.22218 0.20871 0.11021 0.17025 0.10303 -0.16665 0.25365 0.12278 0.17921 0.01520 0.14037 0.10551 0.06896 0.29041 -0.07262 -0.26449 -0.25399 -0.17218 -0.11299 0.11737 0.24855 0.25436 0.09056 -0.30746 0.14739 0.18352 -0.22609 -0.05415 -0.33202 0.01774
-0.29726 0.04575 -0.06758 0.19869 0.01533 -0.15539 -0.08559 -0.01605 -0.07881 0.05864 -0.23363 0.04293 0.12218 -0.01595 -0.20365 0.16760 0.23541 -0.15894 0.07600 -0.29892 -0.03886 -0.06192 0.05613 0.36504 0.33274 0.09103 0.06305 -0.04662 0.12616 0.08489 -0.10227 -0.17891 0.01344 0.12346 0.06078 -0.14888 0.15855 -0.00739 0.13054 0.16377
-0.05425 0.06940 -0.07590 -0.28128 0.11703 0.21382 -0.08864 -0.12660 -0.11227 0.03229 0.07208 0.11344 -0.02202 -0.14345 -0.07092 0.01020 -0.17529 -0.01580 -0.23350 0.08794 0.15332 0.10442 -0.04160 -0.01365 -0.04969 0.01767 -0.01711 0.04280 -0.09018 0.02743 -0.04979 -0.21505 0.18195 0.02750 -0.18724 -0.07718 -0.20938 0.27960 -0.12195 -0.02422
-0.21915 0.34783 0.20366 0.00898 -0.16591 -0.02559 -0.28426 0.06788 -0.02715 0.00765 -0.19873 -0.10613 -0.09076 0.14116 -0.08004 0.26695 -0.28924 -0.00631 0.27608 -0.07454 -0.28287 0.24673 -0.10893 0.39320 -0.05371 0.08113 -0.00245 -0.21011 -0.00095 0.16148 -0.02888 -0.05205 -0.09921 -0.15897 0.12741 -0.16807 0.04892 -0.01550 0.16956 0.29216
0.25171 -0.06098 -0.02509 -0.18373 -0.11417 -0.25443 0.00522 -0.00778 -0.07618 0.02671 -0.25808 -0.20663 -0.06431 -0.10215 -0.29754 0.07398 0.18578 -0.18499 0.08503 0.09022 0.00667 0.13222 0.20063 0.35484 -0.13602 0.44011 -0.24448 -0.13412 0.20624 0.06055 0.17510 -0.13249 -0.11065 -0.16123 -0.36664 0.09229 0.14145 0.02266 -0.08894 0.14336
0.12756 -0.17485 -0.04709 0.04519 0.12904 -0.19277 0.08441 0.08218 -0.04275 -0.00053 0.05729 0.09465 0.19162 -0.18357 -0.02963 -0.01398 -0.06872 0.07610 0.01957 0.01785 -0.04425 0.23324 -0.10191 0.05109 -0.10657 0.13852 -0.21011 -0.10791 0.09953 -0.07047 -0.02662 -0.28121 0.03587 -0.00663 -0.02563 -0.07644 0.11749 0.09010 -0.08189 0.02350
0.09816 0.13937 0.06767 -0.17622 -0.27285 -0.05361 -0.21388 0.00055 -0.07089 0.13919 0.26003 0.11239 -0.02975 0.09420 -0.20692 -0.22535 -0.16280 0.10601 -0.10418 -0.06027 -0.31593 -0.09434 0.04996 0.27596 0.07204 -0.11116 -0.13072 0.04385 0.22257 0.12190 -0.05705 0.18488 -0.10552 0.04349 0.17716 -0.00082 -0.13897 -0.21367 0.08225 0.11052
0.22774 0.10299 -0.16271 -0.00774 0.07763 -0.16006 0.03452 0.16053 -0.09151 0.22667 -0.06607 0.02707 0.06859 0.10697 -0.19732 -0.23398 -0.19523 0.32039 0.00163 0.03488 0.01347 0.23073 -0.10786 -0.03747 0.08624 -0.05417 -0.20433 -0.25093 0.09483 -0.06313 -0.08786 -0.08568 0.14444 -0.02835 0.02642 -0.04853 0.21967 -0.04111 -0.01151 -0.00812
0.28319 0.08467 0.03340 -0.05449 -0.04501 0.07643 -0.31885 -0.17107 0.16306 -0.09579 -0.21319 -0.35921 0.08150 0.25528 0.19524 -0.24270 0.12386 0.31781 -0.39213 -0.02614 0.02062 -0.03075 0.33058 -0.27069 0.24950 -0.25920 0.17000 -0.27081 0.09934 0.31830 -0.04354 0.25385 -0.21281 -0.25555 0.00785 0.01588 0.13755 -0.25882 0.27510 -0.18033
0.21661 -0.18767 0.02319 0.31728 0.28255 -0.13812 -0.06458 0.20160 0.05127 -0.08518 -0.01313 -0.14155 -0.00594 -0.00124 -0.18486 0.17417 0.12698 0.21705 0.02878 -0.12585 -0.08214 0.20718 0.20632 -0.21208 0.14994 0.10921 -0.22608 -0.31498 -0.06564 -0.24177 0.03023 -0.11563 -0.04209 -0.26253 -0.18953 0.15093 0.10147 -0.15636 0.07387 0.02359
-0.25851 0.14656 0.17092 0.18524 0.07418 0.06639 -0.39114 -0.29449 0.13672 0.08099 0.11887 0.34419 -0.07536 0.13040 -0.18605 -0.30443 0.07328 0.02669 -0.25218 0.17230 0.13650 -0.08141 0.28697 -0.17412 -0.14579 0.01303 0.04366 0.19419 -0.17495 -0.01600 0.09137 0.27570 -0.26102 0.14805 0.21533 0.23616 -0.23170 0.02437 -0.07201 0.17371
-0.08653 -0.04145 0.19471 -0.02381 -0.08058 0.05439 0.22610 0.10243 0.04655 0.12845 -0.33825 0.05521 0.13150 -0.05689 0.12206 -0.11250 -0.10430 0.26762 0.12899 0.15270 -0.03786 -0.03255 -0.02852 -0.09785 -0.13911 -0.16577 -0.01847 0.03639 -0.25578 -0.10669 0.11771 0.09028 -0.34916 0.01754 -0.08477 -0.15708 -0.01881 -0.32290 0.06108 -0.19518
-0.07327 0.10626 0.14377 0.09853 -0.24256 0.00097 0.24017 0.15489 -0.03850 0.08572 -0.28338 0.06127 0.22273 0.04482 0.11126 -0.19250 -0.19705 0.31908 0.10186 0.10978 0.02179 -0.10501 -0.03235 0.08654 -0.06026 -0.03940 -0.01603 -0.07022 -0.07559 -0.18242 0.15138 0.10931 -0.31479 -0.11539 -0.17164 -0.04501 -0.22820 -0.09695 0.22866 -0.19742
0.16022 0.35114 0.02287 0.17569 0.26774 0.07575 -0.19585 0.05011 0.13592 -0.11633 -0.07665 -0.06848 0.21090 -0.07636 0.20723 -0.15374 -0.05476 0.22654 0.02830 0.00888 0.14718 -0.09988 0.29362 0.24403 -0.00678 0.21761 -0.12186 0.04439 0.17120 0.03541 -0.08615 0.10984 0.07417 -0.34938 -0.05241 0.02880 0.06141 0.13044 -0.15711 -0.27267
0.06927 0.23428 0.04419 -0.32479 0.14558 0.07056 0.09018 -0.20480 -0.09284 0.05255 0.22072 0.21275 -0.05343 0.03771 0.06026 -0.12009 -0.07913 -0.07856 -0.12031 0.07397 0.05388 0.10395 0.11278 0.13596 -0.07763 0.00392 0.08364 0.26082 0.00927 -0.12494 -0.10727 -0.02777 0.00968 0.10882 0.00974 0.21308 -0.19907 0.10932 -0.01345 -0.11062
-0.14431 -0.05979 0.06881 0.29985 -0.08140 -0.08527 0.08476 -0.09759 0.11539 -0.02403 0.09024 0.01302 0.17410 -0.02294 0.16309 0.01729 -0.01591 -0.03522 0.11858 -0.15835 -0.03271 -0.04492 -0.17343 0.09247 -0.21234 -0.27136 0.08446 0.06621 0.11503 0.01202 -0.08139 0.13670 -0.11453 0.15284 -0.01258 -0.08459 0.19686 -0.26007 0.04204 -0.01601
0.08154 -0.41380 -0.16074 0.11094 -0.24721 -0.05471 0.03752 0.18590 -0.11619 0.08035 0.08258 -0.26522 -0.01522 -0.04188 -0.11392 0.24274 -0.08647 -0.11754 -0.11606 -0.14241 0.05421 -0.23176 -0.07133 -0.12170 -0.05420 -0.04481 -0.00754 -0.08131 -0.21843 0.11041 0.08390 -0.07891 -0.10985 -0.01188 -0.04006 -0.10649 -0.04443 0.01260 0.02005 -0.13193
-0.22968 0.06812 -0.12381 0.16364 -0.09447 -0.18224 -0.08081 0.04583 0.01306 -0.00379 -0.04528 0.05631 0.18808 -0.06080 -0.02438 0.21377 0.10415 -0.19915 0.11557 -0.18135 0.05319 0.12346 0.06683 0.27071 0.21282 0.10031 -0.06170 -0.02211 0.17332 0.16737 -0.09163 -0.07151 -0.18054 0.00460 0.10759 -0.19106 0.00627 -0.08726 -0.04395 0.17177
-0.15198 0.15991 -0.02888 -0.16622 0.27967 0.02505 0.12148 0.07501 0.13351 -0.12846 0.09338 0.12045 -0.15436 -0.21934 -0.14015 -0.28317 0.19469 -0.16200 -0.12369 0.25576 -0.15435 0.33653 -0.14140 -0.04097 0.10913 0.08008 0.12436 0.12864 0.00717 -0.03013 -0.20958 -0.10435 0.03507 0.16772 0.02305 0.30259 0.00813 0.31445 -0.02832 0.05862
0.29545 0.07121 0.05751 -0.19629 -0.30985 0.15231 -0.16280 0.04776 -0.09005 0.03195 0.30127 -0.02488 0.03683 0.06918 -0.12409 -0.24337 -0.03101 0.18104 -0.23162 0.05470 -0.24098 -0.21109 0.19321 0.26592 -0.10533 0.06071 -0.14503 -0.08527 0.26172 0.06915 -0.08007 0.16586 -0.08160 0.08866 0.05376 0.16212 -0.30568 -0.26907 -0.03170 0.03254
0.16621 -0.44510 -0.09095 0.12747 -0.18190 -0.27815 0.27248 0.10271 -0.17677 0.00215 0.02328 -0.12004 0.07458 0.18169 0.14625 0.27094 -0.00361 -0.15729 0.27430 -0.13970 -0.12700 -0.20557 -0.14155 -0.09291 0.17445 0.03955 0.15736 -0.20527 -0.29235 0.25992 0.05635 -0.16396 0.05736 0.23405 -0.07129 -0.19814 -0.00340 -0.00675 0.13574 -0.22814
0.01800 -0.54623 -0.01753 0.10996 0.05082 -0.00530 0.08105 0.24302 -0.06470 0.15957 0.10447 -0.37079 -0.11206 0.27292 0.14739 0.22857 -0.16102 0.02222 0.19035 0.00843 -0.05716 -0.26190 -0.11903 -0.00747 0.13801 -0.03059 0.01626 0.06604 -0.00262 0.25394 -0.04990 -0.21237 -0.04169 0.13412 0.06205 -0.10868 -0.20664 -0.07119 0.13751 -0.23163
-0.14464 0.06417 0.00988 0.02897 0.02302 -0.27106 -0.11060 0.06661 0.08109 -0.16863 -0.14169 -0.03092 0.09354 -0.00964 -0.16222 0.22549 -0.01779 -0.11334 0.25728 -0.16130 -0.06436 -0.05997 -0.07541 0.33751 0.31125 0.20880 -0.13561 0.12067 -0.00143 -0.08912 -0.00670 -0.32752 -0.10360 0.01565 -0.02655 -0.11328 0.14092 0.03785 0.03950 0.31576
0.23217 0.06504 0.15652 -0.16116 0.20707 0.12685 -0.07637 -0.33875 0.12498 -0.05901 -0.05177 0.06225 -0.18815 0.05440 -0.08834 0.08871 -0.01696 0.03469 0.04735 0.07049 0.05661 0.05688 -0.00124 -0.10560 0.06569 0.18371 0.04366 0.19461 -0.09810 -0.14540 0.15684 -0.26237 0.05594 0.16481 0.01823 0.05832 -0.09426 0.19566 0.20628 0.02007
0.16156 -0.19650 0.00956 0.07011 -0.20702 -0.02377 0.18273 0.08535 -0.00498 -0.00102 -0.03886 -0.04233 -0.20964 0.09567 -0.09791 0.20971 -0.13436 0.09627 -0.23794 0.04989 -0.06781 -0.23156 -0.12066 -0.27230 0.13737 0.10964 0.11695 -0.13819 -0.14494 -0.01741 -0.01354 -0.17773 -0.01470 0.25920 -0.15420 0.07021 0.02584 0.12819 0.07667 -0.11913
0.17714 0.12116 -0.00492 -0.06397 0.23538 0.16052 0.20606 -0.09168 0.06468 -0.10508 0.13682 0.25188 -0.10000 -0.00437 0.01203 -0.01636 -0.06501 -0.15042 -0.13748 -0.03969 -0.00810 -0.07274 -0.06005 0.01601 -0.12154 0.06320 0.13905 0.30746 -0.02375 0.00865 0.16617 -0.18293 0.07428 0.04563 -0.06007 0.30010 -0.16432 0.15382 0.18231 -0.10966
0.27129 0.00416 0.03497 -0.25452 -0.21317 -0.08945 -0.18675 -0.06330 -0.03170 0.15667 0.21944 0.05587 0.01191 -0.01339 -0.16746 -0.16045 -0.10962 0.10204 -0.10256 0.01467 -0.34214 -0.18355 0.13212 0.19357 0.02826 -0.09968 -0.21146 -0.02752 0.12038 0.05048 0.01256 -0.06112 -0.08689 0.04170 0.04805 0.19120 -0.31696 -0.28472 -0.07015 -0.04273
0.16664 -0.07630 0.14837 -0.09472 0.28744 0.15876 0.09199 -0.26341 0.00992 -0.00102 0.23931 0.25825 -0.08266 -0.06121 0.11622 0.11086 -0.09952 -0.10849 -0.03831 -0.00302 0.05781 -0.00687 -0.20822 -0.09638 -0.01574 0.07838 0.14657 0.09376 -0.22859 0.01247 0.24962 -0.08432 0.06145 0.07642 0.04425 0.12941 -0.17961 0.13020 0.14233 0.08677
-0.15086 0.03790 0.01237 0.11838 -0.18608 0.03370 -0.11915 -0.22160 0.26465 0.07723 -0.08253 0.13471 0.10703 0.12659 -0.05717 -0.07929 -0.00301 -0.01500 -0.05808 -0.02172 -0.14324 -0.18147 -0.18095 -0.04871 -0.08246 -0.07534 0.14832 -0.03232 0.06108 -0.02242 0.05743 0.13662 -0.09825 0.27578 -0.00068 0.10631 0.25904 -0.27269 -0.02633 0.15983
-0.29167 0.01283 0.01380 -0.28272 0.03864 -0.14726 -0.11191 -0.04850 0.21208 -0.20534 0.00453 0.14704 0.16375 -0.19165 -0.02200 -0.14674 0.06422 0.14989 0.10802 0.02151 0.06053 -0.09362 0.11500 0.02473 -0.12301 0.15960 -0.07930 0.06961 0.06471 -0.17317 0.17018 -0.11536 -0.07991 -0.02367 -0.21361 -0.06521 -0.09907 0.39957 0.16302 0.08284
-0.15968 0.10083 0.12807 0.19871 -0.22050 -0.10460 -0.06236 -0.25715 0.19495 0.11035 -0.11306 0.06867 0.11872 -0.02604 -0.07909 0.04710 0.09207 0.08340 0.04716 0.13040 -0.05064 -0.16702 -0.06530 -0.08931 -0.16099 -0.08905 0.11751 0.00578 -0.10093 -0.20488 -0.09267 0.16603 0.03742 0.24865 -0.12823 -0.07465 0.09599 -0.21098 -0.01228 0.08097
0.06251 0.16213 0.00050 -0.15792 0.06184 0.10564 0.10790 -0.25416 0.11619 -0.23896 0.00870 0.07466 -0.11039 -0.16102 0.15010 0.04252 -0.06840 -0.02869 -0.13615 0.16069 0.20936 -0.08773 -0.16091 -0.17568 0.23714 0.12429 -0.15319 0.14918 -0.14262 -0.15071 0.02964 -0.19543 0.22149 0.11991 0.06587 0.09581 0.02242 0.24599 -0.10744 -0.02261
-0.08082 -0.32510 0.27246 0.12741 0.09971 -0.29355 0.01590 -0.20955 -0.04520 -0.01565 0.09079 -0.03693 -0.07087 0.22095 -0.07824 0.26533 0.14992 0.31757 0.17040 -0.04258 0.33720 0.06547 -0.01242 0.37107 -0.03105 -0.06447 -0.07182 0.00893 0.37527 0.13304 -0.05511 0.13183 0.09922 -0.03341 -0.01771 -0.26994 -0.08577 0.10459 -0.24367 -0.10758
-0.20065 -0.06030 0.07080 0.25776 0.00570 0.06140 0.06428 -0.12148 0.14726 0.10910 0.14214 0.06648 0.18981 0.08432 0.11866 -0.13246 -0.05219 -0.04240 0.06131 -0.01664 -0.03146 -0.19368 -0.11698 0.09033 -0.02562 -0.23581 0.16468 0.08603 0.00736 -0.06128 0.02246 0.11799 -0.05066 0.19465 0.01351 -0.02290 0.22371 -0.27023 0.11857 0.02455
-0.09430 -0.39276 0.20083 0.13196 0.10321 -0.14342 -0.10291 -0.23067 0.00213 -0.06617 -0.00506 0.11516 -0.09006 0.21101 -0.09077 0.25632 0.11295 0.30247 0.10218 -0.06187 0.32907 -0.03018 -0.04228 0.28379 0.03445 -0.09129 -0.01185 -0.02730 0.24865 0.08839 -0.12275 0.17762 0.14009 0.08230 0.02527 -0.27218 0.04805 0.07988 -0.21618 -0.08471
-0.06024 -0.16500 0.14164 -0.22340 -0.34090 0.17496 0.35129 0.02602 0.25171 0.05577 -0.01552 -0.28052 0.08347 -0.05647 -0.08261 0.20562 -0.04131 -0.03950 -0.18295 0.09800 -0.10531 -0.26379 -0.31718 -0.03710 -0.05436 0.26295 -0.21497 -0.18246 -0.30827 0.19680 0.23468 -0.19076 -0.06985 0.17799 0.05928 0.17373 -0.16284 -0.09973 -0.00227 -0.12150
0.03480 0.08344 0.11142 -0.16131 0.00239 0.22659 0.08060 -0.20248 0.04039 -0.21353 0.33641 0.17635 -0.00462 -0.05994 0.12527 -0.18661 -0.00009 0.01007 0.04717 0.13989 -0.07227 0.14405 0.19390 -0.13922 -0.17474 -0.03144 -0.06417 0.26301 -0.11203 -0.09183 -0.15491 -0.09805 -0.02319 0.12847 0.01528 0.24863 -0.17416 0.33481 0.08143 -0.15180
0.16859 0.33263 0.22326 -0.12225 -0.14667 -0.19657 -0.35883 0.09057 -0.27273 0.22584 -0.04158 -0.00443 0.03871 -0.14523 0.06168 0.06008 -0.09631 0.17604 -0.00222 0.18090 -0.21326 0.29265 0.10078 -0.17282 0.25339 0.26065 -0.37910 -0.08515 0.09462 0.27045 -0.04557 0.03048 -0.28436 0.07771 0.10133 0.29292 0.07893 0.06042 0.14637 -0.05947
0.05314 -0.43385 -0.10358 0.06356 -0.19869 -0.06928 -0.09241 -0.04429 0.01462 0.08075 -0.10486 -0.25662 -0.12932 0.00924 -0.07079 0.18155 -0.11881 0.02218 0.12879 -0.07966 -0.08987 -0.13157 -0.08665 -0.12705 0.15173 -0.11677 0.02908 0.00012 -0.15974 0.21384 -0.17988 -0.23866 -0.00032 0.10297 -0.04183 -0.02913 0.08417 0.05989 -0.04361 -0.22353
0.09627 -0.31147 -0.03682 0.13207 -0.08858 0.02749 0.07739 0.13614 -0.02141 0.17500 0.13878 -0.21190 -0.11234 0.00192 -0.07174 0.07530 -0.17390 0.04289 0.03724 -0.08337 -0.03270 -0.23746 -0.12179 -0.05159 0.21227 -0.16286 0.13710 -0.20504 -0.22970 0.18236 -0.10151 -0.11832 -0.16419 0.05626 -0.03063 -0.21264 0.09415 0.19660 0.05801 -0.14779
-0.01448 0.12920 0.12795 -0.11732 0.03980 0.24034 0.01973 -0.22046 -0.16780 0.14698 -0.02030 0.06001 0.05861 0.07401 0.18413 0.05099 0.13105 -0.26239 0.01931 0.19938 0.11077 -0.00237 -0.01197 0.00770 -0.13636 -0.12054 0.06742 0.17220 0.02741 -0.18196 -0.04173 0.00542 -0.06181 0.20551 0.05531 0.06608 -0.05405 0.21201 0.12709 -0.15543
0.20892 0.01897 -0.04906 -0.23639 0.19718 0.12490 0.17453 -0.28483 -0.12652 0.04104 0.28260 0.13200 -0.08900 0.01931 0.01397 0.00642 -0.18185 -0.08179 0.03086 0.19831 -0.00788 -0.00629 0.17460 -0.03640 0.12633 0.07761 0.06581 0.27052 -0.10865 -0.05072 0.06856 -0.07134 -0.05055 0.16445 0.07437 0.12980 0.00960 0.26930 0.11068 -0.08897
0.04932 0.10569 -0.06253 0.07309 -0.18232 -0.24447 0.06585 0.04126 -0.08933 0.21939 -0.14714 0.03786 -0.09327 0.09858 0.12623 0.20257 -0.07143 -0.01208 -0.04029 -0.07570 0.10771 0.30119 -0.02198 -0.20119 0.02608 0.04907 0.16075 -0.18659 -0.26286 -0.00344 -0.07271 0.00845 0.27458 -0.17774 0.18485 0.15335 -0.15568 -0.21081 0.08401 0.04845
0.07819 0.25567 -0.07406 -0.20511 0.23038 0.15211 -0.13738 -0.06366 -0.01895 -0.16892 0.01250 0.08812 -0.16655 -0.11068 -0.09720 -0.12111 0.10670 0.10032 0.02212 0.15352 0.11072 -0.12328 0.17682 0.18689 -0.21362 0.11534 0.05014 0.17152 0.06290 -0.07800 0.21369 -0.06372 0.11925 0.10973 0.02644 0.25597 -0.21511 0.28020 -0.01893 -0.14048
-0.27767 -0.06439 -0.00378 0.14578 0.01628 -0.34274 -0.02150 0.07487 -0.11507 0.07532 -0.15931 0.11303 0.16450 0.03180 -0.29712 0.22149 -0.01842 -0.19146 0.05169 -0.24182 -0.07154 0.07504 0.12587 0.37508 0.29296 0.13592 0.03637 -0.02143 0.20567 0.11705 -0.14329 -0.27410 -0.18739 -0.03580 0.12256 -0.28551 0.03251 -0.08989 0.07347 0.14732
-0.05872 -0.33167 0.01716 0.12070 0.01130 -0.24240 0.17069 0.00915 -0.01982 0.22126 -0.28067 -0.13150 -0.21582 0.14586 -0.33106 0.21503 0.00220 0.04395 0.08259 0.29805 0.21287 0.12326 0.15679 0.07129 -0.07329 -0.18273 -0.12788 0.22930 -0.18472 0.00398 -0.12206 0.17771 -0.21154 -0.00455 -0.00639 -0.17091 -0.03615 -0.00452 0.04553 -0.00071
0.12786 -0.49312 -0.04479 0.12220 -0.27110 -0.10726 0.08458 0.01277 0.06510 -0.06785 0.06340 -0.12905 -0.12442 -0.04409 -0.01535 0.12984 -0.22586 -0.16916 -0.03915 -0.03117 0.02355 -0.20138 -0.13146 -0.16787 0.13680 0.12281 0.10024 -0.04149 -0.10874 0.09689 -0.08583 -0.22400 -0.02154 0.02026 -0.10625 -0.08601 0.05773 0.05606 -0.10291 -0.10086
-0.00174 0.21612 0.11334 -0.09608 0.03020 0.24123 -0.04728 -0.18156 0.09603 -0.01142 0.29375 0.21477 -0.04712 -0.05457 0.06723 -0.13390 -0.01347 0.04841 0.05602 0.17086 -0.12348 -0.06090 0.07426 0.19685 -0.18031 -0.00506 0.00419 0.03411 -0.03003 -0.25189 0.14383 -0.14686 0.01641 -0.14519 0.04516 0.11645 -0.02470 0.22910 -0.07347 -0.04077
0.21779 0.13487 -0.08028 -0.16386 0.25382 -0.02826 0.10052 -0.18157 -0.09395 -0.05000 0.25030 0.20101 -0.08553 0.11579 0.05423 0.02399 0.02098 -0.04845 -0.01934 0.18378 -0.12876 0.13677 -0.02204 -0.02289 0.07593 -0.02811 0.06427 0.31838 -0.03895 -0.15892 -0.07720 -0.07096 0.02892 0.18308 -0.05256 0.31100 -0.05694 0.04382 -0.16063 -0.12830
0.03098 0.23907 0.01221 0.00771 -0.18997 -0.21461 0.09178 0.08011 -0.06312 0.28855 -0.12830 0.05086 -0.10348 0.10988 0.13023 0.16659 -0.07942 0.02033 -0.05314 0.01175 0.16366 0.42149 -0.12847 -0.25598 0.01640 0.07768 0.20568 -0.21462 -0.17518 -0.00684 -0.06419 0.09886 0.36580 -0.09224 0.11167 0.16528 -0.25837 -0.21197 0.05001 -0.03944
0.17828 0.13441 -0.09197 0.26456 -0.29831 0.32585 -0.10227 -0.10491 -0.11231 0.20107 -0.12403 -0.08548 0.37056 0.01297 0.02763 0.16533 -0.13489 -0.15025 -0.05916 0.22025 0.28316 0.19996 0.07590 -0.19427 0.23888 -0.07471 0.27831 0.15890 0.05510 0.06579 -0.06240 0.31184 0.25122 -0.10690 -0.10141 -0.17222 -0.04615 0.21532 -0.22517 -0.20022
