-0.16013 -0.23571 -0.33497 -0.05766 0.10559 0.20548 -0.14021 -0.00435 0.17505 -0.08276 -0.14781 0.00388 0.06423 -0.06232 -0.06854 0.14845 -0.01640 0.14795 0.24053 0.02413 -0.08323 0.11573 -0.03679 0.00586 -0.11751 0.00719 -0.22397 0.07497 0.08061 -0.07620 0.03202 0.01962 0.06586 -0.06212 -0.11507 -0.20863 0.09017 -0.02800 0.16905 0.17440
-0.06859 -0.02064 -0.07089 -0.28100 0.20459 0.10885 -0.19616 -0.09318 -0.11248 0.12163 0.30915 0.07902 -0.12793 -0.18848 -0.11953 0.08867 -0.08730 0.14470 -0.01694 -0.11604 0.06241 0.06953 -0.01642 0.14134 -0.14238 0.20662 -0.18673 -0.14232 -0.12043 -0.08437 -0.08456 -0.05131 0.07098 0.25620 0.14962 0.16339 -0.09714 0.16589 -0.00515 -0.06211
0.21940 0.24329 0.15748 0.04597 -0.19396 -0.19591 0.04113 0.00607 -0.31538 -0.20767 0.31915 0.12875 0.05294 0.20237 0.16145 -0.16182 -0.02353 -0.17081 -0.05897 0.13163 -0.02572 0.02550 0.33690 -0.13845 -0.01616 -0.11931 -0.00129 0.02929 -0.24265 -0.14795 0.00982 -0.22425 -0.11703 0.31242 0.05851 -0.02764 0.12762 0.09170 0.05076 -0.08528
-0.09060 -0.06867 -0.24910 -0.26788 0.14243 0.04162 -0.17174 -0.19276 -0.13876 -0.04817 -0.05445 0.00920 0.06953 0.02984 -0.32575 -0.00164 0.15465 0.05227 0.14019 -0.05022 0.04685 0.36015 -0.16693 -0.02848 -0.18725 0.32006 -0.10796 0.03077 0.31630 0.06780 0.06833 0.00809 0.17385 0.00636 0.05065 -0.22165 -0.07283 -0.03265 -0.10698 0.06528
0.12519 0.14981 0.05623 -0.06209 -0.15463 -0.12771 -0.10413 0.10827 -0.04291 0.02979 0.07259 -0.09580 0.20352 0.10454 0.16562 0.01043 -0.12508 -0.15798 0.05752 0.22841 -0.03673 -0.07376 0.15299 -0.09506 0.08291 -0.14946 -0.07307 -0.14798 -0.30353 0.07945 0.12775 -0.17052 -0.07878 0.18289 0.15732 -0.04110 0.00167 0.05147 0.02596 -0.16120
-0.25135 -0.04064 0.02772 0.06577 -0.18989 -0.09645 0.02883 0.30692 -0.05051 0.24459 -0.23966 0.07299 0.01376 0.10715 0.10771 0.09283 0.01706 0.04006 -0.07546 -0.10543 0.10937 -0.17014 -0.13063 0.30566 -0.03615 -0.07012 0.25694 -0.11196 0.03187 -0.16215 -0.12536 0.29651 -0.08364 -0.06860 0.15282 0.27232 -0.11811 0.05066 0.07680 -0.01619
-0.09799 -0.02078 -0.31104 -0.08060 0.01162 -0.00909 0.01272 -0.28280 -0.07646 0.03554 -0.22378 -0.07992 -0.11896 -0.03102 -0.29289 -0.06055 0.11045 -0.06008 0.09762 0.00234 0.01161 0.36068 -0.26871 -0.00750 0.01694 0.14453 -0.05219 0.14276 0.41784 0.14470 0.14448 0.14479 0.09401 -0.20130 -0.02301 -0.30176 0.01077 -0.16477 -0.16429 0.10682
0.28110 -0.03060 0.27003 0.18787 0.24847 0.09707 0.00743 0.01069 0.22978 -0.03987 -0.16071 -0.33651 -0.09184 -0.12820 -0.07272 0.00695 0.13027 0.06068 -0.01043 0.17298 -0.03022 -0.15655 -0.06877 -0.21662 0.19355 -0.16181 0.12779 -0.05407 -0.04517 0.44707 -0.16856 -0.11872 -0.07029 -0.18833 -0.17327 0.05787 -0.19482 -0.00756 -0.07336 -0.01564
0.08830 -0.07250 0.02131 0.09801 -0.12743 0.03374 0.03211 0.15822 0.18985 0.21222 -0.03542 -0.16246 -0.23945 -0.17461 -0.00349 -0.07563 -0.20005 0.03129 -0.17184 -0.01952 0.23532 -0.09533 -0.10094 0.11580 -0.21133 -0.02726 0.12760 0.08341 0.22810 -0.01955 0.14186 0.10815 -0.01346 -0.11994 -0.13196 0.24867 0.20374 0.06242 0.20698 0.06894
-0.07688 0.02621 -0.34090 -0.05163 0.02977 0.00338 0.00997 -0.26482 -0.03821 -0.01629 -0.21902 -0.11233 -0.14772 -0.03677 -0.28642 -0.06518 0.05548 -0.06624 0.10556 0.01514 0.01149 0.32786 -0.23804 -0.03197 0.06554 0.11330 -0.09700 0.18800 0.39296 0.10500 0.13839 0.13114 0.08177 -0.20170 -0.05421 -0.36111 0.05583 -0.20164 -0.18186 0.08147
-0.26612 -0.07196 -0.01074 0.05160 -0.27401 -0.09725 0.06128 0.34116 -0.06537 0.31685 -0.24811 0.10811 -0.02871 0.11038 0.11121 0.08284 -0.02458 0.03668 -0.06307 -0.12583 0.11587 -0.17157 -0.12142 0.37634 -0.04111 -0.10280 0.30495 -0.10819 0.04224 -0.16462 -0.09923 0.34874 -0.06769 -0.08996 0.14901 0.31459 -0.08283 0.02406 0.10548 -0.03216
-0.11064 -0.27296 -0.21782 -0.02474 0.07775 0.06176 -0.05916 -0.21022 0.23616 -0.06383 -0.36647 0.00567 -0.05662 -0.06162 -0.23766 -0.01768 0.19776 -0.03632 0.21506 -0.01042 -0.05352 0.08133 -0.22831 0.20854 0.01826 0.10669 -0.09222 0.01782 0.15657 0.01055 0.07948 0.04412 0.09219 -0.20532 -0.02063 -0.42539 0.09414 -0.24204 0.17483 0.21376
-0.07826 -0.23404 -0.21074 -0.01385 0.07564 0.01910 -0.03496 -0.26905 0.19821 -0.03985 -0.35993 -0.02961 -0.04691 -0.06065 -0.24233 -0.04500 0.17973 -0.09530 0.20669 0.02192 -0.07268 0.12753 -0.24127 0.18520 0.06180 0.09676 -0.08107 0.04238 0.17452 0.06336 0.10244 0.00704 0.10117 -0.23678 -0.00261 -0.42078 0.06614 -0.29291 0.10564 0.15908
0.26614 0.23846 0.14623 0.10546 -0.14304 -0.18510 0.04561 0.01623 -0.29936 -0.24890 0.28134 0.15584 0.05312 0.21971 0.10742 -0.16715 0.00150 -0.15124 -0.08404 0.10959 -0.03070 0.02165 0.36309 -0.16467 -0.01849 -0.10855 0.00355 -0.00687 -0.25281 -0.16704 0.01721 -0.21037 -0.08177 0.26251 -0.02216 -0.02051 0.09772 0.12325 0.04071 -0.05690
-0.27552 0.04076 -0.07631 -0.13730 0.07191 0.08906 0.15692 0.04856 0.15924 0.21255 0.20327 0.13169 -0.10230 -0.19662 0.26215 0.13718 -0.08120 0.17704 -0.03660 -0.23527 0.15647 -0.07861 -0.14570 -0.18641 -0.01380 0.16206 -0.27879 -0.00215 -0.23836 -0.17693 -0.06121 -0.09985 0.10636 0.19945 0.15132 0.15636 0.04017 0.33700 -0.22315 -0.03190
0.25947 0.00583 0.27297 0.15708 0.21140 0.06742 0.01151 -0.00658 0.18887 -0.05672 -0.10496 -0.27007 -0.05742 -0.10337 -0.04358 0.00721 0.12388 0.04830 0.00250 0.15857 -0.04038 -0.14851 -0.02240 -0.22540 0.23636 -0.17372 0.10245 -0.05931 -0.11335 0.40997 -0.17044 -0.14191 -0.07646 -0.15580 -0.13000 0.04991 -0.20433 0.00641 -0.11200 -0.05332
