0.01031 -0.14040 -0.17903 0.13110 0.05876 -0.35056 0.21243 -0.16884 0.01485 -0.14642 -0.16880 -0.12248 -0.08313 0.02437 -0.18694 0.23737 -0.27116 0.32647 0.23259 0.00192 0.20776 -0.13383 0.26998 -0.18130 0.06423 0.11372 0.23545 0.12935 0.02889 -0.10313 -0.20469 -0.25112 -0.09096 0.11464 -0.22628 0.20785 -0.26722 -0.19402 -0.05470 0.19338
-0.13283 -0.03123 0.01467 0.15400 -0.19181 -0.22623 0.08761 -0.19879 0.10277 -0.18254 0.16712 0.41101 -0.29674 -0.26034 0.08246 0.28161 0.04128 0.09005 0.30352 0.29953 -0.04186 -0.04340 0.00992 -0.35045 0.19377 0.09257 0.05444 -0.09584 0.20294 0.19700 0.17918 0.02690 -0.16847 -0.26832 0.21131 -0.21450 -0.02728 -0.01836 -0.11516 0.27016
0.25488 -0.25831 0.08345 0.02912 0.16802 0.08203 0.23954 -0.12545 0.17043 -0.09045 0.00479 0.18542 -0.08906 -0.03969 -0.03671 0.09141 0.00750 0.08916 -0.05240 0.13178 0.02241 -0.01070 -0.08319 -0.34416 0.17075 -0.12423 0.00069 -0.19481 0.05448 0.25715 0.03371 -0.16012 -0.00513 -0.12806 -0.14150 -0.06783 -0.01613 -0.03322 -0.06294 -0.08998
0.07044 -0.18246 -0.09337 -0.19860 0.13989 -0.14454 0.13001 0.07294 0.00886 -0.03326 0.02457 -0.12550 -0.00322 -0.21118 -0.06226 -0.00384 0.18400 0.03277 0.13021 0.01051 0.05007 -0.05597 0.16841 -0.13584 0.07827 0.15479 0.08821 -0.10852 -0.00104 0.06876 0.01883 -0.12232 -0.01266 0.01895 -0.12713 -0.01564 0.19243 0.09725 -0.08535 -0.04509
0.09133 -0.00395 0.00585 -0.17757 -0.05578 0.23079 -0.01373 -0.02096 -0.03698 0.14800 -0.07199 0.02234 -0.06455 0.10189 0.06761 -0.09805 0.16719 -0.09894 -0.11838 -0.13522 0.05961 -0.09233 -0.09821 0.07671 -0.21249 -0.16862 0.01211 0.00886 -0.07494 -0.13956 -0.02344 0.21855 0.07758 -0.06551 -0.02057 -0.13534 -0.02006 -0.01324 0.19806 0.18053
0.00526 0.26363 -0.03111 -0.16847 -0.09574 0.10730 -0.09902 -0.11479 0.00399 0.04950 -0.08535 0.12798 -0.02329 -0.13537 -0.16780 -0.11837 0.06723 -0.25640 -0.29081 -0.21347 0.11742 0.05569 0.12988 -0.13638 -0.17812 -0.19131 -0.00145 0.02530 -0.22343 -0.02091 -0.00182 0.16895 0.07877 -0.10697 -0.00108 -0.25372 0.09617 -0.07649 0.23825 0.03409
-0.05373 0.10065 -0.00381 -0.22882 -0.13616 0.17848 -0.16133 -0.07373 -0.11014 0.25194 -0.06860 0.07663 -0.10624 -0.03524 -0.08871 -0.09892 0.18274 -0.26174 -0.29487 -0.06371 0.33277 -0.21729 0.10216 -0.02822 -0.25575 -0.19653 0.05648 0.11813 -0.05022 -0.24733 -0.11381 0.17226 0.14369 0.19321 0.26505 -0.24385 0.14594 -0.15330 0.31097 -0.01367
0.14534 -0.13322 0.09386 0.08552 -0.02957 -0.00407 0.18540 -0.02480 0.04787 0.05455 0.09110 0.20144 0.14585 0.07215 -0.08046 0.06368 0.05842 0.31858 -0.05785 -0.00856 -0.03881 0.17515 0.13426 -0.26140 0.11658 -0.15769 -0.14801 -0.19803 -0.11839 -0.05276 0.10207 0.15479 0.20257 0.05234 -0.05345 -0.27764 -0.37152 -0.10197 0.21400 0.06787
-0.03756 -0.13794 -0.08796 -0.03186 0.00480 -0.03222 0.11760 -0.09529 -0.13221 0.04348 0.08489 -0.03244 -0.14686 -0.01493 0.03161 0.18215 0.09624 0.19658 -0.06338 0.14993 0.21385 -0.06463 0.14331 -0.15481 -0.18011 0.13179 0.24461 0.04271 0.05320 0.02587 -0.05077 -0.11816 0.17321 -0.05817 -0.01565 -0.10038 0.04775 0.14884 -0.13439 -0.09647
-0.05791 -0.19457 0.04614 -0.15157 -0.09382 -0.06147 0.22758 -0.10891 0.12389 -0.24214 -0.06686 0.12081 -0.09445 -0.03889 -0.24506 0.19969 -0.09219 0.13477 0.16990 0.12861 0.13670 0.12845 0.13482 -0.04571 0.04366 0.09783 -0.08940 -0.05805 0.25625 -0.09954 -0.12088 0.10695 -0.19215 -0.13508 -0.12640 -0.11808 -0.00377 0.15853 -0.22985 -0.10325
-0.02426 -0.05477 0.18501 0.02438 -0.08095 -0.01434 -0.23215 -0.00976 -0.00939 -0.00175 0.12367 -0.11477 -0.05936 0.11903 0.01794 0.12651 0.03830 -0.04272 -0.09323 -0.03416 -0.03066 0.05923 0.12494 -0.21606 0.00902 0.08376 -0.03414 -0.07629 -0.15697 0.14965 -0.07382 0.02934 -0.00067 0.19842 0.05518 -0.04566 0.06904 0.13703 0.02015 0.06706
0.25776 -0.01096 -0.04172 0.31951 -0.12402 0.04017 -0.00641 -0.18520 -0.09559 0.38312 -0.03475 -0.12282 -0.08211 -0.04952 0.05048 -0.12098 -0.08965 0.27521 -0.24982 0.16821 -0.00630 0.10105 -0.00587 -0.16912 -0.21106 0.20256 0.22537 -0.31137 -0.30885 0.10375 -0.01936 0.17116 -0.17983 -0.23129 0.16239 0.04236 0.10897 -0.16652 -0.06270 0.10933
-0.08094 0.30165 0.09256 -0.20869 -0.03554 0.00184 -0.03715 0.05516 -0.14922 -0.01654 -0.33615 0.20217 0.39893 -0.03428 0.25569 -0.27979 -0.03241 -0.19016 -0.15833 -0.22434 0.13625 -0.22836 -0.02706 0.25655 0.10928 0.24711 0.07212 -0.00901 -0.00219 0.25274 0.24951 -0.11752 0.15570 -0.24044 -0.02169 -0.02440 0.20788 -0.20892 0.09827 0.14515
0.03570 -0.07719 0.20251 0.06019 -0.03530 0.08755 -0.15797 -0.00799 0.01860 0.22688 -0.15375 0.21198 0.13196 -0.07637 -0.14310 -0.06233 0.15335 -0.15402 0.14091 -0.26587 0.05249 0.28447 -0.11984 -0.30587 -0.09514 0.17902 -0.21898 0.04314 0.02187 -0.13413 -0.19418 -0.15161 -0.30305 -0.07928 0.14047 0.09611 0.17405 0.11841 0.17990 -0.05026
-0.02862 0.14437 0.03214 0.21017 -0.10617 0.13639 0.21232 -0.29409 -0.02045 0.19165 -0.18451 -0.02623 -0.06154 0.15133 -0.17556 0.11461 -0.31839 -0.01065 -0.14550 -0.07861 -0.01121 -0.06285 -0.22504 -0.34292 -0.19461 0.08865 -0.07789 0.04999 0.08658 -0.15660 -0.16664 -0.25188 -0.17707 0.26945 0.20326 0.12510 -0.10260 -0.07798 -0.10490 -0.00744
0.13377 -0.23329 -0.11582 -0.04728 -0.21285 0.13561 -0.07909 0.17502 -0.09510 -0.00603 0.09907 -0.02981 -0.02212 -0.32717 0.12704 -0.07628 0.22325 -0.24891 0.07939 0.20080 0.17944 0.07675 0.19756 -0.11539 0.13640 0.00513 -0.20595 -0.16518 0.00606 -0.15449 0.26974 -0.15947 -0.30703 0.04507 0.16729 -0.06566 -0.19218 0.21875 -0.07916 -0.05313
0.16266 -0.16601 0.08257 -0.07596 0.03818 0.02690 0.14780 0.05381 -0.05003 -0.00366 -0.05127 0.08256 0.08793 -0.09037 0.10488 0.16174 0.06982 0.06044 0.11651 0.13929 0.11227 -0.18521 0.14012 -0.14799 0.11688 -0.00798 0.08151 0.05571 0.00143 -0.19359 -0.04236 -0.06489 -0.21328 -0.09607 -0.11394 -0.21838 0.12762 0.15158 -0.31397 -0.08423
-0.01433 -0.26819 -0.13634 0.26617 0.08131 0.04038 -0.16029 0.12543 0.24210 0.21304 0.09083 -0.14387 -0.19324 -0.16993 0.06534 0.31636 -0.09892 0.27093 -0.17213 -0.05119 -0.00012 0.17148 -0.01058 -0.32010 0.27231 0.11179 -0.17229 -0.22470 -0.28382 -0.04020 -0.27258 -0.21665 -0.01561 0.04785 0.12069 -0.16453 -0.02510 0.25538 0.04380 -0.00715
0.25905 0.17178 0.12845 0.37594 -0.21495 -0.26634 -0.23423 -0.25384 0.17857 0.16491 -0.18383 -0.15555 0.21259 -0.31716 -0.11939 0.33022 -0.21448 -0.23360 -0.02288 0.09658 0.29609 0.02760 -0.03424 -0.06840 0.13920 0.17969 -0.03559 0.17421 -0.29858 0.30442 0.00952 0.27254 -0.31160 0.13553 -0.04735 -0.32846 -0.07953 -0.22270 -0.06641 0.03355
-0.19898 -0.19822 0.16653 0.15905 -0.23142 0.05410 0.08808 0.01383 0.21847 0.16990 0.08483 -0.27194 0.01279 -0.20251 0.21272 0.04934 -0.06540 0.11656 0.15554 0.06532 -0.00749 0.19376 0.27016 -0.32473 0.02649 -0.04023 0.04989 -0.07133 -0.16213 0.13314 0.19863 0.15089 0.04071 0.15988 -0.27668 0.11544 0.14756 0.04280 -0.29775 -0.06031
0.13357 -0.18742 0.25608 0.02781 -0.22468 -0.06268 0.17730 0.00684 0.29886 0.12835 -0.02585 -0.19576 -0.14309 -0.00787 -0.18506 -0.14664 0.26195 0.09210 0.30953 0.04213 -0.14206 -0.07543 -0.18887 -0.10663 -0.11234 -0.02122 0.14974 0.05253 0.09137 0.33599 0.02674 0.07357 -0.10714 0.05457 -0.38601 0.09043 -0.04917 0.02521 -0.10317 0.21194
-0.19307 -0.20282 0.00651 0.42058 0.08288 0.08240 0.04345 -0.17433 -0.14965 -0.12454 0.19630 -0.06168 0.21659 -0.09334 -0.15786 0.18843 0.01735 0.29208 -0.10909 -0.11540 0.25588 -0.03550 -0.00668 -0.20385 -0.05769 -0.02066 0.04121 -0.25476 0.08072 0.22158 0.11278 -0.24171 -0.21997 0.31019 -0.16376 -0.16070 0.07231 0.17850 -0.06580 -0.19814
0.35522 -0.20759 0.30603 0.10631 -0.09182 0.04660 -0.17169 -0.28256 -0.26537 0.09005 0.19292 0.29571 -0.21771 -0.05530 -0.09598 0.20981 0.09862 0.16330 0.15928 0.19822 0.29442 0.03602 -0.21964 -0.31646 0.26568 -0.01132 0.18755 -0.09095 -0.30495 0.12595 -0.01375 -0.26270 0.23107 0.19587 -0.21711 0.19051 -0.31939 0.10832 -0.13944 0.17535
-0.01054 0.08846 0.09626 -0.23923 -0.07605 0.28840 -0.20702 -0.06347 0.05492 0.20004 -0.13079 -0.03454 0.04621 -0.06479 0.09288 -0.13944 0.16264 -0.15738 -0.23885 -0.14949 0.15316 -0.13381 -0.02948 0.06615 -0.29488 -0.10612 0.11599 0.05812 -0.28252 -0.14376 -0.17129 0.13332 0.03793 0.06602 0.10073 -0.32048 0.03533 -0.08381 0.22493 0.03020
0.05303 -0.06335 -0.08004 -0.08621 -0.04008 0.18031 -0.00231 0.08074 0.21221 0.04064 -0.11249 -0.17101 0.05787 0.23258 -0.02302 0.13078 -0.21179 0.04587 -0.08852 0.00182 0.03514 0.14177 -0.19653 0.22203 0.23918 0.07300 0.08149 0.11737 0.15852 -0.28895 0.25754 0.20740 -0.00684 -0.23071 -0.14884 0.08795 -0.14193 -0.14611 -0.04678 -0.09724
0.12515 -0.05993 0.13839 0.15179 -0.33814 -0.02960 -0.22470 -0.14549 0.05536 0.28589 -0.10497 0.02197 -0.13471 0.02739 -0.31510 0.31049 -0.01548 0.08242 -0.05824 -0.13085 -0.09394 0.07499 0.11630 -0.17637 0.34516 0.09174 -0.19219 0.02129 -0.29053 0.16276 0.26040 0.23281 0.28350 0.27889 -0.05117 -0.05095 0.01093 0.24004 -0.11417 0.15860
-0.06080 -0.24843 -0.06223 0.25351 0.15901 -0.23186 -0.07457 0.16226 -0.09618 0.01672 0.05695 -0.05923 -0.00553 -0.24676 0.21616 0.02884 -0.05190 0.13775 0.01894 -0.16891 0.10484 0.06923 -0.18991 -0.27525 0.25192 0.06455 0.02724 -0.34206 -0.19697 0.16831 0.09861 0.01739 -0.13059 0.24739 -0.20580 0.01409 -0.25553 -0.18953 0.14710 0.05767
-0.06783 -0.34281 -0.10022 0.37335 0.20896 -0.27370 0.00209 0.23383 0.06961 0.14245 -0.19124 -0.00217 -0.26504 -0.03269 0.04715 0.28930 -0.15032 0.33540 0.12243 0.10138 -0.12518 0.05728 0.06708 -0.14512 -0.01882 0.02354 -0.17842 0.07187 -0.06782 0.03910 -0.04540 -0.04580 0.11528 -0.04227 0.12040 -0.20518 0.12374 0.05933 0.14296 0.21314
-0.01930 -0.20368 0.19088 -0.09752 0.03276 0.07028 -0.01045 -0.06577 0.09291 -0.04628 0.05000 -0.03045 -0.08387 0.09348 0.03720 -0.07831 0.17178 0.14499 0.25055 0.22527 -0.14108 -0.08792 0.00939 -0.22087 0.12843 -0.11566 -0.12764 -0.12657 0.21179 0.27107 0.02355 -0.16572 -0.01933 -0.07988 -0.01145 -0.01180 -0.17866 0.09331 0.08232 -0.17708
-0.04018 0.10163 -0.21128 -0.08363 -0.11856 0.18367 0.02111 0.09346 -0.14436 0.23135 0.12472 -0.08069 0.19879 0.11884 0.16137 -0.06792 -0.15197 -0.01185 -0.02243 -0.15911 -0.17120 0.06402 -0.26044 -0.07946 -0.07716 0.08924 0.13940 0.09663 -0.11210 0.00854 -0.05506 0.02748 0.44299 -0.00029 0.08085 0.13917 0.13312 0.15447 0.13419 -0.02963
-0.11896 -0.01782 0.21895 0.33844 0.18021 -0.05355 -0.23989 -0.17693 -0.00189 -0.30133 -0.14264 0.22974 -0.10156 0.34320 -0.05195 0.11023 0.09852 -0.26228 -0.10528 -0.07421 -0.06615 0.10486 0.26098 0.03956 0.13304 0.00066 -0.04198 0.03555 0.38506 0.25321 0.04341 0.09530 -0.02893 -0.02637 0.13704 0.03692 0.31595 0.17549 0.07378 -0.10552
-0.01717 0.28985 -0.30859 -0.16137 0.03752 0.21850 -0.08519 0.14602 -0.17248 0.14075 0.04257 -0.02441 0.16205 0.16646 0.16513 -0.01783 -0.27549 0.05699 -0.10646 -0.06641 -0.23792 0.06611 -0.32117 -0.02965 0.00799 0.14221 0.16919 -0.07934 -0.18519 -0.04491 -0.10430 -0.01223 0.38349 0.01581 0.13919 0.12541 0.19235 0.08987 0.24546 -0.03931
-0.02059 -0.00489 0.25087 0.30672 0.19773 -0.04402 -0.26386 -0.01623 -0.07187 -0.21769 0.00021 0.17737 -0.01555 0.37408 0.05083 0.10474 0.05022 -0.24950 -0.16932 -0.17947 0.03094 0.01396 0.29263 -0.03276 0.15125 -0.02864 -0.16582 0.05647 0.39895 0.30472 0.06211 0.06392 -0.06065 0.05638 0.14255 0.10966 0.33926 0.27103 0.01598 -0.02122
-0.09823 -0.00784 -0.08103 0.10771 0.12935 0.08949 -0.01174 0.09547 0.18226 -0.05441 -0.07873 0.01358 -0.26027 -0.06096 -0.18554 0.06341 0.14960 0.19510 0.11889 0.03014 -0.19907 0.07216 0.14360 -0.12606 0.30990 0.00405 0.07778 0.08317 0.09980 0.21977 -0.06902 -0.21596 0.09012 0.16079 -0.20142 -0.12647 -0.21566 -0.20637 -0.19239 0.08965
0.03107 -0.06173 -0.06996 -0.12690 -0.15781 -0.24132 0.20817 -0.41792 -0.04468 -0.16405 0.08439 0.12250 0.11824 -0.11861 -0.03880 0.04803 0.00444 0.17328 0.06092 0.06024 -0.02342 -0.27940 0.38459 0.11173 -0.10068 0.16550 -0.07106 0.22257 -0.07412 0.23831 0.14724 -0.12414 -0.28220 0.19608 -0.08470 -0.06780 0.17804 -0.17059 0.04179 0.17952
-0.02597 0.13950 -0.22735 0.08703 -0.19875 -0.05386 0.26669 0.05838 -0.05924 0.22912 -0.17102 -0.16463 -0.38627 0.25507 -0.30585 0.29820 -0.37218 -0.18917 -0.21534 0.17837 -0.25495 0.09844 0.17093 0.27047 -0.12391 0.22397 0.17863 -0.32700 0.03803 0.21613 0.01071 -0.09014 -0.23476 -0.07224 -0.20073 -0.30329 -0.10318 0.00483 0.11804 -0.19771
0.14255 -0.08342 -0.23884 -0.02287 -0.13780 0.03452 0.20422 0.18836 0.07650 0.00127 -0.25989 -0.10709 0.02839 0.18014 0.08233 -0.07888 -0.13074 -0.21285 -0.08026 0.06803 -0.25543 -0.22843 0.31787 -0.15046 0.07256 0.08242 0.33513 -0.06666 0.24377 -0.11281 0.13495 0.17342 -0.01487 0.09738 -0.10862 0.16162 0.36462 0.20474 0.04967 -0.04657
-0.14767 -0.20060 0.15330 -0.04414 0.05532 -0.21339 -0.11916 -0.30598 0.16112 0.20401 0.02269 -0.18817 -0.01363 -0.04165 -0.02229 -0.09054 -0.07551 0.03945 -0.10118 0.07814 0.04355 0.00042 0.03150 -0.19203 0.09223 -0.17817 0.01184 -0.19175 -0.01947 0.04973 0.03629 -0.15417 -0.11149 -0.08500 -0.03029 0.21628 -0.14143 -0.07696 -0.22357 0.19374
-0.03799 -0.12292 -0.06697 -0.00537 0.00605 0.02127 -0.08637 0.08144 0.17065 -0.25453 0.27306 0.11081 0.04952 -0.27112 -0.28755 -0.01686 -0.04868 -0.22476 -0.02610 0.24272 0.07179 0.04007 0.02434 -0.20815 -0.24374 0.10276 -0.04772 -0.25079 -0.18376 -0.24295 0.01594 -0.17006 0.08673 0.12577 -0.17304 0.03972 -0.10843 -0.14514 -0.22037 0.20131
0.20881 0.18118 -0.03313 0.06760 0.27822 -0.26521 0.22478 -0.05785 -0.07952 0.09429 0.05309 0.05925 -0.28365 -0.16864 -0.23297 0.27679 -0.03289 -0.10222 0.11801 -0.18360 -0.09330 -0.10692 0.05693 0.09173 -0.26653 -0.05854 0.15167 0.17592 0.05089 -0.07775 0.01719 0.14645 -0.10046 0.09552 -0.10528 0.07515 -0.30903 -0.14768 -0.14886 -0.14932
0.20358 -0.37120 -0.05676 0.04686 0.05271 -0.25003 -0.28529 0.29328 0.02674 0.16346 -0.05168 -0.05946 -0.05872 0.09441 -0.28578 0.20556 -0.22017 -0.31324 0.01082 0.01817 -0.21883 0.35326 0.12842 -0.19662 -0.27987 0.24595 -0.12590 0.01499 -0.13091 0.06601 0.02048 0.28120 -0.00795 0.33487 0.12348 -0.15978 -0.20935 0.27260 -0.19207 0.13771
-0.13975 0.05564 0.23796 -0.05412 -0.21788 -0.03515 0.01506 -0.25946 0.17404 0.21177 -0.16654 -0.22601 0.08311 0.26595 -0.19643 -0.10889 -0.03197 0.15702 -0.03979 -0.04901 0.11926 -0.06342 0.01203 0.17798 -0.11070 -0.17428 0.07229 0.06204 -0.26188 -0.07111 0.28908 -0.00468 0.02921 0.07001 -0.19337 0.04843 -0.12262 -0.15283 -0.17945 0.26098
-0.06221 -0.03142 -0.11131 -0.09938 -0.02400 0.03642 0.24845 0.14034 0.06538 0.05041 0.02662 0.06224 0.02969 0.03229 -0.09978 0.01256 -0.05440 0.11726 -0.20612 0.09903 -0.23021 0.02763 -0.20408 0.24871 -0.01224 -0.09186 0.11499 0.01371 0.12310 -0.04131 0.30010 0.16082 -0.11806 -0.08854 -0.16525 -0.02077 -0.01060 -0.21253 -0.08610 -0.02281
-0.02571 0.04433 -0.15284 0.11432 -0.02024 0.05922 0.07308 0.11759 0.22331 0.10345 -0.24114 -0.07678 0.04811 0.12256 -0.21099 0.13910 -0.22415 -0.12195 -0.03655 -0.08436 0.13751 0.12599 -0.04054 0.13357 0.15163 0.14455 -0.01314 0.19333 0.05431 -0.21039 0.18850 0.32669 -0.06173 -0.26080 -0.05920 0.13958 -0.09716 -0.12850 -0.02221 -0.16041
-0.00315 0.03967 -0.13158 -0.18802 0.02571 0.08702 0.21963 0.02786 0.02668 -0.15017 0.05391 0.05387 0.03737 0.29726 -0.14309 -0.03840 -0.20051 -0.03970 -0.09701 0.02361 -0.11401 -0.01823 -0.27355 0.18752 -0.01764 0.02949 0.32577 0.02897 0.18595 -0.09025 0.44703 0.22168 0.06675 -0.23805 0.07693 -0.00911 -0.20347 -0.14294 0.03483 -0.19585
0.01251 0.03978 -0.00902 -0.09271 -0.05117 -0.04743 0.03286 -0.04665 0.11139 -0.13126 0.22757 0.12461 -0.00636 0.20662 -0.07404 -0.24626 0.00587 0.09155 -0.06689 0.06849 -0.21405 -0.03190 -0.02454 0.27068 0.00758 -0.15543 0.29493 0.09878 0.28150 -0.09444 0.34556 0.24217 -0.09107 -0.26795 0.05984 0.05150 -0.18955 -0.16996 0.05886 -0.06143
-0.01943 0.06854 -0.11646 -0.28015 -0.07220 0.14229 0.18046 0.08492 0.16092 -0.12201 0.23512 0.16643 0.03217 0.19617 -0.12095 -0.10231 -0.16282 0.14390 -0.22788 0.05584 -0.00607 0.04090 -0.29917 0.33888 0.01925 0.13809 0.29152 0.07880 0.22213 -0.20878 0.37899 0.20582 0.12786 -0.33851 -0.10690 0.16809 -0.05802 -0.14102 0.12113 -0.05962
0.01774 0.15724 0.00496 0.00425 -0.00267 -0.00399 0.05016 0.00288 0.09754 0.00504 0.05356 0.09288 -0.00867 -0.10088 -0.22763 -0.05369 -0.13443 0.07538 -0.20811 -0.00404 -0.10024 0.09001 -0.24798 0.27305 -0.04212 0.14557 0.20270 0.27463 0.17129 -0.22901 0.38127 0.10754 -0.00273 -0.30567 0.00701 0.20047 -0.00675 -0.18137 0.16519 -0.02759
-0.11218 0.08559 0.03018 -0.12140 -0.01457 0.01479 -0.01750 -0.04619 0.14313 0.00678 0.05814 0.03538 0.14159 0.02227 -0.07653 -0.10924 -0.14449 -0.10635 0.05404 -0.07088 -0.01795 0.02918 -0.14952 0.14209 0.06661 0.03248 0.20525 0.19043 0.19901 -0.20753 0.35279 0.16661 0.00929 -0.23216 -0.11659 0.06719 0.00181 -0.25273 0.16048 -0.24731
-0.21857 -0.22912 0.16759 0.27471 0.35868 -0.44521 0.23840 -0.19338 -0.00278 -0.04655 -0.09209 -0.21272 0.03468 0.12465 -0.32092 0.29463 0.09936 -0.16835 0.18024 -0.16594 0.03909 0.02603 -0.15075 0.01081 0.25350 0.17203 -0.15347 0.13911 -0.21949 -0.06974 -0.06590 -0.04371 -0.10784 -0.06196 -0.01652 0.05922 0.15805 0.18825 -0.01888 -0.24709
0.15867 -0.22850 0.02779 0.20125 -0.18389 0.22860 0.04307 0.05392 0.05528 0.31938 0.12959 -0.11476 -0.24324 0.26417 -0.18087 0.14551 -0.08449 0.07267 -0.21313 0.10025 0.18925 -0.24592 -0.07875 -0.13676 -0.25450 -0.11217 -0.09053 -0.26668 0.24648 -0.02292 -0.03255 0.08275 -0.03740 0.20648 0.18277 0.11760 0.10930 -0.07553 -0.19311 0.15330
-0.14923 0.10087 -0.02541 -0.10827 -0.04838 -0.12356 -0.05210 -0.07520 0.13705 -0.24864 0.01073 0.11101 -0.15397 -0.05621 0.15570 -0.06545 -0.02311 0.00935 0.24848 0.12918 -0.15231 0.04691 0.04386 0.19410 0.30088 -0.04914 0.00686 0.01114 -0.00335 -0.06211 0.07921 -0.07395 -0.07184 0.06988 -0.12388 0.01826 0.04919 0.09585 -0.13828 0.14896
-0.01908 0.32834 -0.14688 -0.08961 0.11404 0.21704 0.33031 -0.07125 0.12912 0.16304 -0.06388 -0.07612 -0.40060 -0.14084 0.35376 0.30163 -0.12109 -0.20866 0.19744 -0.26615 0.20903 0.21076 0.10347 -0.03340 -0.19565 -0.04600 0.32707 -0.22414 0.16779 0.04010 -0.13689 -0.11243 0.28551 0.08106 -0.25081 0.07431 0.07493 0.01278 -0.17768 -0.23505
0.09742 -0.01803 0.02772 0.03037 -0.22574 0.18597 -0.20368 -0.07690 0.03389 0.00029 -0.04778 -0.22008 0.28093 0.02418 0.16061 0.08049 -0.27683 0.11329 0.07069 -0.03481 0.19612 0.09100 -0.11648 0.05311 -0.00902 -0.16001 -0.12689 -0.04944 -0.14925 0.05556 -0.05029 0.08970 -0.13018 0.29188 0.01028 -0.11996 -0.17633 0.12419 0.14332 0.05514
-0.11984 0.27819 0.01611 -0.04662 -0.13006 0.22927 -0.25547 -0.14641 0.03586 0.18593 -0.04990 0.08819 0.00113 0.12841 0.04103 -0.22967 0.13080 -0.10962 -0.30418 -0.16162 0.16486 -0.12807 0.00454 0.10080 -0.23972 -0.14175 -0.02119 -0.04200 -0.27318 -0.16392 0.05331 0.11844 0.18347 -0.03687 0.03462 -0.29743 0.06617 -0.11756 0.24880 -0.00806
-0.05056 -0.14165 -0.20825 0.19646 0.16738 -0.07489 -0.09386 0.05121 0.04466 -0.16260 0.06692 0.04769 0.04597 0.20457 0.03746 0.26533 -0.24826 -0.05161 -0.06596 0.03008 0.14665 0.22838 -0.28674 -0.14259 0.20564 0.02650 -0.09612 -0.20169 -0.08899 0.19961 -0.05652 -0.02532 -0.08796 -0.20027 -0.03992 0.33757 -0.00224 -0.26388 -0.22411 -0.09581
0.01793 -0.21188 0.04572 -0.16213 -0.15552 0.12772 0.04903 -0.25242 -0.06067 -0.10148 -0.17223 0.03845 -0.07201 -0.12951 -0.00744 0.23883 -0.06181 -0.01637 0.06291 0.06081 0.17737 0.17052 -0.10534 -0.23437 -0.20508 -0.17252 -0.10679 -0.13776 -0.12308 -0.08890 0.01184 0.01750 -0.35130 -0.02419 -0.08834 0.12404 0.07142 -0.16988 -0.02108 -0.09866
-0.14607 0.22312 0.24043 0.07222 -0.25549 0.00002 -0.01352 -0.24286 0.12110 0.01386 0.30697 -0.01752 -0.05741 -0.01431 -0.05506 0.10534 -0.03025 -0.02753 0.21296 0.30607 -0.13208 -0.13425 -0.06552 -0.04656 0.07780 0.29124 -0.02709 0.01290 -0.12643 0.07561 0.05650 -0.14054 0.04206 -0.18419 0.24686 0.05284 0.10504 -0.05012 -0.24794 -0.19975
-0.00418 0.18445 0.17881 -0.03737 0.24387 -0.11556 0.00953 -0.02460 0.13401 -0.07159 -0.21621 -0.00098 -0.05349 0.02403 -0.02257 -0.06127 0.24092 0.19308 0.08472 -0.02732 -0.07431 0.02012 0.24510 0.01606 0.00519 0.04707 -0.12786 -0.13279 0.20324 0.04459 -0.03167 -0.20495 0.13832 0.04787 -0.28775 0.04857 -0.05316 -0.08378 -0.32723 -0.05679
-0.16216 0.11937 -0.09303 -0.21780 -0.08323 -0.20700 0.14677 0.13252 0.05242 -0.14553 -0.22449 -0.24945 0.08577 0.02103 0.02668 0.25288 0.17308 -0.00736 0.22230 0.26314 -0.21468 0.03194 0.25528 -0.35937 0.01217 -0.16386 0.11232 -0.19279 0.24568 -0.12153 0.21085 -0.14351 -0.36391 0.01805 0.13865 0.03968 -0.18130 -0.10239 -0.28341 0.13462
-0.07989 -0.06886 -0.04420 -0.17925 0.14068 -0.24171 0.04254 -0.01415 -0.03670 -0.04950 -0.28552 -0.18428 -0.05801 0.06652 0.13525 0.00320 -0.14581 0.01214 0.21000 -0.12301 -0.02918 -0.17052 0.02111 -0.00916 0.10673 0.17447 0.21690 0.02038 -0.27075 0.12805 -0.03027 -0.07928 -0.09573 0.16136 0.11112 -0.09904 -0.16667 0.04368 -0.20869 -0.06626
0.06902 0.02361 -0.18002 -0.02921 0.13385 -0.05309 -0.02628 -0.23609 0.17325 0.21023 -0.10700 0.08390 -0.09023 0.02239 -0.15683 0.30912 -0.00325 0.36095 -0.15481 -0.10775 -0.01250 -0.09313 -0.11199 -0.07955 0.10653 0.24072 -0.02362 -0.01707 0.09238 0.17158 -0.06934 0.02515 0.08920 -0.05670 0.00176 -0.05640 0.18210 0.12042 -0.02666 -0.12397
-0.04575 0.19630 -0.05434 0.24213 0.14073 -0.11907 0.01065 0.12626 0.00767 0.36206 0.20479 0.02740 -0.12200 -0.16943 0.02542 0.11694 -0.16343 0.27531 -0.04587 -0.12196 -0.02745 -0.11694 -0.13679 -0.27708 -0.18951 0.14240 -0.23569 -0.20723 -0.27299 0.11726 -0.20102 0.05305 0.11323 0.19939 0.23533 -0.01045 -0.14713 0.00908 0.16776 0.20010
-0.04815 -0.29056 -0.10238 0.24503 0.22055 -0.16165 0.20790 -0.07185 0.14229 0.17068 0.03919 0.22081 -0.07629 -0.30196 -0.08033 0.00076 -0.08569 0.30211 -0.17948 0.10763 -0.10898 -0.10278 -0.03325 -0.07832 0.16331 -0.12321 0.10110 -0.00649 -0.20695 0.15357 -0.20303 -0.14667 -0.29052 0.02039 0.10110 0.14702 -0.10920 0.10850 -0.03577 -0.00657
0.09157 -0.14609 0.13067 0.13190 0.24065 -0.10040 -0.24050 0.00206 -0.02818 0.23778 0.20235 0.24463 -0.22861 0.20094 0.09224 -0.13059 -0.24779 0.02489 0.33294 0.03040 -0.30387 -0.08333 0.19464 -0.44032 0.22392 -0.10138 -0.24882 -0.13613 0.02678 -0.06561 -0.23416 -0.01809 0.08895 0.27273 -0.16097 -0.34889 -0.01565 0.04579 0.06160 0.08179
-0.04641 -0.02199 0.20236 0.23272 0.05274 -0.00061 0.10877 0.07795 -0.18716 0.04165 0.20313 0.08469 0.09258 -0.18455 0.19834 0.03973 -0.09404 -0.04894 -0.14228 -0.14126 -0.20636 -0.06818 0.12020 0.02085 -0.13077 0.28542 -0.23164 0.17541 -0.30007 0.26280 -0.06045 0.01465 -0.24328 -0.03377 -0.05878 -0.11756 0.03466 0.07820 0.17926 0.09468
0.27957 0.09276 -0.19665 0.10727 -0.06366 0.03948 -0.22504 0.14008 0.24040 0.18034 -0.14539 0.29997 -0.16783 0.09443 -0.26282 0.00671 -0.18071 0.05631 0.00023 0.17092 -0.04636 0.14478 0.33162 -0.20036 -0.22361 -0.20380 -0.01845 -0.05137 0.19398 0.18491 -0.00810 -0.20956 -0.22795 -0.02137 -0.26633 -0.18639 0.16176 -0.03054 -0.20848 -0.12218
-0.08999 0.04925 -0.19438 0.05767 0.11539 0.05584 -0.31635 0.20259 -0.24946 -0.09908 0.07968 -0.02681 0.34173 0.23699 0.31853 0.19647 0.02422 0.21873 0.02860 -0.10365 0.09747 0.27023 -0.23028 -0.02916 -0.24539 -0.18722 0.26023 -0.13282 -0.21358 0.35069 -0.32033 -0.23077 -0.26350 0.32368 0.30815 -0.40294 0.04529 -0.07042 -0.25218 -0.00896
0.04840 0.03128 -0.25840 0.08333 0.19694 -0.10991 0.23040 -0.11326 0.10147 0.03131 0.24655 0.15294 -0.27514 0.15478 0.17780 0.40969 0.17803 0.17393 -0.16680 0.03728 0.16652 -0.06375 0.30435 -0.10370 -0.02820 0.12394 -0.22619 0.19087 0.16298 0.13588 -0.26618 0.05072 0.15915 -0.16727 -0.08196 0.39165 -0.02381 -0.10256 -0.18989 0.25207
0.23150 -0.33776 -0.03747 0.23678 0.13595 -0.06001 0.06533 0.13430 -0.27672 0.01385 0.20616 0.05504 -0.07004 -0.20646 0.07158 -0.05850 0.03187 0.15784 0.04967 -0.18916 0.23719 -0.11362 0.11230 -0.19594 -0.09098 0.15960 0.34070 0.05583 0.18881 0.28599 -0.00822 0.03595 -0.20259 -0.11721 -0.26767 -0.14084 -0.05220 -0.20758 -0.21487 0.02094
-0.06589 0.23491 0.00098 0.06949 0.11667 -0.14054 -0.03248 0.16253 0.04620 0.05810 -0.01556 -0.17521 -0.28439 0.00306 -0.14754 0.11248 -0.04416 0.12434 0.13419 0.18890 -0.13036 0.03401 -0.07226 0.05591 -0.08481 0.01086 -0.09851 0.00290 -0.23051 -0.16699 -0.21366 -0.24152 -0.04035 0.16413 0.18359 0.10446 0.04110 -0.04598 0.00239 -0.14751
0.28465 0.14413 0.21562 -0.28408 0.08524 -0.05229 0.31700 0.15171 -0.04404 -0.08544 -0.32172 -0.28174 -0.00530 -0.02851 -0.24938 0.04145 0.04939 0.17955 0.45836 -0.19810 -0.15758 -0.19335 -0.01750 0.09087 0.00541 -0.21890 0.26846 -0.23154 -0.02176 -0.13022 -0.27534 -0.09221 0.08611 0.38444 0.09560 -0.24864 -0.28468 -0.10291 0.03367 -0.19836
-0.06983 0.15356 0.05899 -0.10768 -0.13333 0.09723 -0.20919 -0.06620 0.02412 0.14723 -0.00694 0.10029 -0.13729 0.10782 -0.01150 -0.11169 -0.06463 -0.22417 -0.40652 -0.15985 0.25033 -0.09839 -0.00962 -0.15031 -0.30694 -0.25695 0.11594 0.13974 -0.10376 -0.09825 -0.02689 0.22145 0.20625 -0.07766 0.11778 -0.27465 0.16869 0.00251 0.18875 0.09689
-0.04302 0.24521 -0.05308 -0.17833 -0.02432 0.27281 -0.12216 -0.03681 0.07155 0.03603 -0.03329 0.04723 0.03022 0.10732 0.00428 -0.17356 0.09586 -0.09644 -0.33938 -0.11631 0.09315 -0.16678 -0.01934 0.01679 -0.25428 -0.30478 0.14338 0.15425 -0.19283 -0.20639 -0.10566 0.21784 0.20123 -0.11164 0.16425 -0.39407 0.10597 0.06428 0.23622 -0.01835
