0.25805 -0.14920 -0.10165 0.07418 0.26121 -0.14930 -0.11288 0.01490 -0.13056 -0.19173 -0.03238 0.29287 -0.13770 0.09036 -0.22360 -0.19698 0.00319 0.18195 0.03851 -0.08692 -0.04581 -0.10850 0.18740 0.01986 0.11336 0.05138 0.02160 0.11940 -0.07424 -0.18807 -0.08928 -0.02696 0.10396 0.08628 0.23572 0.08707 0.04566 -0.08177 0.11361 -0.06151
-0.00092 -0.11013 0.11278 0.03431 -0.06763 0.10046 0.05687 -0.28316 -0.01802 0.04053 -0.26879 -0.01291 -0.16058 -0.06512 -0.06266 -0.17447 0.11946 0.13941 0.19586 0.06799 -0.08824 -0.04000 -0.07193 -0.20035 0.26212 -0.05297 0.02364 0.10436 -0.08554 0.00376 -0.06581 -0.23422 0.07370 0.06113 -0.24706 -0.17246 -0.03255 -0.39226 0.14644 0.40595
-0.00813 0.02199 -0.24543 -0.18355 -0.06386 0.06479 0.04583 0.19116 0.29392 -0.06004 0.27518 -0.09958 0.10740 0.04755 -0.02648 0.17267 -0.09601 -0.16218 -0.15264 0.19432 0.12692 -0.01948 0.12293 -0.06365 -0.34353 -0.03034 -0.00783 0.05530 0.17221 -0.03879 -0.00832 0.02333 0.24847 -0.08467 -0.05074 0.16684 -0.05709 0.07902 0.16242 -0.08978
-0.12150 -0.01564 -0.26806 -0.15166 -0.18727 0.08478 0.17807 0.22339 0.23657 -0.04884 0.23512 -0.11581 0.02899 0.00880 -0.08132 0.17623 -0.09329 -0.24235 -0.25079 0.18932 0.05582 -0.03460 -0.03273 -0.04410 -0.31100 0.00203 -0.03786 0.07219 0.12942 0.06726 0.06052 0.07371 0.30079 -0.28286 -0.03339 0.09810 -0.16838 0.17584 0.20171 -0.07947
-0.11985 -0.05280 -0.23469 -0.17261 -0.17672 0.11800 0.03091 0.25034 0.23328 -0.01917 0.25515 -0.21820 0.13774 0.05579 -0.04275 0.25535 -0.15419 -0.25447 -0.23980 0.13375 0.08506 -0.00495 -0.08036 -0.17634 -0.31529 0.03750 -0.05443 -0.03067 0.17994 0.01564 0.03825 0.08044 0.30087 -0.18507 -0.03375 0.09107 -0.11613 0.19066 0.11076 -0.13446
-0.06087 0.02316 -0.20038 -0.14814 -0.04343 0.04323 0.04038 0.20062 0.18964 -0.05360 0.24089 -0.06676 0.09445 0.00608 -0.05688 0.19555 -0.12151 -0.24332 -0.15115 0.16971 0.08856 -0.03768 -0.02211 -0.10449 -0.33277 0.03327 -0.08880 -0.03536 0.09790 -0.06106 0.02520 0.01634 0.22595 -0.20861 0.03380 0.12506 -0.13810 0.18134 0.16991 -0.14702
-0.18573 0.14262 -0.16865 -0.16957 -0.18037 0.06692 0.06005 0.25799 0.27877 -0.02367 0.20411 -0.05448 0.09814 0.02460 0.05151 0.19994 -0.12154 -0.23578 -0.21419 0.12282 0.12980 -0.01758 0.06690 0.03232 -0.40248 -0.09420 0.04215 -0.14132 0.18353 0.05777 0.05692 0.07282 0.11767 -0.10590 0.00805 0.10094 -0.04409 0.26566 0.12838 -0.08621
-0.12721 0.04001 -0.24107 -0.17305 -0.14993 0.05178 0.11402 0.12448 0.27197 -0.10973 0.30302 -0.09763 0.05790 0.00684 -0.14604 0.20410 0.09099 -0.26599 -0.22360 0.26693 0.11255 -0.01049 -0.04012 -0.16266 -0.32774 0.20743 -0.08667 0.01681 0.14982 -0.04398 0.10955 0.02869 0.21551 -0.27907 -0.00779 0.11491 -0.16467 0.25763 0.12762 -0.03090
0.06584 0.05777 -0.08330 0.32276 0.22915 0.21051 -0.33724 0.16048 0.03041 -0.00114 0.07647 0.09356 -0.11310 -0.13455 -0.00695 -0.12792 -0.24594 0.03728 -0.03046 -0.17865 -0.02152 -0.14700 -0.07610 0.17283 0.05140 -0.00763 0.19528 -0.11718 -0.29747 -0.06375 0.01308 0.02670 -0.14753 0.28752 -0.05273 -0.16773 0.11645 -0.07459 -0.07205 -0.04976
0.00916 0.08942 -0.10353 0.29263 0.24248 0.24124 -0.33058 0.15717 0.10182 -0.02201 0.09622 0.05085 -0.06210 -0.15445 0.01350 -0.15177 -0.27855 -0.00032 0.04306 -0.22855 -0.04699 -0.10216 -0.16639 0.11897 0.03532 -0.06752 0.15110 -0.08202 -0.29827 0.03693 0.04515 0.01020 -0.17221 0.29028 -0.07312 -0.23488 0.06069 -0.15220 -0.09869 -0.09934
0.02300 0.03241 -0.08905 0.24374 0.13187 0.23916 -0.25631 0.14248 0.01210 -0.05950 0.02261 0.04765 -0.04803 -0.14403 0.01255 -0.13387 -0.17301 -0.01054 0.03971 -0.16570 -0.07467 -0.12719 -0.27250 0.06869 0.01912 -0.03591 0.08433 -0.09722 -0.26614 -0.06597 0.06310 -0.02160 -0.14303 0.22094 0.02313 -0.13616 0.01676 -0.06985 -0.07237 -0.04501
0.15880 -0.10831 -0.02572 0.16314 -0.03751 -0.06480 -0.06704 -0.03132 0.05910 -0.10699 -0.12375 0.03880 -0.11020 -0.06321 -0.12082 0.07799 -0.07948 0.05853 0.15268 0.04026 -0.04842 0.02437 -0.00562 0.05272 -0.03080 -0.10766 0.05889 0.03038 0.06585 0.03375 -0.07040 0.02265 0.06421 0.13830 0.08222 -0.04417 0.16030 -0.00370 -0.19685 -0.07258
0.01460 -0.14786 0.11100 0.09568 0.00385 0.13756 -0.01555 -0.18361 0.01091 0.01119 -0.18001 0.03896 -0.15783 -0.01814 -0.09634 -0.17655 0.01752 0.13285 0.20503 0.01941 -0.09602 -0.08498 -0.11524 -0.20931 0.20273 0.01631 0.01569 0.09090 -0.18970 -0.01829 -0.07238 -0.25158 0.10227 0.10670 -0.24000 -0.14725 -0.03251 -0.48519 0.18266 0.38819
0.07012 0.00884 0.09794 0.07012 0.07735 -0.02170 -0.05406 0.08423 -0.12363 -0.15227 -0.05069 0.19277 0.03842 0.20877 -0.11578 -0.05484 -0.06018 0.10239 0.08142 -0.01615 0.04978 0.07679 -0.00232 -0.07202 -0.05102 0.14852 0.11508 0.16298 0.04903 -0.11694 -0.08439 -0.09201 -0.08605 0.08087 -0.22204 0.06149 0.00440 -0.28252 0.00510 0.02483
0.06251 0.02336 -0.13298 0.30234 0.19101 0.20953 -0.31401 0.20526 0.07143 -0.06237 0.11248 0.04983 -0.11375 -0.11752 -0.07874 -0.10816 -0.28817 0.01004 0.07700 -0.18234 -0.08122 -0.08272 -0.18497 0.08848 -0.05655 -0.10538 0.11260 -0.07334 -0.25688 -0.03667 0.03499 -0.05032 -0.14417 0.25096 -0.06814 -0.15533 0.08114 -0.13828 -0.09505 -0.09177
0.04826 0.00749 -0.10527 0.29846 0.14599 0.19200 -0.33155 0.22522 0.01878 -0.02798 0.04724 0.03861 -0.04755 -0.09029 -0.05885 -0.11378 -0.31412 0.02727 0.05421 -0.24888 -0.07019 -0.13881 -0.23892 0.08969 -0.02797 -0.07279 0.10518 -0.16904 -0.30194 -0.06331 0.04999 -0.00304 -0.14606 0.24607 0.01769 -0.14117 0.09962 -0.12440 -0.07934 -0.12608
-0.00370 -0.09258 0.06800 0.02572 -0.03875 0.05120 0.06058 -0.25745 -0.05461 0.04007 -0.25556 -0.00448 -0.15740 -0.02523 -0.06931 -0.14266 0.11196 0.08630 0.18202 0.02774 -0.04112 -0.01245 -0.05809 -0.20856 0.25802 -0.02502 0.02368 0.10461 -0.09286 -0.00691 -0.03422 -0.19442 0.06510 0.06018 -0.21406 -0.16884 -0.02437 -0.33277 0.10993 0.36282
0.08163 0.00445 -0.03583 0.09129 0.11552 -0.25993 0.11171 -0.09279 0.12321 0.14473 0.11016 -0.08511 -0.01276 0.13858 -0.10292 -0.00672 0.22259 0.14243 0.09336 -0.04963 0.13956 0.14350 0.10393 0.01226 0.18936 0.09232 -0.01500 -0.00172 -0.16129 0.19434 -0.00576 0.01002 -0.13225 0.19454 0.04482 -0.08044 0.16295 -0.17720 -0.16643 -0.03011
-0.18859 -0.11572 -0.08998 -0.05427 -0.08236 -0.05564 0.01047 0.18232 0.04678 -0.06336 -0.08282 -0.01728 -0.12257 0.04138 -0.06590 0.15223 -0.21819 -0.14408 0.13743 -0.12869 0.00808 -0.03896 -0.03330 0.07166 -0.16466 -0.24002 -0.10974 -0.00991 0.13571 0.09853 -0.03334 0.15549 0.07778 -0.08132 0.14015 0.02192 -0.00654 0.14824 -0.02155 0.01635
0.24847 -0.21511 -0.12323 0.06200 0.20900 -0.24221 -0.13817 -0.02198 -0.15075 -0.20999 -0.08042 0.25385 -0.22830 0.13555 -0.23833 -0.17731 0.09442 0.11595 -0.00721 -0.07541 -0.02439 -0.09961 0.17904 -0.00674 0.13692 0.01862 -0.02575 0.10434 -0.01426 -0.16683 -0.13411 -0.00863 0.13949 0.05999 0.28756 0.09538 -0.00219 0.01789 0.11871 -0.10555
0.22212 -0.18707 -0.14373 0.08860 0.17505 -0.23997 -0.05759 -0.01410 -0.19313 -0.25581 -0.10541 0.28485 -0.29431 0.12310 -0.24925 -0.19684 0.08011 0.05792 -0.04518 -0.03298 -0.11257 -0.04037 0.12840 0.02608 0.05903 0.00169 -0.03600 0.18939 0.03454 -0.07384 -0.14759 0.01165 0.15662 0.01167 0.23920 0.09743 -0.05730 0.07081 0.08517 -0.03753
-0.24770 -0.19253 0.10823 -0.09460 -0.03129 0.18094 0.06459 0.13475 0.03473 0.23720 0.03093 0.05539 0.08184 -0.08470 0.13824 -0.18860 0.18463 0.33837 0.21052 -0.21633 0.14572 0.01359 -0.14780 0.01942 0.39007 -0.08805 -0.12630 -0.17613 -0.13788 -0.05236 0.11686 -0.15032 -0.18332 0.09425 0.25901 -0.20127 -0.01103 -0.26674 0.10290 0.02843
-0.01282 0.07057 -0.01890 -0.27862 0.03274 0.13690 -0.14268 0.08697 -0.38856 0.05373 0.10428 -0.21103 0.18866 0.19569 0.01368 0.23348 0.28841 0.07698 0.34121 -0.17609 -0.02777 0.02489 -0.16675 -0.06543 -0.09693 0.27919 -0.06449 -0.07339 0.16263 -0.05074 0.00519 0.07957 0.12460 -0.24252 -0.09451 0.07832 0.12854 -0.19592 -0.28810 0.12528
0.06452 0.00266 0.07435 0.07199 0.09962 0.02402 0.09524 0.06738 0.00275 0.02474 0.13133 -0.01540 -0.08012 0.04220 -0.06753 -0.05088 -0.06639 0.04115 0.13304 0.04697 -0.04762 -0.08931 0.04239 -0.10066 -0.09155 0.10961 -0.08263 0.04951 -0.28121 0.01166 -0.17925 0.02814 0.29532 -0.18161 0.10909 0.09488 -0.02277 -0.25050 -0.06376 -0.06089
