0.03697 -0.26664 -0.08685 0.02375 0.03889 0.03503 0.08523 -0.11286 -0.07609 0.11258 -0.20795 -0.05037 -0.17893 -0.01386 0.32294 0.11084 0.08186 0.22995 -0.04493 0.11197 0.08744 0.10712 -0.01831 0.28748 0.14317 0.03539 0.27477 0.23011 0.29654 0.09278 -0.23986 0.48225 -0.24767 0.12078 0.18670 -0.21618 0.04287 -0.11959 -0.26057 -0.31501
0.16180 -0.09653 0.12341 -0.43892 0.18386 -0.02778 0.01514 -0.02248 0.14758 -0.12191 -0.01427 -0.09000 -0.35120 -0.20949 -0.09987 0.10635 -0.05105 -0.02497 0.01093 -0.04887 0.10602 0.23182 0.11396 -0.10566 -0.08077 -0.02467 0.26150 -0.09143 0.07745 -0.39595 0.23661 -0.01959 -0.07866 0.11161 0.02881 0.06075 -0.21006 0.06167 -0.09467 0.05102
0.07573 0.22804 0.13908 -0.09625 0.00248 -0.16706 -0.15394 0.10607 0.20440 -0.04672 0.28327 -0.04616 0.01156 0.14033 -0.32426 0.06385 -0.05137 -0.10623 -0.05970 0.10360 -0.18264 -0.35573 0.02190 -0.03263 -0.03237 -0.09092 0.00396 -0.12778 -0.24990 0.22578 -0.08380 -0.03334 0.18425 0.16127 -0.12490 0.01805 -0.18782 0.17704 -0.05256 -0.24350
-0.12160 0.35728 0.27014 -0.17123 0.12941 0.01721 -0.11486 0.02761 0.13715 -0.09288 0.25868 -0.12981 0.08355 0.17097 -0.24940 0.04851 -0.18756 -0.05869 -0.04628 0.05463 -0.07681 -0.22244 0.13083 -0.03527 -0.09103 -0.01446 -0.21750 -0.06833 -0.12602 0.25164 0.02205 -0.19558 0.08973 0.12750 -0.20322 0.08663 -0.13423 0.16012 -0.01041 -0.04728
-0.12310 0.06824 -0.12574 0.23672 0.03097 0.10397 -0.28126 -0.04218 0.06031 0.00866 -0.27480 0.25091 0.29160 0.01050 -0.04783 -0.29468 -0.17519 0.12482 0.07578 -0.07013 0.14605 0.27803 0.02332 -0.16417 0.16288 -0.09591 -0.09325 -0.06157 0.06178 -0.10138 0.07637 -0.02900 0.03400 -0.05447 0.08980 0.01765 0.26691 0.06780 0.07515 0.23481
0.04582 0.03038 -0.15567 0.23934 -0.13228 -0.13211 0.07383 -0.21024 -0.05107 -0.01728 -0.13037 0.17971 0.00944 -0.18802 0.10111 -0.13208 0.16617 0.07718 0.03422 -0.08244 0.03635 0.28362 -0.13852 -0.10852 0.15677 0.11844 -0.06273 0.00604 -0.08085 -0.04902 0.03010 0.16389 0.03260 -0.10472 -0.08527 -0.18168 0.14709 0.05668 0.00364 -0.13358
-0.11019 -0.13098 0.10592 -0.24826 -0.17572 -0.13984 0.17446 -0.06245 -0.17760 -0.01194 0.08700 -0.14815 -0.14817 -0.20238 -0.03501 -0.04035 0.08815 0.12129 -0.10201 -0.16448 0.04347 0.09451 -0.16181 0.06240 -0.10912 0.11997 0.10421 0.00382 -0.12042 -0.16996 -0.19888 -0.02142 0.06859 -0.25303 0.20072 0.07081 -0.06026 -0.06243 -0.04697 0.05209
-0.28699 0.05273 -0.27508 0.29048 0.03003 0.03144 0.06078 -0.05852 0.00496 0.13182 -0.23293 0.00693 0.08893 -0.11044 0.20066 0.05139 0.00728 0.08785 0.09073 0.02244 0.09199 0.26234 0.11507 -0.01867 0.18307 -0.00854 -0.03848 0.10924 0.17457 0.19406 -0.17703 0.00663 0.14804 0.08594 0.08267 -0.05208 0.15606 -0.08500 -0.13703 0.14892
-0.07010 0.09955 -0.05325 0.27940 -0.02027 -0.21620 -0.17489 -0.01140 -0.10865 0.19813 0.00077 -0.18873 0.03720 0.17030 0.24759 0.07236 -0.15208 0.13327 0.08226 -0.01402 0.08699 -0.02475 -0.09831 -0.03368 0.11453 -0.09718 0.24546 0.14984 -0.00759 0.24159 -0.08894 0.25229 0.16629 -0.01121 -0.07281 -0.09953 0.09779 -0.19653 -0.03740 -0.04159
-0.16576 -0.01666 -0.22495 0.29398 -0.17936 -0.20621 0.15901 0.01857 -0.09809 -0.04424 -0.12599 0.11878 -0.05014 -0.18068 0.25688 -0.07045 0.00839 0.16793 0.12100 -0.00553 0.12007 0.21482 -0.10733 -0.11917 0.16870 0.15461 -0.03740 0.07845 0.07444 0.06011 -0.18419 0.10590 -0.04493 0.04466 0.10223 -0.16891 0.29389 -0.00057 -0.19866 0.12862
-0.10182 0.04630 -0.17132 0.20390 0.14476 -0.18135 0.11005 0.11146 -0.05564 -0.01964 -0.03466 0.12820 0.10682 -0.11686 0.36093 -0.09232 0.02113 -0.17196 0.07003 -0.06403 0.02290 0.10030 -0.08255 -0.08145 -0.14725 -0.14651 -0.10830 0.10017 0.12538 0.10341 -0.04912 -0.07042 -0.18344 -0.05170 0.12850 -0.09444 0.13421 0.04386 -0.16475 0.00742
-0.08253 -0.24549 -0.00829 0.26584 -0.13608 0.16824 0.20187 -0.21495 -0.01665 0.16450 -0.18748 0.25224 -0.05942 -0.07384 0.30979 0.06899 0.11238 -0.04163 0.24518 -0.19239 0.27417 -0.04322 -0.20132 0.27457 0.05892 -0.11603 -0.16403 0.29381 -0.02089 0.16673 0.11482 0.23166 -0.04096 -0.21180 0.20593 -0.19214 0.07175 0.13640 -0.06275 -0.26442
0.24919 -0.20249 0.04161 -0.17660 -0.17296 0.30572 -0.15755 0.04931 -0.12964 -0.19066 0.25601 0.23032 0.24727 -0.08938 -0.12800 0.02109 -0.10506 0.21422 0.37768 -0.09865 -0.08039 -0.21160 -0.29217 -0.28254 0.10375 -0.06185 0.23165 0.10310 0.17486 -0.31578 -0.00984 0.09390 -0.23940 0.02772 0.27835 0.33295 -0.13540 0.19329 -0.00857 0.25061
-0.12254 -0.00810 0.01562 0.11237 0.06813 -0.12439 -0.05555 -0.15040 -0.13054 0.29568 -0.23683 0.10862 0.23198 -0.03037 0.20838 -0.15776 -0.18555 -0.11822 -0.14457 -0.04275 0.12510 0.33238 0.03414 0.04497 0.03198 -0.08702 -0.07581 0.26210 0.05531 0.06618 -0.27417 0.01141 0.13166 -0.25658 -0.01204 -0.06146 0.31830 -0.06908 -0.04247 0.10046
-0.18736 -0.09053 -0.17468 0.29142 -0.09300 -0.17485 0.03835 -0.05282 -0.05542 0.12052 -0.04970 -0.08819 0.13268 -0.05787 0.20781 -0.23391 0.01132 0.03499 0.07483 0.05257 -0.00322 0.15140 0.03465 -0.06666 0.02000 -0.22295 -0.17950 0.21911 0.06873 0.18656 -0.14315 0.11169 -0.04791 0.00719 -0.13825 -0.04361 0.06471 0.01511 -0.04275 0.23490
0.16982 0.01741 -0.18655 -0.13113 0.02744 -0.14181 0.12328 -0.05587 -0.13368 -0.13375 0.02119 0.06675 -0.10634 0.02292 0.00083 -0.14526 -0.22015 0.16161 -0.11979 0.16550 0.04325 0.08116 -0.22011 -0.14148 -0.04540 0.16116 -0.05471 -0.12682 -0.08386 0.02087 0.09780 0.23633 0.04993 -0.00527 -0.14304 0.16222 0.12865 -0.03761 0.04413 -0.13208
0.03729 0.28946 0.13193 -0.13417 0.03845 -0.14186 -0.16248 0.07301 0.11096 -0.06317 0.15951 -0.02716 0.00575 0.11381 -0.24961 -0.03154 -0.20478 -0.01982 -0.10403 0.05340 -0.24963 -0.30088 0.07976 -0.13581 -0.18240 -0.07303 -0.21068 -0.11517 -0.19478 0.11326 0.03908 -0.18582 0.13155 0.07594 -0.14984 0.05011 -0.18412 0.11085 -0.01095 -0.13385
-0.17979 -0.01101 -0.30084 0.02085 0.00885 -0.08390 0.09573 -0.12813 -0.21794 0.11159 -0.00784 -0.28148 0.05740 -0.05558 -0.06320 0.00580 -0.17715 -0.04207 0.20055 0.01162 -0.01542 -0.11302 -0.25550 -0.10412 0.09774 -0.18276 -0.07769 -0.07364 -0.12014 0.17761 -0.02154 0.10804 0.25038 -0.06471 0.11600 -0.00127 0.03789 -0.03519 -0.00722 -0.16304
0.28993 -0.31321 0.16491 0.14465 -0.14037 0.00997 -0.00466 -0.04568 0.02332 0.18888 0.05431 -0.21125 0.10552 -0.01657 0.15614 -0.21337 -0.11589 0.12092 -0.03173 -0.19631 0.13922 -0.08709 -0.17748 -0.15342 0.13417 -0.20028 0.07925 0.25282 -0.00909 0.05536 -0.04784 0.08176 0.05582 -0.08557 0.09709 0.03272 -0.05737 0.06938 -0.14177 -0.11389
-0.15675 0.08834 -0.18345 0.18054 0.03734 -0.02676 0.18658 -0.09551 -0.00670 0.13235 -0.21624 0.02135 -0.00387 -0.05331 0.13059 0.00741 0.13144 -0.05901 -0.12852 -0.13388 0.11310 0.07730 0.15983 -0.23334 -0.16795 -0.22518 -0.14911 0.15004 0.15196 0.08806 -0.22664 0.01837 -0.16000 -0.01197 -0.20817 -0.21887 0.16451 0.14129 0.05824 0.26578
-0.09675 0.14070 -0.10248 0.22579 0.00298 0.13538 0.02153 -0.06915 -0.19451 0.16250 -0.17407 0.06943 0.18058 0.05514 0.21250 -0.24423 0.05071 -0.02881 -0.05026 -0.05687 0.00749 0.25014 -0.00728 -0.08008 0.13825 0.04924 -0.07892 0.02559 0.09167 0.22362 0.02918 0.10838 -0.04839 -0.12591 0.10085 -0.06720 0.19801 -0.06408 -0.13442 0.04893
-0.02019 0.29573 0.17154 -0.21672 0.09759 -0.11487 -0.20131 0.07200 0.06910 -0.04608 0.16802 -0.08699 -0.11743 0.16466 -0.24175 0.00215 -0.19257 -0.07363 -0.08310 0.06217 -0.16627 -0.38331 0.03862 -0.12472 -0.02415 -0.02485 -0.17135 -0.21895 -0.17390 0.23407 0.03171 -0.19607 0.13107 0.13702 -0.17449 0.08232 -0.15927 0.05962 0.03883 -0.16686
-0.14659 0.25308 0.25931 -0.13374 -0.22368 -0.15373 -0.12849 -0.05415 0.06931 0.20139 -0.11896 -0.29743 -0.16406 0.23340 -0.06871 0.11430 0.22440 0.32090 0.16030 -0.32550 -0.14418 -0.03127 -0.16808 0.17142 0.00145 -0.21897 -0.10039 0.31632 -0.21270 -0.13606 -0.10814 -0.08931 0.30727 0.06054 -0.03718 -0.15991 0.17351 0.02854 -0.08755 -0.28776
-0.12021 0.10712 -0.11254 0.24525 0.12486 -0.08026 0.00119 -0.02052 -0.13578 0.00405 -0.14080 0.08066 0.20477 0.21690 0.03410 -0.10273 0.01440 0.17642 0.08368 -0.03716 0.08359 0.09900 -0.01373 -0.20043 0.11216 0.00095 0.08529 0.07401 0.02081 0.20699 -0.21792 0.15693 0.04782 -0.02515 0.02302 -0.10055 0.14318 0.14350 -0.25749 -0.02384
0.28313 -0.20316 0.20070 0.13082 -0.10082 -0.17517 0.30216 -0.21730 -0.04767 -0.06544 -0.01646 0.10178 -0.23065 -0.21370 -0.00947 0.07416 0.08931 0.10313 0.11930 -0.24604 -0.09736 -0.20161 -0.03458 0.05059 -0.16533 0.13192 -0.23881 0.02959 -0.01455 0.16577 -0.22279 -0.17279 -0.00527 0.26805 0.31091 0.18026 -0.30808 0.04861 0.09876 -0.16597
-0.13814 -0.02337 -0.11662 0.28428 -0.08000 -0.01283 -0.12445 0.06035 -0.04844 -0.07877 -0.14693 -0.10554 0.28191 0.02244 0.20421 -0.07254 -0.00329 -0.05228 0.06158 0.13652 -0.03663 0.17770 0.08065 -0.02957 0.21378 0.07014 0.01665 0.12421 -0.00238 0.18564 -0.24762 -0.03049 -0.14402 -0.16739 0.10091 -0.14821 0.02080 -0.12042 -0.00424 0.16872
0.17589 -0.03215 -0.12997 0.09503 -0.22970 0.15017 -0.00327 0.11179 -0.13782 0.19639 0.18704 0.20507 -0.15482 0.03253 -0.27453 0.24587 0.02090 -0.28279 0.30831 0.24126 -0.26587 -0.15363 -0.34042 0.26198 -0.26826 -0.29923 -0.26053 -0.11706 -0.15637 -0.04310 0.12179 -0.09807 0.13349 -0.26080 -0.29845 0.28660 0.09466 0.24865 0.37275 -0.17833
-0.19770 -0.06371 -0.04602 0.28777 0.14127 -0.05283 -0.09540 0.00316 -0.03946 0.13948 -0.03566 -0.13004 0.17386 -0.01406 0.00198 -0.08850 0.03587 0.08205 -0.15767 -0.07872 0.16405 0.22927 0.03921 -0.07922 -0.06608 -0.10098 -0.12676 0.09994 0.23861 -0.11593 -0.09486 0.17215 0.02941 0.08044 0.07004 -0.17687 0.05563 0.08354 -0.10344 0.22032
-0.05436 0.00767 -0.21931 0.31526 -0.09588 -0.05333 -0.02939 0.00249 0.00161 -0.03660 0.02218 0.09107 -0.05521 0.05218 0.12148 -0.11715 0.00251 0.00003 -0.05677 -0.09091 0.23183 0.13276 -0.03866 -0.22017 0.10326 -0.12499 -0.13238 -0.01302 0.07422 0.11683 -0.13626 0.26830 0.07144 -0.04954 -0.14017 0.02726 0.20522 0.07805 -0.05126 0.09881
-0.06434 0.35940 0.12294 -0.08064 0.11089 -0.15328 -0.20765 0.04095 0.25938 -0.12436 0.21634 -0.05096 -0.06710 0.15029 -0.28867 0.08572 -0.15780 -0.00240 -0.13802 0.06614 -0.08705 -0.29995 0.02586 0.02228 -0.09455 -0.03862 -0.02104 -0.10302 -0.22827 0.20460 -0.07055 -0.14628 0.06853 0.13110 -0.25836 0.03545 -0.02706 0.23881 0.03618 -0.18395
0.09726 -0.14688 -0.01136 0.16013 0.07825 -0.04202 0.03419 -0.04975 -0.01500 0.06062 -0.10275 0.02479 0.08852 0.24090 0.23796 -0.07534 -0.22330 -0.14163 0.10174 0.13892 0.12792 0.33409 -0.00261 -0.10567 0.05947 -0.16361 -0.12242 0.08899 0.04975 0.17516 -0.10211 0.01289 -0.07449 -0.22098 0.16293 -0.06880 -0.18436 -0.29840 -0.07015 0.10844
-0.19417 0.15397 -0.22921 0.34052 0.04654 0.00578 -0.23640 -0.02648 -0.13181 0.15869 -0.04482 -0.16702 0.19280 0.18862 0.23362 -0.03887 0.13870 0.10926 -0.11161 0.07713 0.07502 0.34679 0.01602 0.01858 0.23813 0.11777 -0.12561 0.02802 0.00027 0.09355 -0.09817 -0.03572 0.01660 -0.17522 0.03633 0.00123 0.15284 -0.10859 -0.06696 0.02266
-0.21308 -0.25638 -0.02666 0.27575 -0.01791 0.10254 0.06728 -0.17456 -0.06886 -0.24664 -0.19860 0.30384 -0.06539 -0.00944 0.24684 -0.07751 0.03650 0.29364 -0.04269 -0.07438 0.15332 0.20504 0.14199 -0.15849 0.18568 0.03483 -0.07159 0.03669 0.20657 -0.02826 0.07296 0.32854 0.20761 0.05411 -0.08345 -0.33057 0.19078 0.19545 -0.09852 0.00185
-0.26841 0.13943 -0.24715 0.42836 -0.07150 0.08132 0.16288 0.01882 0.10631 -0.03057 -0.00073 0.22066 0.21886 -0.01552 0.03612 0.10950 -0.11056 0.13208 0.03880 -0.04985 0.17053 0.03154 0.03088 -0.06142 0.33200 0.05416 -0.08591 0.10273 0.25783 0.06478 -0.13702 0.16931 0.16662 0.06353 0.07480 -0.08512 0.13120 -0.07475 0.04961 -0.12615
-0.11303 -0.05022 -0.06764 0.35173 0.12079 -0.12584 -0.22124 -0.11360 0.04585 0.00019 -0.11888 0.01354 0.14171 -0.01760 0.13318 -0.14775 -0.08192 -0.10310 0.08481 0.06568 0.16527 0.31415 0.15880 0.07531 0.14340 0.20211 -0.08608 0.15620 0.21330 0.28224 -0.26974 0.14727 0.09360 -0.17671 0.11699 0.04123 0.00877 -0.17071 -0.19581 0.03095
0.17527 -0.15894 0.08753 -0.39117 0.29120 -0.02052 0.02721 0.05013 0.02317 -0.09467 -0.01567 0.03348 -0.27573 -0.16938 -0.10290 0.12207 0.06642 -0.07269 0.01118 0.03988 0.07287 0.34263 0.13769 -0.07120 -0.00953 0.00715 0.20883 -0.10651 0.12763 -0.42367 0.16123 -0.09018 -0.13175 0.07460 0.05275 0.17632 -0.25384 -0.01309 -0.07814 0.12061
0.21964 -0.18755 0.10751 -0.38565 0.24219 -0.00239 0.01127 -0.00949 0.07357 -0.12741 -0.03280 0.09865 -0.33528 -0.24433 -0.09886 0.08985 -0.04978 -0.09409 -0.01490 -0.02359 0.07491 0.19339 0.13917 -0.11301 -0.11066 -0.02181 0.16191 -0.02515 0.02956 -0.37167 0.27217 -0.07446 -0.08695 -0.01062 -0.03574 0.09233 -0.22331 0.01234 -0.09177 0.03624
-0.39474 0.12016 -0.19123 0.17201 0.05255 0.02717 -0.06778 -0.00069 0.00521 0.14383 -0.04253 -0.01834 0.21000 -0.07280 0.06482 0.07179 0.07043 0.09120 -0.02601 0.12902 -0.04597 0.10308 -0.11738 0.00841 0.03893 0.11875 0.02341 0.16824 0.07164 0.11027 -0.18667 0.13973 0.15612 -0.09835 0.11459 -0.24165 0.16486 -0.16859 -0.11463 -0.03786
-0.25976 -0.02919 0.05273 -0.01923 0.05387 0.15960 -0.20486 -0.02200 -0.23182 -0.11998 -0.03934 0.22741 0.13317 0.16472 0.04038 -0.18716 -0.04896 0.19381 -0.05406 -0.03128 0.06564 0.19590 -0.08719 -0.04821 -0.11510 0.00450 -0.05765 -0.04799 -0.09581 -0.07158 -0.14819 0.14120 0.17843 -0.16924 0.17693 -0.02088 0.10254 -0.11277 0.09463 0.08482
-0.09150 0.44749 0.23948 -0.22363 0.03938 0.02174 -0.06106 0.20528 0.13429 -0.04277 0.31706 -0.07293 -0.10270 0.11870 -0.26016 0.01108 -0.19423 -0.14042 -0.10536 0.07013 -0.17602 -0.33416 0.17480 -0.13664 -0.02603 -0.10427 -0.13829 -0.03547 -0.10474 0.02601 -0.06307 -0.19540 0.10256 0.16051 -0.21139 0.14154 -0.16011 0.11336 0.13955 -0.07084
-0.16525 0.38743 0.08043 -0.25154 0.15986 -0.04335 -0.06411 0.02028 0.20941 -0.05814 0.15624 -0.05625 -0.05816 0.05474 -0.20116 0.13121 -0.23656 0.07878 0.05546 0.05699 -0.10128 -0.14414 0.08878 -0.02732 -0.09163 0.08224 -0.18236 -0.05307 -0.03195 0.12989 -0.08910 -0.12850 0.01914 0.17603 -0.22805 0.14435 0.02135 0.08210 -0.03529 0.04598
-0.05192 -0.11232 0.03876 0.38909 -0.01333 0.17782 -0.11176 -0.14690 -0.15004 0.08945 -0.02488 0.10516 0.24422 0.00848 0.27610 -0.09914 -0.11349 0.12039 0.04224 -0.17917 -0.22069 0.12750 -0.04561 0.04844 -0.07725 -0.22450 -0.08489 0.01098 0.20264 0.04844 -0.09444 -0.09446 -0.06969 -0.26045 -0.10661 0.05704 0.25434 -0.02428 0.19888 0.05482
0.03427 -0.25489 0.09731 0.40062 0.00541 -0.09955 -0.20368 -0.18627 -0.12432 0.12934 -0.13219 -0.06595 0.10475 0.13218 0.06184 -0.06691 -0.20336 -0.04826 0.00300 0.08091 0.02345 0.19337 -0.03786 -0.08386 -0.04177 -0.01364 0.16855 0.06079 0.22277 0.18285 -0.12514 0.19764 0.19924 -0.04982 0.09376 -0.26274 0.00565 -0.08086 -0.04907 0.05177
0.00654 0.10073 -0.12172 0.28554 0.03672 0.01182 -0.15950 -0.20125 -0.05524 -0.02713 -0.17069 -0.04035 0.23040 0.05865 0.30938 0.01568 -0.02727 -0.05257 -0.03528 -0.12217 0.10787 0.12081 0.12916 -0.22892 -0.07227 -0.16964 0.02727 -0.10783 0.10100 0.28130 -0.26697 0.07696 -0.03983 -0.15087 0.08107 -0.24670 0.24760 0.09212 -0.07674 0.02807
-0.10270 -0.23614 -0.16953 0.18872 0.23819 -0.42191 0.12517 0.08131 0.01225 -0.20891 0.41161 -0.06856 0.23655 -0.05946 -0.15761 0.22183 0.17035 -0.18713 -0.01809 0.28129 0.03606 0.28702 0.28776 -0.20908 0.18685 -0.22429 0.22010 -0.14302 -0.11771 -0.06265 0.32080 0.04750 -0.01283 -0.27015 0.25501 0.08679 -0.14285 0.26222 -0.01893 0.31294
0.25771 -0.17389 0.16700 0.11154 -0.07105 0.18303 -0.10114 -0.03392 0.10962 -0.12998 0.32055 0.07663 0.01799 0.03723 0.25728 0.07280 0.12068 0.14944 0.11595 -0.22346 -0.18072 0.14935 0.16555 -0.07762 0.21782 -0.23185 -0.24999 -0.22611 0.32882 -0.04859 -0.07362 0.03307 -0.19593 0.10431 -0.13150 -0.30808 0.07668 -0.00175 0.02975 0.19914
-0.06947 0.13295 -0.25102 0.10040 -0.04924 0.25387 0.07229 -0.03449 -0.32246 -0.23950 -0.34138 -0.03380 0.19185 0.10743 0.16645 -0.20160 0.29973 0.03626 0.07605 -0.23531 -0.07370 0.02469 0.02148 0.03509 0.30232 0.11439 0.13068 -0.00776 0.04700 0.07237 -0.18679 0.22788 -0.08643 -0.00160 -0.14185 -0.24487 0.28088 0.11182 0.19782 0.27684
-0.04730 0.28370 0.22175 -0.10262 -0.03374 0.08359 -0.20348 0.09880 0.07569 -0.06899 0.18106 -0.05752 -0.03466 0.21351 -0.28017 -0.08949 -0.19592 -0.04883 -0.06971 -0.00829 -0.15871 -0.30501 0.06359 -0.14219 -0.07833 -0.03686 -0.18389 -0.13767 -0.21158 0.11012 -0.07459 -0.22669 0.08025 0.25643 -0.16421 0.16000 -0.16630 0.13794 -0.01060 -0.10210
-0.16444 -0.04127 0.05569 0.24409 -0.11347 0.13170 -0.02452 -0.01638 -0.00669 0.04114 -0.08889 0.09076 -0.00936 -0.08745 0.01429 -0.01902 0.11757 -0.00824 0.00501 -0.17957 0.28159 -0.07339 -0.08561 0.11774 -0.00889 -0.00329 0.22802 0.23737 0.19345 -0.00765 -0.21304 0.27519 0.02694 -0.12143 0.02578 0.06188 -0.04350 -0.05711 -0.13915 -0.18395
-0.16697 -0.14692 -0.11946 0.04230 -0.07485 0.02373 -0.00635 -0.28697 0.09729 0.07905 -0.26268 0.10256 0.12133 -0.02597 0.27024 -0.11899 0.11867 -0.03254 -0.10795 -0.02670 0.10164 0.14012 -0.06920 0.09888 0.32170 0.21118 0.00174 -0.15896 0.16576 0.00366 -0.13211 0.19610 0.16452 -0.24380 0.11440 -0.20001 0.11989 0.18279 -0.02420 -0.24132
-0.16293 0.04603 -0.22991 0.18068 0.15445 -0.03014 -0.10348 0.02781 -0.22226 0.00315 -0.17730 0.11689 0.24868 -0.01181 0.34489 -0.20831 0.00548 0.08826 -0.21140 -0.02776 0.08085 0.18141 -0.09967 -0.08654 -0.05567 0.10357 -0.01250 0.08228 0.19747 -0.04685 -0.18006 -0.01922 -0.14386 -0.18119 -0.07676 -0.26258 0.25223 -0.08899 -0.13670 0.02541
0.04308 -0.21071 -0.03846 -0.16013 0.25621 -0.01476 -0.10837 0.25679 0.11369 0.24997 0.26042 0.03188 0.11478 -0.12423 -0.15722 0.23794 0.23791 -0.14420 0.12323 -0.06181 0.02702 0.09068 -0.18223 0.22737 -0.27970 -0.03088 0.20597 0.24664 0.14702 0.18668 0.12405 -0.20471 -0.01860 -0.08536 0.02907 -0.02057 0.29305 0.00742 -0.07464 -0.12498
0.12047 0.00582 -0.06999 -0.22678 -0.09150 -0.17096 0.11396 0.04443 0.32502 0.33826 -0.03791 -0.11147 0.10094 -0.09324 0.22382 -0.06260 0.04136 0.01493 -0.10508 -0.11743 -0.03922 0.08383 -0.14728 0.09733 -0.12121 0.15099 0.00695 -0.15988 0.19263 -0.04803 0.17415 0.03897 0.01792 0.38077 0.02314 -0.04613 0.01419 0.17406 0.00562 0.00610
-0.00814 -0.22701 0.02035 0.14442 0.05805 -0.01881 -0.07857 -0.05897 -0.24657 -0.07795 -0.31469 0.12607 -0.00471 0.12146 0.38567 -0.06531 0.10367 0.06458 -0.10140 -0.00784 0.11871 0.09798 0.11983 -0.13468 0.17405 -0.05882 0.06597 0.12723 0.15181 0.18193 -0.02085 0.13876 -0.03798 -0.23413 0.15110 -0.33591 0.08188 -0.00122 -0.23468 0.14603
