-0.05906 0.02649 -0.07147 -0.14993 0.04462 0.09596 -0.00638 -0.10342 -0.32522 -0.09669 -0.17997 0.12058 -0.04777 0.10230 -0.28238 -0.00988 -0.18339 0.21961 -0.15374 0.00410 0.00637 0.02044 -0.29400 0.08588 0.02501 0.10703 -0.17558 0.09621 0.07999 -0.19980 0.07280 0.13214 -0.12629 0.15222 0.00163 0.08981 -0.26122 -0.16906 0.12337 -0.04680
0.17111 0.09833 -0.06557 0.17205 0.15416 0.00819 -0.02336 -0.07755 -0.12392 -0.20660 -0.18817 -0.02352 0.20747 -0.04710 0.05517 0.06685 -0.11717 -0.09023 -0.23121 -0.11441 0.10335 -0.08936 -0.39886 0.22434 0.05490 -0.05889 -0.20301 0.08407 0.18744 -0.15465 0.04389 -0.11182 0.07710 0.05381 -0.00149 0.07846 0.02545 -0.13255 0.13989 -0.20160
0.10954 -0.05744 0.01548 -0.06050 0.09267 0.31311 0.25443 0.13051 0.14046 0.09022 -0.07043 -0.09131 0.01350 0.16890 0.11858 0.16400 0.04560 0.05819 0.17100 -0.04704 0.02546 0.22101 0.00015 0.42238 0.14360 -0.21568 0.15114 -0.13474 -0.06387 0.12908 0.23375 -0.00492 0.11185 -0.26187 0.14557 -0.12474 0.21041 -0.26303 -0.09474 0.04130
0.26848 -0.02405 0.01728 -0.06250 -0.20632 0.31861 0.21509 -0.25712 0.04345 -0.06049 0.13415 0.01727 0.01879 -0.23063 0.38057 0.20177 0.00331 -0.11095 0.04156 -0.17962 -0.00792 0.04534 -0.11410 -0.05916 0.12782 -0.05450 0.03159 -0.09954 0.01166 0.17934 0.12785 0.07410 0.09895 -0.00388 -0.29253 -0.06085 0.15566 -0.19632 -0.01249 0.09998
0.10841 0.11167 0.17233 -0.16173 0.16821 0.01991 -0.03922 -0.00307 -0.14913 0.03116 -0.09026 -0.01772 -0.21339 -0.16263 -0.20145 -0.07549 0.08135 0.19812 0.02404 -0.14493 0.16172 -0.06317 -0.20317 -0.05560 -0.13990 0.03348 -0.20625 0.04082 -0.11666 -0.11488 0.07750 -0.13789 0.08070 -0.02525 0.12798 -0.20481 -0.09789 -0.15045 -0.02811 0.18435
-0.18810 0.29433 -0.00245 0.06562 0.13137 0.09691 0.13543 0.02719 0.17144 -0.16946 0.12386 -0.05489 0.06284 -0.11737 0.19880 0.32896 -0.31340 -0.06803 0.21285 -0.22386 0.00960 0.07901 0.01080 -0.02909 -0.16663 -0.19111 -0.07844 0.08493 0.01320 -0.13692 0.03180 0.05239 -0.16826 -0.15847 0.00421 0.33541 -0.01478 -0.28225 -0.00650 0.06268
0.09247 -0.06744 0.15566 -0.21218 0.02581 -0.32372 -0.00701 0.01422 -0.13730 0.05530 0.03455 -0.10887 -0.02982 -0.12014 -0.38630 -0.11668 -0.05695 -0.07559 0.06050 -0.08894 0.12843 -0.23726 0.21249 -0.22377 0.01000 0.17735 0.13799 -0.23089 -0.18891 -0.16865 0.14578 0.05628 -0.12598 -0.02729 -0.09476 -0.30518 -0.17189 0.16231 -0.00390 -0.10543
0.09451 -0.13209 0.15966 -0.18454 0.00907 -0.33280 0.05077 0.01140 -0.12073 0.08506 -0.02518 -0.12592 0.06668 -0.14716 -0.42138 -0.10721 -0.12506 -0.02717 0.08997 -0.10791 0.15321 -0.19150 0.28615 -0.23485 -0.03894 0.12059 0.18255 -0.13648 -0.14123 -0.22067 0.21976 0.06574 -0.03655 0.04107 -0.09008 -0.28328 -0.31359 0.18062 0.01901 0.02011
-0.13588 -0.13835 0.19914 -0.08383 0.03950 0.21464 -0.22570 -0.00800 0.13608 -0.07031 0.02018 0.07952 -0.16684 0.18623 0.29415 -0.03255 0.04863 0.20419 -0.05708 0.08681 0.04246 0.01526 -0.13892 0.04918 0.14475 -0.02600 -0.02484 -0.20769 -0.02652 0.19383 -0.08741 0.13592 0.02592 0.05948 0.11050 0.00261 0.23340 0.08498 0.09103 -0.18230
-0.10141 -0.00169 -0.12964 0.07485 0.24601 0.14851 -0.18665 0.04947 0.04975 -0.18039 0.18145 0.27432 -0.04223 0.02991 -0.06052 0.18665 0.14252 -0.30805 -0.15035 0.06317 -0.11438 -0.11012 0.08935 0.05857 -0.10302 -0.09762 -0.01524 0.14067 -0.15241 0.10828 -0.23559 0.20760 -0.33937 -0.17737 0.16749 0.31454 0.13193 0.11595 0.09363 -0.07690
0.07248 -0.17011 -0.00741 0.39066 -0.07344 -0.04771 -0.05042 -0.10379 -0.08200 -0.07976 -0.14576 0.17003 -0.15071 -0.09373 -0.06559 0.05687 -0.15148 -0.19990 0.26940 0.03582 0.15097 -0.13127 -0.13494 0.03345 -0.29569 0.08797 -0.24734 0.19238 0.02092 0.16821 0.03293 0.01089 -0.02046 -0.37255 -0.27633 0.27236 -0.13281 -0.12330 0.20062 -0.15009
-0.01884 -0.11420 -0.26887 -0.34987 -0.23333 0.09875 -0.11523 0.00835 -0.07910 -0.16540 -0.20271 -0.18368 0.11299 -0.22336 0.29926 -0.05827 -0.04133 -0.25206 0.26446 -0.00247 -0.26038 0.15762 -0.18691 -0.04573 -0.26159 -0.16940 0.00368 -0.00012 0.01400 -0.19032 -0.14383 0.12197 0.30382 0.16312 0.21919 -0.14005 0.19815 0.28028 -0.28911 -0.32927
0.08716 -0.14444 0.01869 0.39210 -0.10405 -0.07009 -0.10805 -0.13362 -0.09385 -0.07457 -0.14230 0.17760 -0.22001 -0.04918 -0.18488 0.00820 -0.04428 -0.16616 0.21494 0.06099 0.12772 -0.15550 -0.12982 0.00688 -0.29427 0.14008 -0.22601 0.20595 0.00548 0.14930 0.05489 -0.00313 0.07681 -0.38501 -0.27160 0.22282 -0.17053 -0.13398 0.16015 -0.18073
0.04065 -0.10575 0.22468 -0.14361 -0.02043 -0.18095 0.03993 0.01079 -0.10341 0.06638 0.04105 -0.14181 -0.03560 -0.12560 -0.47786 -0.09861 -0.03397 -0.01095 0.06293 -0.05919 0.06473 -0.23594 0.25376 -0.29772 -0.02039 0.16226 0.16468 -0.20505 -0.09855 -0.10736 0.19159 0.03263 -0.06026 0.02252 -0.12592 -0.27579 -0.22994 0.07772 -0.06620 0.06060
0.07743 -0.23625 -0.26001 0.21461 0.04827 0.01512 0.18108 0.00257 -0.01461 0.17937 -0.03077 -0.07996 0.33099 0.08303 -0.10797 -0.29274 0.04986 0.19314 -0.00596 0.28785 -0.06603 -0.03450 -0.30212 0.27848 0.19382 0.22273 0.07706 0.08246 0.16990 -0.15052 0.06687 -0.01102 -0.30256 0.15515 0.07522 0.25966 -0.16362 0.08121 0.10215 -0.03715
0.01866 -0.05721 0.19403 -0.23150 0.02932 -0.28104 0.02943 0.01533 -0.09003 0.02558 0.01888 -0.06929 0.02131 -0.15486 -0.32827 -0.09907 -0.17020 -0.02447 0.14042 -0.09835 0.15478 -0.19590 0.28211 -0.23642 -0.00765 0.09760 0.18093 -0.10649 -0.14978 -0.21673 0.16701 0.03006 -0.07925 0.00350 -0.10962 -0.21078 -0.17899 0.18504 0.03056 -0.03269
0.00335 -0.01449 0.30817 0.23148 0.07581 0.09155 -0.20458 0.17429 -0.21346 -0.03981 0.01304 0.18523 -0.08760 -0.19598 0.31519 0.16780 0.03775 0.24598 -0.09836 0.10353 0.08495 0.05518 -0.09000 0.16257 -0.08651 -0.21872 0.00921 -0.21038 0.06883 -0.09557 -0.22150 -0.08317 -0.03717 0.11248 0.13402 0.23512 -0.03577 -0.05123 0.12202 -0.11246
0.01727 0.00574 -0.02076 -0.16057 0.03934 -0.01343 -0.08376 0.14212 -0.14715 -0.20285 -0.09493 0.01432 -0.06032 -0.11401 -0.18168 0.05776 0.04770 0.12518 0.27430 -0.03725 0.09473 -0.11124 -0.20975 0.06907 -0.15574 0.19539 0.12264 0.21310 0.04419 -0.18356 -0.00433 0.02237 -0.14394 -0.15846 -0.06294 -0.18723 0.12509 0.00609 0.10705 -0.13809
-0.12312 -0.02954 0.26417 -0.12297 0.11175 -0.14462 0.04025 -0.01946 0.00434 -0.20562 -0.03568 0.06179 -0.07962 0.13604 -0.00342 0.01585 0.13905 -0.09509 0.23043 -0.16566 0.05173 -0.10615 -0.07901 -0.12413 0.05651 -0.14439 0.07370 0.07849 -0.08675 -0.08506 -0.20207 0.06849 -0.17115 -0.26634 0.00196 -0.00713 -0.01590 -0.14190 -0.04242 -0.05455
-0.16212 0.11487 0.22771 0.12719 0.07302 0.18480 0.08436 -0.03449 0.06113 -0.00872 -0.10385 -0.03497 -0.11159 -0.07060 -0.13843 0.00719 0.26058 0.31526 -0.27977 -0.12182 -0.22072 -0.04543 -0.08038 -0.20728 -0.11148 -0.07474 -0.01228 0.06145 -0.06648 -0.08983 -0.05932 -0.01826 0.06249 0.10742 0.04794 0.17388 0.06504 -0.10430 0.16214 0.07520
0.01034 0.08937 0.12119 -0.04937 0.09120 -0.18983 -0.18351 -0.13722 0.00561 -0.06575 -0.05862 0.18938 -0.02117 0.17152 0.15462 -0.06073 -0.14667 -0.08325 0.13739 0.27544 -0.00518 -0.23336 -0.05949 -0.01492 -0.20973 0.02940 0.12304 -0.05092 0.08721 0.05878 0.15488 0.08928 -0.29394 -0.00880 -0.04977 0.07367 -0.04283 0.03276 0.10907 0.20341
0.14452 0.17349 0.32406 0.19354 0.17891 -0.14379 0.10152 -0.09505 -0.06060 -0.06050 0.18986 0.13383 0.01761 0.22944 0.14352 -0.19772 0.07236 0.13795 -0.12052 -0.05348 0.07912 -0.16736 0.14361 0.06937 0.08895 -0.03529 -0.11638 -0.11292 -0.25388 0.04995 0.11470 -0.03938 -0.04600 -0.30189 0.11916 -0.09204 -0.14264 -0.12663 0.06338 0.26428
-0.08783 -0.12909 -0.07193 -0.23219 0.01359 -0.15220 0.14247 0.02039 0.04403 -0.08894 0.09750 0.14284 0.05587 -0.23025 0.24715 -0.07378 -0.10909 0.21266 0.29861 0.04380 0.35445 -0.07947 0.06310 -0.17991 0.05328 -0.04524 -0.17057 0.23583 -0.04688 0.04778 -0.07500 -0.21047 -0.22674 0.01766 -0.16137 -0.06150 -0.13839 -0.04853 0.21090 0.27893
-0.12191 -0.09939 0.11206 0.00743 0.16651 0.11141 -0.01484 -0.18158 -0.04892 -0.24081 -0.09609 0.03263 -0.13199 -0.10375 0.07409 -0.01323 -0.00460 0.06605 0.06067 -0.02849 0.14772 -0.33147 -0.05635 0.05598 -0.07994 -0.12906 -0.23909 0.06918 -0.13311 -0.08039 0.01431 -0.08848 -0.21729 0.07031 -0.09895 0.12192 0.03436 0.01949 0.08067 -0.05057
0.02664 -0.08227 0.22883 -0.16126 -0.00323 -0.28563 0.04039 0.05017 -0.07985 0.09485 0.02561 -0.11096 0.05499 -0.16397 -0.44853 -0.12565 -0.12096 -0.04187 0.11996 -0.07191 0.11811 -0.26883 0.26878 -0.30163 0.00826 0.15309 0.23002 -0.15294 -0.18857 -0.18297 0.15416 0.09309 -0.07420 0.00383 -0.10620 -0.24544 -0.23685 0.13450 0.02271 -0.00948
-0.07698 0.20657 0.07976 0.18702 -0.18886 0.18261 -0.30404 0.03012 0.14103 0.40499 0.12112 -0.02923 -0.05878 0.08014 0.36693 -0.01905 0.06694 0.18858 0.04047 0.10996 -0.12783 0.17124 -0.04556 -0.06827 0.12596 -0.09143 0.07682 -0.02730 0.06372 -0.05448 -0.22237 0.07669 0.13594 0.29235 -0.02957 0.17345 0.26937 -0.08085 -0.21320 0.22510
-0.07671 0.19701 0.09241 0.20074 -0.19683 0.12959 -0.28654 0.03325 0.12543 0.39328 0.12130 -0.01823 -0.06338 0.03891 0.36158 -0.02728 0.05689 0.19929 0.01770 0.11995 -0.11181 0.12118 -0.02400 -0.10613 0.13841 -0.08481 0.08899 -0.05358 0.06586 -0.07252 -0.22487 0.05100 0.11963 0.30968 -0.02804 0.15419 0.23614 -0.06270 -0.18518 0.21197
0.07225 -0.04993 0.10642 0.20963 0.06029 0.14785 0.03018 0.24013 0.16560 -0.02322 -0.19607 -0.26077 0.10541 -0.23619 0.07992 0.03414 0.11504 -0.21953 -0.30470 -0.11782 -0.21821 0.03429 -0.06101 0.08950 0.12277 -0.24885 0.06328 -0.10852 -0.05302 0.06287 -0.22724 0.04581 0.08877 -0.01943 -0.11417 -0.08921 0.48063 0.14490 -0.16736 0.18286
-0.13598 0.07319 -0.06540 0.18020 -0.18803 0.21694 0.18077 -0.08659 0.29337 -0.02497 0.14612 0.05921 -0.11359 -0.26631 -0.00398 0.00771 0.07223 -0.21374 -0.08788 0.14787 -0.20161 -0.00860 0.28556 -0.19397 -0.09303 -0.01259 0.01725 0.05239 -0.17056 0.15348 0.11904 -0.14413 -0.20168 -0.19794 -0.15353 -0.07497 -0.07231 -0.25020 -0.07685 -0.17493
0.13335 -0.25683 0.32155 -0.04507 0.06873 0.24410 -0.06270 -0.19413 -0.15385 -0.17427 0.06434 -0.02402 -0.03649 0.08566 0.14599 0.13875 0.13833 0.17958 -0.23757 -0.29150 -0.28739 -0.03295 0.18051 0.28914 0.28752 -0.15173 -0.02037 0.06249 0.14372 0.09064 -0.04690 0.14379 0.00723 0.05180 0.08594 0.11131 0.09078 -0.11717 0.14488 -0.11890
-0.00794 -0.18436 -0.21860 -0.07260 0.26597 0.38667 0.10577 0.13089 0.08483 -0.22070 0.16090 0.04808 0.09943 -0.03370 -0.09304 -0.05149 -0.01504 -0.19323 -0.11952 -0.02708 0.02389 0.27371 -0.10721 0.22788 0.02821 -0.18630 0.09596 -0.18592 0.12191 0.21600 -0.18879 0.27617 -0.04133 0.22884 -0.01121 -0.04101 0.00676 -0.19113 -0.11397 0.06768
0.08632 -0.21160 -0.23911 0.19926 0.02220 0.03168 0.19352 -0.01832 0.00598 0.17103 -0.03044 -0.11090 0.32544 0.11417 -0.07561 -0.30773 0.10959 0.16043 -0.02078 0.22738 -0.07867 -0.03474 -0.29317 0.26250 0.23607 0.21775 0.01933 0.06180 0.19464 -0.17618 0.05329 -0.04172 -0.24793 0.11930 0.08642 0.25556 -0.15374 0.02310 0.06786 0.02787
-0.18512 0.18606 0.09830 -0.21696 -0.05034 -0.18183 0.08399 -0.35593 -0.00619 -0.34647 0.17750 0.10067 -0.03038 0.23393 0.14362 -0.00144 -0.09005 -0.26956 -0.27370 0.30027 -0.27218 -0.02285 -0.35898 -0.21902 0.05493 -0.23573 -0.24698 -0.26189 0.10067 -0.18753 0.17776 -0.14503 0.07335 -0.00853 0.37086 0.26877 0.30417 0.24133 0.15152 -0.24889
