-0.22718 -0.04534 0.13404 -0.21795 0.01712 0.09181 -0.31532 -0.02939 0.05666 0.02940 0.13139 -0.09264 0.13615 0.12602 -0.23056 0.03068 0.21559 -0.17706 0.09772 -0.04601 0.17573 0.11592 -0.08895 -0.09404 0.03584 0.04568 -0.01131 -0.00827 0.20031 -0.28404 -0.15870 -0.02022 0.14249 -0.36878 -0.28006 -0.01708 0.15563 -0.04405 -0.02602 0.06299
-0.08749 0.02710 -0.07990 -0.04966 -0.13217 0.17774 -0.03220 0.15219 -0.16369 0.15618 -0.11960 -0.02853 -0.04550 -0.06478 0.09239 0.06258 0.17675 -0.16898 -0.23627 -0.15295 0.00418 0.06384 0.26503 -0.10705 0.10609 -0.17082 -0.07440 -0.08775 -0.14780 0.03317 0.08789 -0.04801 0.06596 0.21555 -0.01074 0.23849 -0.27007 -0.17317 -0.03296 -0.03668
0.10448 -0.00104 0.07784 0.17735 -0.05622 0.19643 -0.04782 0.00361 0.01841 -0.11859 0.16141 -0.21629 -0.17275 0.09113 0.16333 -0.32103 0.02529 -0.31648 0.02959 -0.31167 -0.28755 0.01213 0.09245 0.14087 -0.06575 -0.17376 0.03294 -0.12555 -0.13985 0.07521 0.04072 -0.05836 0.06182 -0.18134 -0.02854 -0.01807 0.06855 -0.01755 -0.15467 0.20863
0.13267 -0.24032 -0.03378 0.24378 0.23006 0.12717 -0.16948 -0.01114 -0.12683 0.16433 0.13136 0.24208 -0.00738 0.01155 0.25541 0.16848 -0.00004 -0.15901 0.00863 -0.12096 -0.21442 0.08561 -0.03549 -0.18417 -0.13020 0.14511 0.17724 0.12837 0.07119 -0.09009 0.00870 -0.08072 0.02824 -0.25895 0.06113 0.11232 -0.11333 -0.00101 -0.27617 0.11499
0.29235 -0.02304 -0.21623 0.11331 0.09849 0.16249 0.09908 -0.16285 -0.13707 0.16797 0.05235 -0.06466 0.09466 -0.13417 0.31870 -0.01253 -0.05359 -0.04886 0.15702 -0.23206 -0.20833 0.12937 0.25293 -0.01971 -0.06864 0.12771 0.13790 -0.15582 -0.09341 0.31589 0.03348 -0.22077 0.09500 -0.21222 0.13375 0.14921 0.01018 0.21751 -0.06922 0.04643
-0.27106 -0.16835 0.39429 -0.13776 0.21397 -0.23370 0.04148 0.35500 0.14458 -0.09018 -0.39262 0.30605 0.32688 0.09373 -0.05950 -0.21180 0.02881 0.42600 0.18312 -0.07342 0.27110 -0.24340 -0.08672 0.23773 0.16357 0.36589 0.21334 -0.15297 -0.07894 -0.21416 0.10247 -0.10458 0.25814 -0.10889 0.03786 -0.26104 0.11307 0.24317 -0.15739 0.01628
-0.21856 -0.15222 0.23412 -0.02805 0.12456 -0.36934 -0.25881 0.32644 0.07566 -0.23470 -0.08552 0.28706 0.17356 0.04443 0.01745 -0.09232 -0.18252 0.37555 -0.28925 -0.06538 0.16030 -0.16498 -0.05240 0.11845 0.22444 0.28534 -0.15481 -0.10678 -0.26157 0.00447 -0.01905 0.02875 -0.07710 -0.02082 -0.22923 0.05023 0.20232 0.01536 -0.07240 0.02507
-0.11898 0.01123 0.28496 -0.03239 0.04141 -0.15127 -0.22313 0.22338 -0.11005 -0.08303 -0.24977 0.12817 0.27755 -0.05632 -0.14338 -0.21973 -0.07249 0.16087 -0.20292 -0.14174 0.08466 -0.12418 -0.24494 0.05364 -0.10408 0.33945 -0.00400 -0.16417 -0.25321 0.00917 -0.08865 -0.11575 -0.05626 -0.04407 -0.12786 -0.14621 -0.02364 -0.21258 -0.19164 0.27699
0.06809 0.20782 -0.02987 -0.07589 -0.10951 -0.13868 0.26961 -0.05431 -0.27637 0.17954 -0.13771 0.10186 0.03855 -0.22244 0.30937 -0.18713 0.14522 -0.02766 0.07153 -0.02864 0.01593 -0.03059 0.04584 0.16065 0.09064 0.06104 -0.09289 0.03297 0.05042 -0.02286 -0.09358 0.02982 -0.05704 -0.14888 0.25179 -0.11392 0.27384 -0.09187 -0.00854 -0.34551
0.01897 -0.16820 -0.17985 0.16696 -0.15545 -0.16012 0.12453 0.00898 0.23920 0.15789 0.01152 -0.10502 0.19537 -0.10182 -0.21700 -0.02116 0.00492 -0.16877 -0.01865 0.24712 -0.08782 0.16812 -0.10588 -0.08108 0.18901 -0.15032 -0.14650 -0.02979 0.12086 -0.10674 0.04471 -0.18088 0.01436 0.04257 -0.01011 0.12491 0.21827 -0.15892 -0.06681 0.16569
0.03777 0.02121 0.09065 -0.24149 0.02090 0.20293 -0.10569 -0.09505 -0.01471 0.16472 0.02250 0.06567 0.07012 -0.17289 -0.07149 0.12889 0.00926 -0.19956 -0.28987 0.00252 0.12980 0.00748 0.28876 0.19780 -0.08346 -0.15299 -0.17458 -0.20283 0.05787 -0.04389 -0.00600 -0.09423 0.07084 0.06458 0.05188 0.12711 -0.28046 -0.01433 0.05145 0.08778
-0.16202 0.21204 0.08972 -0.33904 -0.25295 0.03923 -0.15693 0.04156 0.16559 -0.16623 0.29495 0.23990 -0.15437 0.09892 -0.13259 0.23348 0.15503 -0.22938 -0.20160 0.15563 -0.19716 -0.02860 0.10017 0.21033 -0.14104 0.13848 0.01653 -0.03485 -0.16280 -0.11235 0.02727 0.12830 0.02170 0.25970 0.10083 0.12493 -0.38127 -0.17863 -0.01414 0.12372
0.02561 -0.04237 -0.17544 -0.17611 0.00842 0.10357 -0.07381 0.26951 0.00330 -0.22034 -0.10532 0.25373 -0.21903 -0.01687 0.39543 0.21485 -0.01487 0.10616 -0.15207 0.02469 0.04351 0.04461 0.29740 -0.04484 0.18703 0.11300 0.04498 0.15425 0.07674 -0.17935 0.01531 0.01357 -0.16374 0.16705 -0.26799 -0.03810 0.24292 0.12590 -0.07388 0.05510
-0.10297 -0.12602 -0.18543 0.17373 0.30788 0.13921 0.36327 0.28096 -0.32570 -0.18252 -0.16020 -0.06033 -0.25892 0.18843 0.10099 -0.30397 -0.17095 -0.40423 -0.26507 0.05660 -0.25688 0.25135 -0.27326 -0.08168 0.35408 -0.13327 -0.31101 -0.18091 -0.21450 -0.36212 0.25806 -0.27400 -0.25941 -0.13359 0.22660 -0.09791 0.23139 -0.32006 -0.28289 0.04668
0.21704 -0.15221 -0.16569 0.17366 0.11771 0.17772 0.18080 -0.08838 -0.23658 0.22381 0.01066 0.17721 -0.05012 0.00163 0.30831 0.11708 -0.13159 -0.14068 0.17302 -0.13636 -0.20783 -0.05354 0.14277 -0.00996 0.00798 -0.02006 0.14774 0.10681 -0.19485 0.06549 0.02194 -0.12280 0.00009 -0.20312 0.01598 0.13951 0.21928 0.23325 -0.32176 0.05408
-0.22005 -0.36253 -0.16898 0.23792 0.18329 0.48494 -0.03421 -0.25132 0.28093 0.12036 -0.00119 -0.25596 0.02545 -0.14783 0.04132 0.11682 0.04547 -0.21672 0.07733 -0.03518 -0.40071 0.09576 0.16005 -0.24392 -0.17100 0.26354 0.28293 0.09679 -0.24010 -0.30773 0.09802 -0.38264 0.16732 -0.36397 -0.06237 0.02953 -0.30643 0.05095 0.04733 0.18242
0.18075 0.19061 -0.16481 0.15545 -0.03203 -0.32553 0.15156 0.15899 -0.05139 -0.04687 -0.01471 0.02051 0.11853 -0.16162 -0.17688 -0.02646 -0.15016 0.13098 -0.20751 -0.10034 0.21271 0.16965 -0.02985 -0.10916 -0.08082 0.22858 -0.26508 0.06736 -0.01050 0.05480 0.13727 0.17564 -0.12523 -0.40774 0.01850 -0.06019 -0.13342 0.03800 0.16388 0.08959
-0.11684 0.07945 0.10593 -0.17188 0.00450 0.13096 -0.25322 0.12397 -0.08014 0.14205 0.23202 -0.12136 0.01457 0.02409 -0.10659 -0.04660 0.22574 -0.31845 0.08536 0.15849 -0.00585 0.04868 -0.08016 0.01675 0.04729 0.23513 0.10862 0.00099 0.21101 -0.27885 -0.05592 -0.05059 -0.01309 -0.28280 -0.12468 -0.04580 0.22562 -0.07838 -0.00273 0.14237
0.36439 0.30104 -0.32488 -0.10279 -0.00770 -0.05177 -0.15237 0.13194 -0.13933 -0.10557 0.13198 -0.09165 0.05199 -0.25451 -0.18637 -0.12531 -0.21609 -0.01969 -0.26470 0.20303 0.17412 -0.17080 0.05091 -0.14734 0.07906 -0.02534 -0.10728 -0.05697 -0.01078 -0.07204 0.05907 0.11723 -0.25535 -0.19272 -0.07922 0.19844 0.03026 0.23527 0.32269 -0.09077
0.24368 0.09642 0.17159 0.18159 -0.12924 0.17431 -0.24227 -0.04768 -0.10280 -0.22762 0.12706 0.25890 -0.25573 -0.10520 0.10819 0.32010 -0.19044 -0.18845 -0.25618 -0.17662 0.08314 0.02625 0.06526 -0.15026 0.06705 -0.06772 0.14008 -0.29620 0.13684 0.06683 -0.16865 -0.37309 -0.08151 0.19351 -0.10568 0.02824 0.02174 0.04216 0.14651 0.11000
0.05369 0.18454 -0.12628 -0.26673 -0.10628 -0.29597 0.16337 -0.00175 -0.07912 -0.00696 -0.15173 0.20827 -0.11663 -0.00134 0.13697 -0.00869 -0.13956 -0.00179 0.12189 0.02952 0.06137 0.04812 -0.06350 0.03917 0.11470 0.08955 -0.12413 0.09758 0.03024 -0.05021 -0.12884 0.07598 -0.05148 -0.01683 0.22569 -0.32600 0.21592 -0.01782 0.11584 -0.33283
0.26982 0.04342 -0.23184 -0.11942 0.19971 0.24487 0.08054 -0.32245 -0.12984 0.12825 -0.02247 0.12160 0.14675 -0.20358 -0.02471 0.01963 -0.31767 -0.32832 0.15542 0.04962 -0.20673 0.13040 -0.21535 0.01276 0.03927 0.01078 -0.18430 0.13620 -0.11946 0.30936 -0.18543 0.03554 -0.12307 -0.33286 0.11379 -0.14752 0.31954 0.15405 -0.09742 -0.04015
0.06686 -0.15890 -0.21417 0.15857 0.18838 0.04728 0.01359 0.09285 0.08389 0.04810 -0.08111 -0.05420 0.24759 -0.04167 -0.13164 0.09845 0.02473 0.04176 -0.10607 0.29619 0.07881 0.01534 -0.09503 0.06996 0.15538 -0.14909 -0.08458 0.06172 0.13357 -0.20144 0.00818 0.05628 -0.13480 0.38142 -0.05199 -0.09295 0.14663 -0.04346 -0.07145 0.12267
-0.23322 0.27285 -0.22196 0.30028 0.08128 0.21348 0.09599 -0.16420 -0.15314 -0.09566 -0.22206 -0.00018 0.03543 -0.25774 -0.11982 -0.08141 -0.15243 0.12765 0.12217 0.05458 0.26750 0.17860 0.19597 0.24913 0.06034 -0.16772 -0.11858 -0.14323 0.14443 0.11559 0.26848 -0.13135 0.21539 0.00792 -0.04900 0.22069 0.25545 0.03983 -0.01752 -0.00545
-0.02476 0.14586 0.14034 -0.13662 -0.29448 0.02755 -0.14701 -0.07227 -0.21794 -0.09686 0.19326 0.13465 0.03076 -0.15924 -0.15799 0.06821 -0.04292 0.15882 -0.24138 0.25612 -0.13513 -0.01779 0.26506 -0.16329 0.14801 -0.14843 -0.18590 -0.05794 -0.27943 -0.10228 -0.14196 -0.10065 0.18049 0.19538 -0.00993 0.03866 -0.05743 -0.17781 -0.13241 0.21888
-0.22265 -0.10741 0.19863 -0.11702 0.08005 0.13675 0.07096 0.19365 0.20881 0.02014 -0.11613 -0.07225 -0.24587 0.33603 0.05701 0.19355 0.10252 -0.16056 -0.29757 0.16592 0.06878 0.01335 0.08927 -0.17825 0.21833 0.05717 -0.18920 -0.16116 0.00601 -0.17135 -0.27260 -0.02398 0.13936 0.32438 0.23420 0.00224 0.34631 0.29062 0.00332 0.14665
-0.14827 -0.06908 0.28250 -0.23438 -0.20302 0.00862 -0.11221 0.11192 -0.11258 -0.06440 0.22129 -0.00877 -0.08232 -0.09820 -0.14796 0.14272 0.11982 -0.36217 -0.00457 0.17090 0.13190 0.02694 -0.01625 0.11359 -0.16955 0.10060 -0.01078 0.14562 0.21458 -0.33337 0.07422 -0.00598 0.19639 -0.26759 -0.19743 -0.04847 0.26420 -0.22236 0.17063 0.26397
0.18739 -0.04328 0.15863 0.01108 -0.15392 0.26913 -0.09107 -0.22055 -0.01564 -0.22962 0.16063 0.30122 -0.11227 0.03030 0.07864 0.24141 -0.05543 -0.31530 -0.24757 -0.06473 0.01798 -0.02148 0.02982 -0.04921 0.14638 -0.00579 0.19788 -0.41019 -0.16645 0.03161 -0.22901 -0.30496 0.05489 0.06516 -0.07623 -0.01616 0.09283 0.15130 0.07199 -0.04817
0.09588 0.38279 -0.10582 0.35941 -0.27031 0.20539 -0.12071 -0.11299 0.07790 0.02378 0.18571 -0.18343 -0.19808 0.06991 0.10334 -0.02169 -0.14198 0.22069 -0.34748 -0.06801 0.00543 -0.19795 -0.01665 -0.23578 0.02309 -0.13360 -0.00335 0.21954 0.23565 0.04160 0.13679 0.02142 -0.30648 0.18626 -0.22394 0.06215 -0.03789 -0.24086 0.00604 0.17258
-0.19489 -0.30739 0.32437 0.06252 0.19977 -0.08819 -0.07590 -0.08942 -0.34630 -0.20397 0.29542 -0.09786 0.08591 -0.03019 -0.14537 0.06542 0.11084 -0.35670 0.16372 -0.14464 0.16108 0.15003 0.04008 0.07680 -0.26625 -0.19783 -0.00411 0.04330 -0.12852 0.10859 -0.16512 -0.12522 0.12510 0.15482 -0.21330 0.30497 -0.09582 0.12497 0.10992 0.11276
-0.26590 0.16399 -0.23318 -0.03926 0.21471 0.18800 0.18551 0.03600 0.14821 -0.29679 -0.36318 -0.05865 0.22526 -0.00896 0.20195 -0.07581 0.15418 0.00628 -0.04074 -0.17613 -0.15367 -0.02469 0.04969 0.08187 0.01165 -0.22438 0.05935 0.10956 -0.08911 0.01721 0.01988 0.03812 0.04177 -0.17407 0.26984 -0.09547 0.28748 -0.12737 0.14130 0.28496
0.15835 0.04870 0.14948 -0.15235 0.00299 0.02148 -0.00633 0.08689 -0.25555 -0.22487 -0.16478 0.22131 -0.10966 0.15983 0.12080 -0.10556 -0.03636 -0.07239 0.11402 -0.15476 0.15067 0.14818 -0.03716 -0.15019 -0.03888 -0.05174 -0.00707 -0.23103 -0.12308 0.09117 -0.18160 0.15478 0.17543 0.17052 0.28466 0.05224 0.27838 0.14650 0.00941 -0.24874
0.20374 -0.22993 -0.16009 -0.11715 0.32354 0.17265 -0.10960 -0.08297 0.05363 0.00714 0.36712 0.01646 0.25276 0.02703 -0.12549 -0.05513 0.29955 -0.05636 0.12056 0.12169 0.11155 0.11275 -0.02066 -0.17433 -0.10372 0.03895 -0.21302 0.28937 -0.35481 -0.23351 0.03345 -0.18567 -0.21528 -0.20270 0.27814 -0.19039 -0.24336 0.16371 -0.16404 0.23308
0.13789 0.28843 0.42964 0.24366 0.29377 0.37327 0.02566 0.14256 -0.14513 0.08328 0.25148 0.18187 -0.24397 0.16263 0.03104 0.32218 -0.06996 -0.21458 0.13927 -0.18864 -0.06134 -0.07050 0.11881 0.00038 -0.46162 0.03273 -0.17149 0.30740 -0.27856 -0.08948 -0.26209 -0.28155 -0.18723 0.09519 -0.01410 0.26177 -0.07589 -0.33752 -0.06653 0.35996
0.04544 0.08789 -0.11403 -0.24714 0.31424 -0.19658 -0.04109 0.16829 -0.10235 0.18467 0.03926 0.22062 0.02433 0.04132 0.11734 -0.07621 0.14595 0.01822 0.29981 -0.19885 -0.08208 -0.13812 0.04185 0.09654 0.12851 0.10694 -0.01329 0.04099 0.33904 0.03016 0.20375 0.07746 -0.11202 -0.14050 0.18560 -0.11045 -0.00487 0.43502 -0.12421 0.26591
0.20494 0.01295 0.06757 -0.19965 0.37034 -0.28486 -0.06695 -0.08261 0.18108 -0.07072 0.24207 -0.07464 -0.15612 -0.06796 0.11960 -0.02806 0.07449 -0.02027 0.13787 -0.36538 -0.03810 -0.03403 -0.10340 -0.15473 -0.10732 -0.15381 0.16491 -0.16795 0.33615 0.06713 -0.11713 0.14651 0.10859 -0.08041 0.11440 -0.14448 0.06701 0.43973 0.05909 0.14996
0.07118 -0.10751 0.04422 -0.21253 0.26090 -0.11778 -0.08838 0.08773 0.00492 -0.08323 0.12219 0.04282 -0.03950 0.03923 0.03034 -0.07797 -0.03657 0.12684 0.14972 -0.36465 0.02679 -0.11016 -0.04981 -0.12630 -0.06043 -0.09831 0.21105 -0.00963 0.26802 0.00467 -0.00130 0.19396 -0.14742 -0.08913 -0.05354 -0.14203 0.03390 0.37833 -0.00065 0.12371
-0.12773 0.08809 -0.28865 -0.07958 0.00624 -0.34654 0.01070 -0.09466 0.15262 -0.23406 -0.20312 0.32943 -0.14500 0.18978 -0.13615 -0.01967 -0.21799 -0.05226 -0.35172 0.19466 0.14827 -0.01388 0.23897 0.03825 -0.00228 0.23684 -0.38420 0.10207 0.07244 0.27156 0.27245 0.23202 -0.37986 -0.32392 -0.06843 0.16644 -0.06733 -0.01762 0.25032 0.10308
0.19670 -0.12240 0.05427 0.17459 -0.11221 0.11955 -0.07909 -0.01002 -0.14462 0.16234 0.18364 0.06369 0.05145 -0.08493 0.18552 -0.08444 -0.17261 -0.17846 0.03287 -0.18039 -0.14868 0.03427 0.13567 0.04123 -0.11589 0.08285 0.24718 -0.05576 -0.17849 0.03813 -0.08023 -0.01019 -0.01509 -0.27290 -0.11226 -0.01186 0.17528 0.06745 -0.21007 0.01430
0.03997 0.42988 0.20912 -0.09115 0.05108 0.20075 -0.42232 -0.04127 -0.27035 -0.10041 0.04550 0.28193 -0.36589 -0.07149 0.05770 -0.37912 -0.26751 0.08331 -0.39627 -0.11926 -0.14014 -0.09914 -0.27582 -0.19748 0.01132 -0.05175 -0.09860 -0.31618 -0.16464 -0.38214 -0.04393 -0.01129 0.17536 -0.13609 0.01787 -0.11411 0.33258 0.34351 0.26332 -0.04035
0.18737 0.11578 -0.08155 -0.20412 -0.08802 0.17971 -0.09119 0.07467 -0.06233 -0.25391 0.08790 -0.01385 -0.14036 -0.26014 0.05038 0.11198 -0.17972 -0.03620 -0.18755 -0.09350 -0.00560 -0.24694 0.14404 -0.16427 -0.04174 0.02330 -0.23007 -0.20957 0.00980 -0.18419 0.01315 -0.08297 0.17375 0.16362 0.22179 0.14385 -0.21350 -0.30399 -0.03080 0.02967
0.20820 0.01342 -0.23047 0.21754 0.10187 -0.27430 -0.10207 0.04736 -0.05535 -0.24753 0.10717 0.15666 0.07997 -0.18135 0.04564 -0.02637 -0.13697 -0.11505 -0.15595 0.17250 0.24494 0.07634 0.12350 -0.29314 -0.06522 0.29141 -0.28810 0.28642 0.05008 -0.08757 0.17359 0.24337 -0.07811 -0.01962 0.07689 -0.09493 -0.10851 0.23769 0.31783 -0.15948
0.18561 -0.05382 -0.06302 0.05268 -0.23874 -0.17152 0.32930 -0.13693 -0.24326 0.04155 -0.23206 -0.27280 -0.08751 0.00736 -0.24044 -0.07983 -0.04435 -0.09954 0.20582 0.02778 -0.07076 -0.12249 -0.30297 0.10796 -0.08517 -0.02290 0.14904 -0.27845 -0.17645 -0.07017 0.06109 0.18559 -0.09416 0.01223 0.12571 0.04668 0.11686 -0.02075 0.13517 0.08999
0.22106 -0.17152 0.23521 0.02737 -0.23826 -0.23253 0.27181 -0.14090 -0.20066 0.00113 -0.09840 -0.28227 -0.17631 0.11607 -0.27494 -0.03371 0.13895 -0.15968 0.27203 0.12620 0.08668 -0.10126 -0.25050 0.14415 0.02388 -0.07418 0.09814 -0.23634 -0.16464 0.01169 -0.04347 -0.01067 -0.06540 0.03895 0.12201 0.15255 0.09610 0.03404 0.09614 0.10071
-0.29444 0.01070 0.16002 -0.28590 0.03993 0.10439 -0.29619 -0.00442 -0.01678 0.04034 0.21306 0.08432 -0.11291 -0.01426 -0.13019 0.08295 0.22124 -0.19303 0.07177 0.02577 0.07461 0.13848 -0.17769 0.07628 0.12290 0.09020 -0.03474 0.01399 0.19884 -0.28671 -0.13818 0.09552 0.09487 -0.18971 -0.24775 -0.21091 0.14408 -0.12221 -0.13892 0.09187
0.23908 -0.19403 0.01112 -0.04332 -0.23810 -0.00343 0.46554 -0.25013 0.01700 0.16626 0.02183 -0.19369 -0.15455 -0.03437 -0.21978 0.00269 0.00349 -0.28594 0.04272 0.16858 0.05493 -0.11729 -0.42422 0.04920 -0.01369 0.03362 0.30661 0.08378 -0.06517 0.04013 0.14988 0.10465 -0.11213 0.08946 0.04586 0.09390 0.06496 -0.23375 0.17251 0.17715
-0.14136 -0.01614 0.11303 0.20508 0.06145 -0.02817 0.20928 0.24469 -0.09219 0.30592 0.21975 0.07127 0.05172 -0.05736 -0.04007 -0.15209 0.18814 -0.01630 0.04930 -0.06237 0.01610 0.06099 0.03817 -0.04812 -0.12820 0.36833 -0.04310 0.10921 -0.01828 0.25077 -0.11835 0.02213 -0.04349 0.18260 -0.40120 0.04896 -0.09582 -0.08957 0.30178 -0.23098
-0.20565 -0.14090 0.19032 0.11749 -0.11548 0.12159 0.12013 0.18624 -0.09815 0.12860 0.18336 -0.00352 0.05761 -0.04817 -0.05756 -0.15487 0.03534 -0.15741 -0.01103 -0.04359 -0.16280 0.07080 -0.02298 -0.10846 -0.10238 0.31550 -0.02962 0.15561 -0.02065 0.25732 -0.08694 0.25728 -0.00397 0.17356 -0.26782 0.17792 -0.06922 -0.09891 0.30098 -0.19337
0.14745 0.21417 0.07249 0.20217 0.16582 -0.27092 -0.05443 0.15771 -0.09588 -0.24776 0.09754 -0.12107 -0.01482 -0.26272 -0.13844 -0.16142 -0.22371 0.02499 -0.06041 0.22800 0.07918 0.08672 0.01797 -0.22387 -0.13932 0.19991 -0.25660 0.24477 0.06353 -0.16909 -0.10798 0.23092 0.04792 -0.19516 0.04657 0.02700 -0.19650 0.22888 0.12479 -0.05886
0.18846 0.19709 -0.33806 0.21163 0.08050 -0.34379 0.03335 0.06513 -0.02346 -0.16256 0.07173 -0.03298 -0.09397 -0.26490 -0.00383 -0.14186 -0.09433 0.05113 -0.12822 0.01444 0.15454 0.15336 0.14250 0.00995 0.01576 0.07016 -0.14889 0.11349 0.00852 -0.09612 0.06476 0.11105 -0.24457 0.08809 0.09857 0.02928 -0.09267 0.07510 0.23276 0.06466
0.03562 0.20581 -0.11895 0.06417 0.17071 -0.23499 -0.11938 0.09156 0.01943 -0.22563 -0.01917 -0.09797 -0.03219 -0.23532 -0.16353 -0.11218 -0.30547 0.03098 -0.05358 0.02848 0.19407 0.16102 -0.06361 -0.18483 0.11604 0.31397 -0.28495 -0.03990 0.09766 -0.20054 0.03396 0.22311 -0.12073 -0.07775 0.02889 -0.10162 -0.13903 0.18446 0.26516 0.03697
0.06377 0.29546 -0.16534 -0.34005 0.03816 -0.07879 0.22802 0.05100 -0.01064 -0.14317 -0.08860 0.16866 -0.11356 -0.09669 0.33695 -0.19715 -0.01349 -0.17207 0.13200 -0.04650 -0.18839 0.17843 0.14833 0.03206 0.07498 -0.08765 -0.10352 0.03511 -0.13904 -0.10705 -0.03645 0.12605 -0.19404 -0.18621 0.13039 -0.04450 0.31810 -0.05189 0.01301 -0.32641
0.08035 0.07310 -0.13029 0.22123 -0.04395 0.27656 0.08001 0.09484 0.03068 0.26954 0.15026 -0.09264 0.18454 0.00858 0.06163 -0.19117 0.05027 -0.14688 0.31373 -0.10265 -0.23348 0.14961 0.06377 0.21802 0.11845 -0.07609 0.17943 -0.01664 0.04819 0.05346 0.24288 -0.07033 0.04799 -0.31512 0.06740 0.15027 0.08154 0.08057 -0.30342 0.00447
0.11466 0.21602 -0.02155 -0.08853 0.18202 0.02941 0.25958 0.03109 -0.33996 0.02073 -0.02224 0.10259 0.08772 0.12509 0.16439 -0.16799 -0.09724 -0.25679 0.18006 -0.02591 0.08490 0.04277 -0.14304 0.07889 -0.01796 0.15238 -0.11920 -0.08349 -0.11918 -0.10221 0.05963 0.12342 0.12947 0.08697 0.20066 0.03620 0.00336 0.08504 0.00911 -0.38577
-0.13724 -0.06073 0.07400 0.31252 0.26134 0.00669 -0.29869 -0.12877 0.27323 -0.01342 -0.11752 0.00298 -0.02006 0.10515 0.07671 0.32771 0.18804 0.03921 0.19616 -0.05337 0.28652 -0.10334 0.08084 -0.08080 -0.29993 -0.29320 0.07855 0.28256 -0.21080 -0.14052 0.11000 0.19387 0.28927 -0.10294 -0.20246 -0.22107 0.31394 -0.24217 0.00465 -0.18763
-0.19356 -0.28504 -0.06417 -0.04008 0.04908 -0.11926 0.15657 0.09554 0.13753 0.16411 -0.25592 0.05738 0.30342 0.12920 -0.20026 0.26328 -0.05495 0.04024 -0.05023 0.28122 0.26271 0.02657 0.10945 0.04913 0.19814 -0.18466 0.08303 0.09520 0.02631 0.06968 -0.08600 0.25542 -0.01958 0.10101 0.12567 -0.01887 -0.05761 -0.23831 -0.02811 -0.01766
0.01079 -0.17452 -0.22620 0.25058 0.00219 -0.18052 0.00711 0.08023 0.14203 -0.06921 -0.02382 -0.24355 0.01952 0.11642 -0.12547 0.07795 -0.17452 -0.20787 0.06271 0.33525 0.14848 0.06338 -0.19024 -0.00601 -0.01796 -0.36555 -0.10868 -0.15466 0.18088 0.03868 -0.08128 -0.22040 -0.12477 0.19325 0.01931 0.10283 0.29800 0.09402 -0.16695 0.01078
0.31156 -0.18676 0.31570 0.16433 0.14883 0.00585 -0.14432 -0.16833 -0.01658 -0.19389 -0.27498 -0.24636 -0.13875 -0.18887 -0.09015 0.02098 0.19605 -0.17695 -0.14800 -0.29759 -0.13182 0.06793 0.33232 0.07689 -0.21911 -0.14311 -0.25425 0.17968 -0.17603 -0.00528 -0.04987 -0.24711 -0.04803 -0.22191 -0.14268 -0.01612 -0.00534 -0.12510 0.01024 0.17654
0.10712 -0.14242 0.04378 0.06856 0.03049 0.03449 0.12488 0.15050 -0.04241 -0.03224 -0.11216 -0.25342 0.21063 -0.13168 -0.00564 -0.06941 0.05113 -0.21595 -0.02561 0.30759 0.05683 -0.16681 -0.01002 0.15319 -0.00895 -0.22229 -0.12180 -0.18150 0.04289 -0.03632 -0.08279 -0.12313 0.04771 0.29242 0.12798 -0.12215 0.24223 0.02507 -0.01628 0.05657
0.18466 0.08107 0.20199 0.15243 -0.04500 0.22322 -0.12277 -0.19177 -0.13554 0.03704 0.32856 0.15060 0.10358 -0.05611 -0.11534 -0.13811 0.17811 -0.13797 0.05598 0.19806 -0.00821 -0.34584 -0.11833 0.20504 0.00985 0.08581 -0.14370 -0.11202 -0.07910 -0.20822 0.13624 0.12335 -0.07626 0.09959 0.14549 -0.01097 -0.01483 -0.01713 -0.23320 0.04381
-0.21713 -0.18487 -0.03240 0.28357 -0.07826 -0.24239 0.23628 -0.11543 0.35762 -0.09930 -0.20315 0.17386 -0.03517 0.06389 0.08272 0.19934 0.22880 0.23332 0.13451 0.10937 0.09495 0.27220 -0.21783 0.30449 0.22856 -0.14766 0.01149 0.06606 0.13460 -0.24343 -0.10391 0.07580 -0.12475 0.16945 -0.15745 -0.08358 0.05899 -0.03685 0.00518 -0.00419
0.13170 -0.07651 -0.08095 0.10083 -0.10093 -0.15930 0.04542 -0.12904 -0.11842 0.09245 0.02967 -0.15302 0.05054 0.01078 0.06423 -0.08182 0.00733 -0.07678 0.01114 0.19103 0.00876 0.09166 0.04151 0.21456 0.14144 -0.20589 0.10646 0.10282 0.07304 0.01362 0.02056 -0.20479 0.10065 0.19420 0.00770 0.02409 0.12693 0.01037 -0.12643 0.16668
0.12738 0.00200 0.07920 0.35914 0.22246 -0.23010 -0.27486 0.10097 0.26558 0.10890 -0.21322 0.02969 -0.17874 0.06014 0.29408 0.01176 0.12860 -0.16830 0.33719 -0.13481 0.12501 -0.19653 0.09575 -0.09432 -0.22630 -0.20900 -0.08544 -0.00586 -0.09387 -0.10766 0.02616 0.25671 0.15757 -0.02795 -0.17088 -0.21534 0.33403 -0.09532 -0.10995 -0.14040
0.16525 -0.34047 -0.08058 0.17192 0.20978 0.17376 -0.09250 0.24392 -0.17161 -0.30215 0.17421 -0.24003 -0.16340 0.15126 0.16130 -0.05390 0.06315 0.29247 -0.11457 0.05046 -0.15635 -0.04075 0.04696 0.05216 0.34999 -0.22741 -0.05591 0.08083 -0.04736 -0.18209 -0.14066 0.09557 -0.11222 0.15183 0.19594 -0.11521 -0.46144 0.14094 0.06613 -0.11382
0.07678 -0.15185 -0.20262 -0.23206 0.07735 0.06015 0.04245 -0.16024 -0.08757 -0.02823 0.09902 -0.27880 0.15651 -0.30190 -0.14961 -0.05823 0.09168 0.22432 -0.15285 0.13888 -0.01087 -0.12021 0.19260 -0.01191 -0.23938 -0.03820 0.18010 -0.33552 -0.16331 -0.17774 -0.36236 0.17763 0.04529 0.25705 -0.06358 0.24961 -0.28034 -0.09469 -0.10846 -0.13293
-0.04739 -0.12597 -0.13093 -0.04628 -0.07827 0.00252 0.28437 0.15963 0.19972 0.01630 -0.19564 -0.19665 0.20950 0.12145 -0.24006 -0.04571 0.02910 0.22514 0.06268 0.17839 0.01245 -0.15876 -0.00477 0.11872 -0.01645 -0.16063 -0.04398 -0.08301 -0.00181 0.13749 -0.06337 -0.08525 0.10050 0.29795 -0.10482 -0.19903 -0.11566 0.01317 0.02203 0.21371
-0.02118 0.35763 -0.15760 0.35893 -0.15552 0.17376 -0.24072 -0.20011 0.09976 0.01625 0.08552 -0.25054 -0.26067 -0.09662 0.23491 -0.03535 -0.15041 0.22952 -0.31264 -0.08792 0.08624 -0.04967 -0.14414 -0.17072 0.11009 -0.12714 -0.01866 0.26246 0.14578 0.06791 0.12295 0.05321 -0.29983 0.27132 -0.08099 0.05255 -0.02091 -0.20067 0.09606 0.09605
-0.14636 0.07676 -0.04550 -0.34261 -0.17647 0.14281 0.05745 0.00774 -0.31482 -0.18318 0.23814 0.04884 0.18301 -0.24353 -0.06462 0.05736 -0.07103 0.14277 -0.16036 -0.07215 0.11134 0.06048 0.31147 -0.17390 -0.12133 -0.08743 -0.12360 -0.17358 -0.03213 -0.12755 0.12827 0.04459 0.11235 0.07847 0.03577 -0.05626 -0.29770 -0.19273 -0.17486 -0.12993
-0.12045 0.11058 0.13483 -0.33928 0.28054 0.24631 0.27136 0.04623 0.24398 -0.08723 0.04474 0.16294 0.20517 0.04925 -0.15492 -0.11951 -0.07779 -0.19852 0.01246 -0.22657 -0.08079 -0.07218 -0.06097 -0.17887 -0.17484 -0.15200 -0.28999 -0.00744 0.16752 -0.35934 0.11284 0.07153 0.22595 0.29437 0.00866 -0.19528 -0.09700 -0.02014 0.13641 -0.04382
0.13788 -0.08692 0.17854 -0.30332 -0.16860 0.04286 -0.05450 -0.22222 -0.18212 -0.16790 0.29484 -0.03639 -0.11979 -0.13342 -0.07326 0.17757 0.18088 0.12103 -0.26308 -0.04802 -0.01040 -0.27612 0.03583 -0.21674 -0.01883 -0.22167 -0.11244 -0.28617 -0.17589 0.06476 -0.01116 0.21836 0.17992 0.08851 -0.04389 0.06453 -0.27846 -0.19167 -0.11302 -0.17669
-0.03535 -0.12274 -0.00815 -0.22659 0.02580 -0.00118 0.11772 0.11626 -0.25727 -0.19519 0.05089 0.04365 0.15773 0.07072 0.11692 -0.01598 0.03744 0.05223 -0.21943 0.00389 0.09800 0.07538 0.33785 0.07690 -0.16359 -0.07504 -0.26198 -0.34643 0.03783 -0.09409 0.05250 -0.01992 0.18194 0.32345 -0.10554 -0.06043 -0.06345 0.04203 -0.09158 -0.20699
