-0.13109 -0.10128 -0.19886 -0.23218 0.32184 -0.31492 0.15449 0.05122 -0.17839 0.05377 -0.03777 0.03531 0.26927 0.22845 0.15640 -0.07472 0.05588 -0.02586 -0.01568 -0.13366 -0.00285 -0.14517 -0.20369 -0.12031 0.01713 0.04849 -0.10141 0.00064 -0.09073 -0.00632 -0.19729 0.04030 0.25997 -0.17216 -0.06838 -0.10379 -0.09905 0.03224 -0.03417 0.04100
-0.03185 -0.16984 0.00341 -0.01445 -0.03200 0.26942 -0.23738 0.01109 0.24033 -0.11165 -0.26757 -0.08990 -0.21230 -0.12299 -0.03035 0.09502 -0.21900 0.10798 0.08216 -0.01978 0.14120 -0.05179 0.19568 0.01451 0.13913 -0.03989 -0.00770 0.38151 0.13127 0.18333 0.16736 0.05498 0.03806 0.09081 0.06696 0.24150 -0.09969 0.06329 -0.02233 0.07930
0.11081 0.22029 0.18239 0.16509 -0.16020 -0.05857 0.06278 -0.05403 -0.04493 -0.05145 0.14351 0.13846 0.04808 0.09562 0.03254 -0.06344 0.01374 -0.11210 -0.08298 0.14844 -0.09840 0.12624 -0.08653 0.15773 -0.08585 0.10069 -0.02829 -0.22620 -0.09094 0.09173 0.10446 0.00310 -0.04082 -0.02913 0.10387 -0.09486 0.08593 -0.14418 -0.06241 -0.10503
0.12123 0.15178 0.14007 0.16138 -0.05207 -0.07944 0.10245 0.02430 -0.11898 -0.07390 0.20429 0.11770 -0.05949 0.15000 -0.15488 -0.12431 -0.10843 0.17359 -0.05061 -0.24839 -0.17216 -0.17427 0.01270 0.05061 -0.24509 0.01894 0.01321 -0.17845 0.23788 -0.20157 -0.31380 0.11615 -0.12008 -0.02020 0.00235 -0.05736 0.10283 -0.09237 -0.07066 -0.22523
0.01543 -0.19769 -0.00350 -0.03360 -0.00981 0.35012 -0.23280 -0.01447 0.29816 -0.17501 -0.25820 -0.08751 -0.27634 -0.14600 -0.07836 0.18050 -0.22606 0.05648 0.05169 -0.00950 0.13138 -0.03180 0.19776 0.03031 0.11029 -0.07077 -0.00198 0.34714 0.13841 0.22903 0.22151 0.02360 0.07296 0.01666 0.06181 0.25620 -0.13896 0.04657 -0.08017 0.13814
-0.03346 -0.03574 -0.13181 -0.03803 0.21220 -0.17393 0.16409 0.04683 -0.07831 -0.01022 -0.11073 0.04813 0.12232 0.18101 0.13720 -0.01461 0.13990 0.05926 0.01078 -0.11178 -0.02290 -0.14693 -0.13865 -0.09525 -0.04475 -0.07784 -0.07801 0.02031 -0.06329 -0.04257 -0.14383 0.00853 0.26390 -0.16277 -0.08185 -0.17648 -0.00493 -0.08152 -0.01263 0.11540
-0.10468 -0.04496 -0.21163 -0.16285 0.23640 -0.37935 0.17976 0.10600 -0.19017 0.11471 -0.13373 0.01242 0.27038 0.22498 0.17405 -0.07814 0.13963 0.03016 0.06251 -0.11858 -0.04812 -0.14795 -0.21104 -0.14045 0.00149 -0.01567 -0.05951 -0.01645 -0.03391 -0.10464 -0.20818 0.06480 0.27549 -0.12024 -0.10347 -0.21362 -0.04668 -0.01751 0.03577 0.04628
0.09998 0.12239 0.14367 0.14904 -0.08355 -0.04061 0.08985 -0.05745 -0.10835 -0.07649 0.19803 0.16988 -0.04951 0.12952 -0.22006 -0.06329 -0.10167 0.22366 -0.02796 -0.27316 -0.16095 -0.15505 0.00802 0.04328 -0.25891 -0.00084 0.01461 -0.21888 0.21972 -0.20670 -0.31828 0.12184 -0.15332 0.02260 0.02236 -0.02356 0.13685 -0.06188 -0.09991 -0.20794
0.02680 -0.18838 -0.00783 -0.02291 0.03972 0.28725 -0.23805 0.04483 0.28099 -0.16774 -0.26707 -0.12493 -0.28457 -0.15324 -0.06157 0.13557 -0.26454 0.10946 0.02633 -0.00091 0.10365 -0.07151 0.18714 0.02256 0.06778 -0.08987 0.02942 0.37145 0.17444 0.16956 0.18066 0.05586 0.11311 0.02837 0.08791 0.28977 -0.15684 0.05332 -0.04290 0.09178
0.05527 0.10878 0.22501 0.10883 -0.22173 -0.01614 0.03190 -0.09241 -0.13133 -0.04681 0.20581 0.19147 -0.00847 0.13822 -0.20155 -0.10460 -0.14842 0.18779 0.04500 -0.23660 -0.13430 -0.10960 0.10180 0.00975 -0.19762 0.02424 0.01758 -0.15301 0.21578 -0.17653 -0.30926 0.16173 -0.20326 0.07996 0.00566 0.04664 0.13671 -0.07402 -0.01422 -0.30204
0.11346 0.16985 -0.01824 -0.00238 0.26412 -0.08330 -0.02366 0.04539 -0.04555 -0.03293 0.20716 -0.06748 -0.15507 0.15175 0.16542 -0.14994 0.02721 -0.14300 -0.15620 0.13346 -0.08445 0.05237 -0.01184 0.00764 -0.14302 -0.02219 0.19598 0.10557 0.06045 -0.07486 -0.28112 0.02723 0.04263 -0.20296 0.05154 -0.00774 -0.13453 -0.21920 0.12903 0.05741
0.06715 0.18883 0.16717 0.20234 -0.20548 -0.03640 -0.07412 0.09850 -0.05519 0.07711 0.15088 -0.11827 0.21000 0.01629 0.20920 -0.20270 0.17654 -0.04144 0.02308 0.14486 0.04622 0.02450 -0.14972 0.02837 0.06875 0.10529 -0.04580 -0.17320 -0.14278 -0.22004 0.06274 0.01160 -0.27630 0.05863 -0.14109 -0.24831 0.28128 0.00510 0.15962 -0.10100
0.13713 0.20415 0.15095 0.28962 -0.20468 -0.01253 -0.02225 0.08931 -0.11531 0.06387 0.15803 -0.08049 0.17358 -0.01244 0.31532 -0.24701 0.15077 -0.12610 0.03323 0.20682 0.11021 0.09101 -0.01761 0.09971 0.12424 0.11910 -0.00261 -0.08727 -0.20220 -0.14687 0.07706 -0.06965 -0.26145 0.08627 -0.08408 -0.17137 0.30498 -0.08269 0.23576 -0.02888
0.07196 0.17115 0.17705 0.29315 -0.26529 0.02215 -0.08356 0.02833 -0.06797 0.07297 0.15184 -0.14836 0.19432 -0.12656 0.22642 -0.19973 0.19318 -0.13740 -0.00865 0.26474 0.08528 0.10882 -0.05745 0.05767 0.15690 0.11553 -0.00382 -0.14882 -0.22984 -0.17107 0.18356 -0.10722 -0.33424 0.07835 -0.12249 -0.21242 0.33960 0.01331 0.15399 -0.07769
-0.03970 -0.07578 -0.19863 -0.17636 0.25070 -0.32202 0.21671 0.03488 -0.18728 0.11894 -0.06138 0.07121 0.26726 0.22660 0.14379 -0.07734 0.06651 0.04686 0.01329 -0.11492 0.01299 -0.13532 -0.28022 -0.06784 0.01723 0.02972 -0.15779 -0.11890 -0.12346 -0.03008 -0.16858 0.04277 0.25434 -0.06944 -0.07872 -0.20677 -0.04902 0.00217 -0.05445 0.04666
-0.12038 -0.09106 -0.16848 -0.20407 0.19161 -0.26726 0.08478 0.00985 -0.13319 0.12338 -0.10250 0.02046 0.29276 0.20882 0.15956 -0.05933 0.06619 -0.05872 0.05612 -0.04140 0.01841 -0.08656 -0.13462 -0.13565 0.03960 -0.01900 -0.07111 0.02964 -0.17013 0.04116 -0.13908 0.07790 0.26524 -0.10808 -0.09512 -0.10150 -0.10582 -0.01760 0.02125 0.05083
-0.07504 -0.03227 -0.05465 -0.18795 0.07353 -0.17611 -0.06282 0.19900 0.02626 0.04736 -0.09638 -0.12468 -0.07604 0.01482 0.10877 -0.09006 -0.10659 0.03491 0.16214 -0.10468 0.00737 -0.11499 -0.00658 -0.09849 0.07910 0.01539 0.01304 0.26725 0.19147 -0.02461 -0.17212 0.02754 0.14978 -0.03513 0.01340 0.14999 -0.14517 0.04227 0.13849 -0.00934
