0.03451 0.01762 -0.10569 0.10648 -0.27524 -0.15907 -0.05225 0.14902 -0.21538 -0.26955 0.08899 0.18454 0.05184 0.19754 -0.25235 -0.16789 -0.22871 0.20408 0.14178 0.17766 0.24918 0.30910 0.26766 -0.24287 -0.08443 -0.16755 0.13436 -0.16212 0.09067 -0.09579 0.18648 0.06507 0.03035 0.16845 -0.11216 0.05643 -0.22067 0.19433 0.13569 -0.04924
-0.18012 0.02334 -0.01363 0.13355 -0.00615 0.29343 0.15255 -0.13107 0.13610 0.00220 0.15550 -0.26741 -0.11629 -0.10188 0.18148 -0.15231 0.23051 0.24129 0.26057 0.10610 -0.12189 0.18141 -0.04972 -0.18862 0.03853 -0.08136 0.00621 0.02963 0.07919 -0.06729 0.02551 -0.14249 -0.00182 -0.31848 0.09374 0.02820 -0.08848 -0.15098 -0.06023 0.08695
-0.09620 -0.17269 0.02219 0.06381 -0.11865 0.13776 0.30698 -0.10886 0.09560 0.14159 0.03849 -0.12149 0.22387 -0.06337 0.31807 0.02487 0.18267 0.24180 0.31373 -0.29331 -0.18629 0.00758 0.05208 -0.17931 -0.09673 -0.10784 0.14712 -0.06774 0.07131 -0.11372 -0.20231 -0.19368 0.10610 -0.18873 -0.09756 0.03892 -0.17668 -0.18101 -0.04949 0.21788
-0.25212 0.15135 0.19250 0.02013 -0.18748 0.27225 -0.32236 0.20537 -0.21587 0.01325 0.20808 -0.30359 -0.02944 0.28036 0.03667 -0.17310 -0.13490 -0.29408 0.25987 -0.28851 0.34921 0.11397 0.16752 0.12734 0.06315 -0.04617 0.05412 -0.15585 -0.19059 0.21037 0.19043 0.49143 -0.02229 0.31899 0.33338 -0.24711 0.23211 -0.21907 -0.26282 0.17818
-0.01471 0.04299 -0.03213 0.27604 -0.04334 0.25150 -0.30056 -0.07352 0.03671 -0.19025 0.19607 0.00706 0.22459 0.24291 -0.28332 -0.04926 0.14719 -0.02985 -0.16017 0.19597 0.12170 -0.17569 0.17856 0.23223 -0.10392 -0.00949 0.06964 -0.23989 0.04743 0.18301 -0.01617 0.38354 0.18712 0.02915 -0.10761 -0.05069 -0.08981 0.05281 0.27984 0.02152
-0.06674 0.32037 0.10100 -0.05719 -0.12490 -0.21749 -0.04183 -0.05731 0.29690 -0.17288 -0.26097 0.07998 -0.16063 -0.19705 0.28666 -0.33682 0.18678 0.37704 -0.09117 0.00735 -0.20695 -0.08748 0.32929 -0.26849 0.09989 0.21135 0.09144 -0.26938 0.09868 0.24234 0.18356 -0.15317 0.24283 -0.12909 -0.01324 0.27588 -0.11660 0.01620 0.32149 -0.03061
-0.03167 0.27274 0.25982 -0.08203 -0.08076 -0.31168 -0.22247 0.04622 0.26523 -0.12294 0.03771 0.14615 -0.04910 -0.04475 0.12112 -0.19227 0.14364 -0.16546 0.16656 0.14690 -0.10135 -0.24360 0.28432 0.11788 -0.07085 0.25466 0.08840 0.03383 -0.21818 0.26910 0.25888 -0.27291 -0.11109 -0.13712 0.22019 -0.22769 0.16741 -0.01196 0.25468 -0.15283
-0.04896 -0.23413 -0.10348 0.23923 0.00830 -0.13070 -0.00756 0.08859 0.11647 -0.31473 -0.01593 0.07290 0.36892 0.14461 0.21126 0.12299 0.36703 -0.01464 -0.07119 -0.17203 0.17102 0.30814 0.34484 -0.09174 -0.00939 -0.09735 -0.28775 0.14289 0.16452 0.19656 0.32224 0.17042 0.01050 0.03391 0.24630 0.05650 -0.11530 0.21173 0.34340 -0.04296
0.02969 -0.08744 0.33314 0.06920 0.14752 0.00732 0.15423 -0.06957 -0.09974 0.30502 0.15212 -0.07760 0.23816 -0.12894 0.10901 -0.12652 -0.14941 0.03467 -0.31088 -0.13615 -0.28730 0.32333 0.00685 -0.05129 0.10591 0.23770 0.22416 -0.05935 -0.13485 0.12794 -0.22431 -0.02568 0.20600 -0.16648 0.29659 0.06747 -0.04899 -0.29294 0.36524 -0.10289
0.03776 0.10828 0.15433 0.18339 0.03486 -0.14075 0.27081 0.25878 -0.29501 -0.28406 -0.20519 -0.33830 -0.25951 0.16816 0.01599 -0.05788 0.44178 0.10447 0.03051 0.33906 0.06393 -0.21531 0.33940 -0.29370 0.28061 0.20509 -0.05621 -0.04580 0.32978 0.31113 0.18482 0.09079 -0.07378 0.37437 0.15969 -0.14634 -0.29371 0.18449 0.14863 0.01692
-0.21388 0.24329 0.04345 -0.05565 0.14110 -0.38200 0.09753 0.41304 0.20203 -0.37452 0.14671 0.39903 0.12506 0.04746 0.25205 -0.09600 -0.28474 -0.13758 -0.17867 -0.10981 -0.02692 -0.17789 0.08946 -0.39489 0.17150 -0.19671 -0.07142 -0.14905 0.22248 0.32706 0.02731 -0.12435 -0.12280 0.26221 -0.04577 -0.16160 0.07224 -0.25873 0.04337 -0.34855
0.24022 0.24023 0.14269 -0.11604 -0.19792 -0.01847 -0.20335 -0.16705 -0.26845 0.00672 -0.05823 -0.07886 0.05409 0.16203 0.30016 -0.12477 0.00517 0.08343 -0.11739 0.28728 -0.24664 -0.25639 0.08311 -0.08428 0.14627 -0.27032 0.16782 -0.36198 -0.30794 0.00648 0.15424 0.30395 -0.13874 0.20695 0.04736 -0.12442 -0.16582 -0.19757 0.05909 -0.30436
0.43681 0.15757 -0.13238 -0.16825 0.22924 0.01751 -0.14414 -0.02494 -0.06757 -0.07252 -0.11765 0.14191 -0.05391 0.18020 -0.26760 0.28998 0.11626 -0.07075 0.34314 -0.34953 -0.32640 -0.37969 -0.03181 -0.20517 0.23500 0.00551 -0.26742 0.40774 -0.13839 0.14640 0.09685 0.11192 -0.07989 0.33016 -0.11947 0.32599 0.10551 0.01723 0.08458 -0.26840
0.27714 0.03147 0.32435 0.20747 0.27258 -0.03379 0.00539 0.09432 0.40280 0.33218 -0.06501 -0.00805 0.32949 -0.31271 0.08031 -0.02437 0.16245 -0.15743 -0.01837 0.03513 -0.02244 -0.03095 0.28850 -0.19123 0.15366 -0.27464 0.23375 0.29351 0.12106 0.25405 -0.15440 -0.10765 0.16565 -0.12754 -0.20629 -0.18573 -0.05581 -0.05186 -0.32502 0.32257
-0.05538 0.30940 -0.41634 0.08465 0.29323 -0.42070 0.18262 -0.27252 -0.03864 -0.22355 -0.09472 0.24859 0.11351 -0.34454 -0.07870 -0.09730 -0.01909 -0.27730 -0.01449 0.06762 0.37503 0.28207 -0.10262 0.17523 -0.15572 0.10623 0.26884 0.34917 -0.19362 -0.25453 0.25751 0.20492 -0.01177 0.12951 0.19172 -0.17911 -0.35598 -0.24746 -0.15178 -0.29642
0.00848 -0.08609 0.07332 0.21696 0.19165 0.01384 0.12187 -0.29642 -0.15306 -0.06996 0.00433 0.07311 -0.20047 0.10736 -0.13147 0.26753 0.12802 -0.04164 -0.15462 0.13348 0.27371 0.30538 -0.20889 0.17247 -0.18955 0.27587 0.36724 -0.21361 -0.06171 0.13995 0.16202 0.32026 -0.06884 0.11048 -0.20134 -0.40429 0.20605 -0.13997 0.07735 0.21350
0.09984 -0.21986 -0.00353 0.05478 0.06965 0.30923 -0.34689 0.02561 0.18575 -0.20293 0.04038 -0.23253 0.15186 0.11690 0.07187 0.14343 -0.08085 -0.11015 0.16584 0.12671 0.04626 0.20150 0.41078 0.30056 0.01117 0.17086 -0.08564 -0.13956 -0.01215 -0.15010 -0.05746 0.07457 -0.21596 0.17896 0.05078 -0.26082 0.03043 -0.03993 -0.24833 -0.01799
0.01272 -0.12771 0.12711 0.12051 -0.05351 0.33542 0.04422 0.02997 0.04903 0.11404 0.25435 -0.11358 0.35947 0.08084 -0.13185 0.00666 0.04867 0.23038 0.07821 0.32292 0.37711 0.08440 0.04029 -0.03201 0.06363 0.10943 0.19446 0.00980 0.07848 -0.37621 -0.04897 0.10059 0.04447 -0.06831 -0.13871 0.15610 0.17525 0.24020 0.15191 -0.08779
-0.31422 0.20187 -0.15154 -0.13665 -0.29195 0.15985 -0.25750 0.13425 -0.33598 -0.13387 0.11997 0.14095 0.12187 -0.35669 -0.14478 -0.09244 0.38066 0.36986 0.07259 0.38333 -0.24616 -0.35359 0.19304 -0.24100 0.39139 -0.18657 -0.39714 -0.05252 0.14985 0.02739 0.18767 0.30996 0.37124 0.28307 0.35602 0.20428 -0.14523 -0.29550 0.12582 0.27682
0.20561 0.03818 -0.05153 -0.08287 -0.25689 -0.15613 0.10468 0.21176 0.35699 0.12244 -0.08097 -0.25399 0.24664 0.26537 0.01829 0.17244 0.14936 -0.16165 -0.07375 -0.26326 -0.01462 -0.00905 -0.28343 0.27676 -0.13716 0.05939 -0.19583 0.14526 -0.13598 -0.06340 -0.10379 0.05361 0.08934 0.27512 0.05619 0.24442 0.12027 -0.17399 0.15671 -0.09011
0.18757 0.26188 0.28819 -0.26664 0.34084 0.17287 0.27880 0.03055 0.02298 -0.09876 0.30258 0.12361 0.17815 -0.01560 0.21430 0.21734 0.02946 0.09444 0.17670 0.28010 0.23042 0.34743 0.14250 -0.26134 0.01289 0.19746 0.24770 0.00161 0.02904 -0.17793 -0.04761 0.07146 -0.32432 0.04415 -0.07198 0.04849 0.21964 -0.34764 -0.11462 -0.00252
-0.27282 0.25601 0.21553 -0.40108 0.12558 0.23561 -0.02446 0.00070 0.03808 -0.01225 0.19708 0.39904 0.07099 0.25736 0.07425 -0.15095 -0.31685 -0.17740 -0.26488 -0.03634 -0.02568 0.49656 -0.19954 -0.32801 -0.11479 -0.24881 -0.10668 -0.18999 -0.21078 0.19568 -0.20825 0.28644 -0.21956 0.06791 -0.15088 -0.06864 0.04106 -0.36388 -0.24829 0.18618
-0.04505 -0.19460 0.12365 -0.35081 0.26287 -0.00034 -0.09820 0.04265 -0.13653 0.30697 0.35434 0.21772 0.17560 0.09360 0.26252 -0.01370 0.04324 -0.34148 -0.11184 0.32104 0.16417 0.25328 0.06383 -0.05264 -0.11493 -0.15348 -0.04276 0.06490 0.22287 -0.26303 0.07076 0.20670 -0.22808 0.05417 -0.17508 0.10762 0.24573 0.00456 0.17110 0.25111
0.00487 0.15807 -0.13518 0.21839 -0.23838 -0.16150 -0.28478 0.36864 0.05304 0.08578 -0.27164 0.42588 -0.09252 0.10845 0.10886 0.37633 -0.36978 0.15422 0.10568 -0.17126 0.07040 0.25136 -0.24158 -0.30846 0.42638 0.07196 0.39352 0.18771 -0.18966 0.34002 0.13547 -0.14698 0.27066 -0.02193 0.02723 -0.17749 0.22970 -0.22747 0.14959 -0.15466
-0.27342 0.07576 -0.08428 0.04399 -0.11850 -0.22561 -0.04909 0.05582 0.20375 0.13655 -0.16200 -0.22496 0.07281 0.20001 -0.05916 0.05461 -0.08005 -0.00662 0.24383 0.21011 -0.26446 -0.02163 0.03910 0.33516 -0.06153 0.06138 0.25800 -0.24923 0.00505 0.18371 -0.02464 0.27656 0.05855 -0.11301 -0.29541 -0.10287 -0.10635 -0.23479 0.17347 -0.08986
-0.18246 -0.25264 -0.32458 0.08094 -0.32805 -0.35664 0.33148 0.01264 0.23860 0.18059 -0.07406 -0.26408 0.25767 0.34930 0.08612 0.11525 0.20983 -0.13937 0.25662 0.25205 0.21535 -0.12676 0.19927 -0.12925 -0.05398 -0.22285 0.13033 -0.04210 0.12232 0.25893 -0.08951 -0.01700 -0.06929 -0.09197 -0.04489 -0.25395 0.20654 -0.13623 -0.29630 0.18212
-0.27838 -0.15682 0.18650 -0.23156 0.33665 0.09662 0.01329 0.11640 0.24520 -0.06743 0.29500 -0.22253 -0.39363 0.02780 0.14079 0.17925 -0.07603 -0.19400 -0.29506 0.01719 0.20452 0.16223 0.12114 -0.30228 0.19893 0.08483 -0.17069 -0.05490 -0.11106 0.15612 0.14102 0.15392 0.32784 -0.14097 -0.14233 -0.12309 -0.17020 0.05816 0.09378 -0.05748
-0.13852 0.14865 0.27954 -0.22820 0.06836 -0.03439 -0.01669 0.15163 -0.06823 -0.07051 0.30850 -0.06734 0.17521 -0.13401 -0.35000 0.08977 -0.22032 -0.03116 -0.03060 0.27880 0.34075 0.23405 -0.18841 -0.19445 0.16987 0.09725 -0.15574 -0.22737 -0.32410 0.21283 0.21762 0.00954 0.19476 -0.22681 0.08727 0.02684 -0.24981 -0.11745 0.24141 0.02883
-0.05971 -0.19142 -0.33033 -0.36748 -0.05624 0.32293 0.19671 -0.22665 0.12802 -0.11494 0.11567 -0.17254 -0.32210 0.11283 -0.06783 0.02183 0.14189 0.02494 0.23159 0.20605 0.21608 -0.12784 0.09504 0.38115 -0.04420 0.12362 -0.15012 -0.18801 0.22435 -0.27527 -0.06360 -0.28354 0.08795 0.00907 0.14425 -0.16676 0.27534 0.07066 -0.20840 0.11718
-0.22544 0.13995 0.06798 -0.12595 -0.05934 -0.09339 -0.18495 0.23968 -0.10808 0.04417 0.14760 0.40146 -0.09797 0.08563 -0.23791 0.26549 -0.11394 0.06442 -0.15554 0.28042 -0.11667 0.09073 -0.02719 -0.22181 0.34303 -0.21865 0.23802 0.12761 -0.03910 0.12278 -0.14435 -0.23804 0.20331 0.17859 -0.04345 -0.33972 0.06892 -0.15742 0.20850 0.04152
-0.02496 0.18831 -0.08165 -0.04039 -0.07384 -0.10477 -0.08017 -0.11432 -0.05531 -0.20432 -0.03813 0.27550 0.15251 0.11334 0.22896 0.20240 0.08539 0.14610 0.06506 -0.02056 0.16000 0.24457 0.13626 0.08747 0.08197 -0.08713 -0.03602 -0.04234 -0.27500 -0.09716 0.08359 0.06018 -0.01202 -0.16594 0.29932 -0.17648 -0.01160 -0.17662 -0.10285 -0.14148
-0.09955 0.07898 0.08839 -0.02559 -0.01010 -0.07610 -0.05448 0.36504 -0.11261 -0.02405 0.45662 -0.20896 -0.38768 0.30280 -0.00409 -0.02490 0.18701 -0.14557 -0.21436 0.13877 0.05783 0.02297 0.07274 -0.04107 0.27120 0.25981 0.00118 -0.00144 -0.20658 0.00494 0.17524 -0.17687 0.29932 -0.04314 0.00293 -0.01028 -0.22320 -0.11717 0.19282 -0.10929
-0.38176 0.02159 -0.30143 0.39929 0.24115 -0.32525 -0.27352 0.32635 -0.16088 0.03701 -0.28182 -0.33480 0.24556 -0.11221 -0.29144 -0.20182 -0.08499 0.03098 0.05161 -0.06715 0.28668 -0.31130 -0.03390 -0.07756 0.12381 0.01174 -0.23978 0.15873 -0.34639 0.19977 0.22492 0.01970 -0.23352 0.33741 0.31603 0.37623 0.07938 0.14884 0.00971 0.16184
0.18176 -0.00884 -0.11190 -0.29174 0.17849 0.01906 -0.11906 -0.16911 -0.16810 -0.10222 -0.20605 0.13233 -0.12928 -0.11372 0.17275 0.22775 -0.23489 -0.27254 0.19655 0.21665 -0.21127 0.23414 -0.00809 0.20434 0.35342 -0.21657 0.19280 -0.18630 0.08957 -0.17342 -0.24964 -0.12250 0.07070 0.12394 0.18783 0.21421 0.12719 0.23638 0.21247 0.34871
-0.01387 -0.13864 0.13841 -0.17276 -0.05711 -0.19268 0.23916 -0.18868 0.05845 0.13163 0.06199 0.08072 -0.20757 0.16449 0.02755 -0.43330 0.18577 -0.32654 -0.14264 0.26879 -0.14852 -0.03746 0.10189 0.00836 -0.26038 0.17358 -0.13780 -0.08777 -0.21598 0.38466 0.09318 0.40419 -0.04210 0.31183 -0.01764 0.11881 -0.19305 -0.28510 0.08913 -0.10292
-0.00582 0.20102 0.06861 -0.20422 0.12018 0.07028 -0.30823 0.11005 0.00134 -0.26653 0.28983 -0.25499 0.11363 0.01400 -0.26816 -0.13445 -0.23825 0.09509 -0.30734 -0.12768 -0.25848 -0.22437 0.36724 -0.00053 -0.22745 0.19605 -0.08986 -0.12529 0.15823 0.11054 -0.07466 0.19403 -0.10110 -0.10300 -0.06534 -0.00896 0.10655 0.24788 0.19077 -0.39703
0.17233 -0.25186 -0.20305 -0.09008 -0.14228 -0.19480 0.24536 0.40157 -0.07699 -0.10744 -0.15420 -0.07377 0.12341 -0.02805 0.08263 0.01165 -0.17700 0.11880 0.01254 -0.04108 0.14839 0.09669 -0.00898 -0.13313 -0.24993 0.02253 0.38258 -0.23546 -0.17441 -0.10806 -0.04890 -0.12825 0.08068 0.13613 -0.27884 -0.14481 0.23385 -0.01923 -0.02984 -0.10492
0.03969 -0.32935 0.24792 0.03381 0.20504 0.02364 0.07360 0.26100 0.22977 -0.00270 -0.04554 0.29092 -0.05587 0.26183 0.25712 -0.09834 0.10189 0.00307 0.36108 0.31701 0.17349 0.02667 -0.17218 -0.14452 -0.12557 0.12649 -0.08652 0.23946 0.25255 -0.19730 -0.26985 0.24543 0.02430 -0.05237 0.32142 -0.11844 -0.09465 0.14321 -0.16647 -0.30894
0.03455 -0.13782 -0.07645 -0.00170 -0.19979 -0.19802 -0.33218 0.26195 0.18084 0.19930 -0.19278 0.19485 -0.24523 0.29921 -0.07124 0.16109 -0.24784 0.06478 -0.03532 0.26483 0.06757 0.02469 0.12456 -0.39813 0.09752 -0.22128 -0.00614 -0.24328 -0.14313 0.23794 -0.10046 -0.15394 0.03766 0.21894 0.10391 -0.12733 0.17533 -0.00644 -0.18995 -0.24173
0.03728 0.16662 -0.03757 0.18957 0.11500 0.03164 -0.16350 -0.25951 -0.18240 -0.20694 -0.20053 -0.28806 0.17873 0.35424 -0.35603 -0.06655 0.17611 0.12054 -0.10588 0.06300 0.05046 -0.28778 0.09883 0.10975 0.06075 0.04796 -0.23753 0.06915 -0.31721 -0.14340 0.08297 -0.07993 0.15711 -0.12796 0.33858 -0.02084 0.13923 -0.09569 0.17040 0.16000
0.42348 0.10839 -0.10797 0.22880 -0.24276 -0.19796 0.06956 0.24058 0.26082 0.28974 -0.12639 -0.05407 0.29357 -0.35191 -0.11306 0.35062 0.13377 0.01442 -0.29952 0.30912 -0.15482 0.15205 0.01588 0.07135 0.08618 -0.36070 0.18275 0.15631 -0.09358 0.07176 -0.32041 0.09731 -0.42589 -0.05471 -0.33302 0.00081 0.08054 -0.00751 -0.38457 -0.29123
-0.24065 0.08238 -0.15897 -0.33888 0.16741 0.07407 -0.00555 0.23434 -0.09111 0.24224 0.08084 0.01271 -0.25873 0.05375 0.05618 -0.13105 -0.36092 -0.41199 -0.35027 0.12092 0.34870 0.37084 -0.14621 -0.06018 -0.11244 -0.43596 0.13375 0.13459 0.41338 0.17246 0.44337 0.05961 0.20383 0.00599 0.11594 -0.04491 -0.09000 -0.05176 0.26977 -0.33185
-0.02648 -0.35066 -0.26704 0.17902 0.22857 -0.20235 -0.11493 -0.15658 0.05829 -0.39496 -0.17689 -0.32482 0.27788 0.06577 0.48728 -0.07925 0.14330 0.07487 -0.28131 -0.05081 -0.10117 0.20931 0.06702 -0.24615 0.10709 0.17478 0.09251 -0.15912 0.02239 0.14767 -0.03841 -0.17533 0.22250 -0.15688 -0.08997 0.15578 -0.08102 -0.18136 -0.08464 -0.15415
-0.21085 -0.35880 0.08399 0.27672 0.11089 0.36765 0.02371 0.00522 -0.34611 0.11487 0.14116 0.08488 -0.03710 0.23434 -0.29084 0.15512 0.40090 -0.05196 0.30706 0.26614 -0.13831 -0.28310 -0.23239 0.06802 0.22481 -0.28014 -0.27120 -0.00121 0.19446 0.19219 0.25907 -0.09892 0.18532 0.16259 0.19897 -0.10395 -0.00754 -0.28308 0.09923 -0.17510
0.20835 -0.23684 -0.18419 0.31337 0.31084 -0.07023 -0.08620 -0.12592 -0.06758 -0.05422 -0.06673 -0.09238 -0.06099 0.30663 0.27395 -0.34387 0.24580 -0.22746 -0.03285 0.04910 0.13317 -0.24470 -0.28762 0.01197 -0.09375 -0.04753 -0.30261 -0.12864 0.26303 0.11501 0.16610 -0.14311 0.15134 -0.21980 -0.11391 -0.34587 -0.18350 -0.23430 -0.03250 0.13974
-0.03958 0.13384 0.15262 0.03267 -0.28876 -0.12507 0.20444 -0.20871 -0.10490 0.20007 0.36216 -0.23933 -0.23117 0.18543 0.31410 -0.07780 -0.19931 -0.07073 0.21373 -0.00008 -0.19779 0.07972 -0.00499 0.13724 0.10243 0.07633 -0.11237 0.26289 -0.06367 0.11512 -0.06920 -0.27040 -0.27046 -0.13067 -0.07933 0.23627 0.02032 -0.03086 -0.02225 0.20086
-0.43534 0.11631 0.04788 -0.13311 -0.11903 0.30983 -0.10724 -0.14680 -0.07856 0.13675 0.12041 0.15117 -0.15035 -0.01021 -0.09087 0.08908 -0.28458 0.09939 -0.37162 0.04012 0.02142 -0.18580 -0.19373 0.19529 0.29906 -0.05956 -0.11166 -0.23341 -0.21835 -0.18680 -0.05335 -0.13979 -0.19855 -0.05865 -0.02020 0.21518 -0.08556 -0.28258 -0.15015 0.15052
-0.03053 -0.07203 0.18936 -0.24457 -0.05271 0.18191 -0.25737 0.15482 0.08620 0.20010 0.07797 0.47580 0.17377 0.13774 -0.00301 0.21592 -0.28661 0.03003 0.12540 0.22457 -0.11584 -0.03582 -0.06697 -0.13486 0.30031 -0.17393 0.22159 -0.14419 -0.03374 0.07841 -0.10609 -0.12187 -0.21823 0.18665 -0.03922 0.02429 0.14033 0.08005 -0.03803 0.29814
-0.06319 0.14065 -0.18126 0.38953 -0.04447 -0.16098 -0.12234 0.07164 0.24985 -0.10490 -0.02933 -0.00662 -0.07693 0.24853 -0.17061 0.09154 -0.30172 -0.29714 -0.09095 0.29848 -0.16011 -0.25001 0.20072 -0.22328 -0.21296 0.14096 -0.12434 -0.09077 -0.34989 0.03394 0.28336 -0.19822 -0.12789 0.25714 -0.03124 0.16403 -0.01695 0.03642 0.29681 -0.24298
0.27056 0.06270 0.01109 -0.30714 -0.00994 -0.33091 -0.00630 0.21103 0.09865 0.33313 0.10233 0.00349 -0.14901 -0.11665 -0.16518 -0.47464 0.15473 -0.28120 -0.11678 0.09149 -0.05425 0.20403 -0.19805 -0.06402 -0.08506 0.12676 -0.17700 -0.08588 -0.12235 0.43115 0.29661 0.37370 0.19647 0.38148 -0.36737 0.22588 0.18866 -0.11929 -0.23485 -0.00887
-0.17418 -0.05700 -0.28019 0.13218 -0.05629 0.02864 0.11389 -0.20272 0.06513 0.10147 -0.12056 -0.34298 0.19963 -0.24083 0.18556 0.26984 0.00865 -0.00240 -0.02197 0.19682 -0.01083 -0.24211 0.16441 0.09238 0.28303 0.17882 -0.35398 -0.26641 -0.17098 -0.03257 0.16328 0.06949 -0.09892 -0.19472 0.16302 0.08988 -0.21561 -0.23971 -0.20868 0.15467
-0.49368 -0.12053 0.16121 0.38517 -0.17842 -0.13212 0.33856 0.29210 -0.26799 0.26749 -0.12644 0.12333 -0.11594 -0.33288 0.13513 -0.03722 -0.10333 -0.16306 0.15584 -0.32437 0.18382 -0.35418 0.13081 0.40508 -0.16563 0.03636 0.17161 -0.06035 0.04576 -0.05065 -0.18317 0.02391 0.05116 -0.32070 -0.11087 0.02510 -0.27172 -0.14949 0.25696 -0.16744
0.04959 -0.03099 0.33365 0.16517 0.32899 -0.16240 0.15238 0.26610 0.19228 -0.15426 0.33669 0.16136 0.18333 0.09323 0.17010 0.30836 0.16095 0.15745 0.30394 0.22803 0.00207 0.18025 0.18447 0.10014 0.24823 0.33366 0.30634 -0.06249 0.29328 0.12242 -0.02229 -0.02327 0.09014 0.01267 -0.07320 0.21680 0.16975 -0.44592 0.23876 -0.02896
-0.27929 -0.20906 0.01384 0.28945 -0.05757 0.29809 -0.30400 -0.37311 0.24826 0.12979 -0.38553 -0.21108 0.37306 -0.15018 -0.35512 -0.04235 0.30173 0.08460 0.11116 0.12540 -0.30412 0.43322 -0.09758 -0.22050 -0.12395 0.37749 -0.25817 -0.35715 -0.30533 -0.15581 -0.00659 -0.03232 -0.01423 0.27224 -0.17840 -0.04046 -0.05556 0.02854 0.34123 0.41735
-0.18321 -0.16933 -0.22742 -0.24011 0.10976 0.43705 0.06047 0.28869 0.30944 0.17254 0.09651 0.33174 -0.14817 0.01281 0.13771 0.27658 0.38008 0.30565 -0.25110 0.36637 -0.05833 -0.14116 0.28294 -0.25577 -0.09913 0.25346 -0.20404 -0.06741 -0.37011 -0.42430 -0.08612 0.21252 -0.03201 0.38884 0.20730 0.40556 0.08569 0.02429 -0.21994 0.02596
0.21430 0.06632 0.19899 -0.20917 0.01225 0.10688 0.22417 -0.17694 0.28071 -0.01802 0.15999 -0.11363 0.28160 -0.02220 -0.01440 -0.12697 0.01528 -0.26453 0.22454 0.35701 0.18356 0.02447 0.01460 -0.14034 0.06323 0.14645 0.22954 -0.15588 0.13155 -0.23065 -0.15452 -0.15564 -0.08221 -0.04386 0.04899 0.10572 0.11071 -0.15488 0.10640 -0.08399
0.29999 -0.31352 0.14409 0.30794 -0.37980 -0.08548 -0.20589 -0.05210 0.16773 0.18719 0.32387 -0.03753 0.09894 0.09315 -0.03558 0.11497 0.31838 -0.34538 -0.14045 -0.12036 0.04945 -0.17721 0.21690 -0.15761 0.11747 0.15701 -0.15332 -0.23380 -0.00531 -0.42884 0.02656 0.21218 -0.19471 -0.38370 -0.07863 0.33111 0.09136 -0.35653 -0.11922 0.06680
-0.20418 0.00699 0.30820 -0.09563 0.30176 0.01328 -0.04621 -0.07517 -0.11457 0.19862 -0.23907 0.00694 0.02606 0.02921 0.04562 -0.32601 -0.21308 0.13714 -0.27584 -0.06895 0.00056 0.15483 -0.19149 -0.03523 0.14901 -0.08156 0.02444 0.39994 -0.06357 0.16516 -0.16779 -0.10950 0.17141 -0.06540 -0.20556 0.13504 -0.09113 0.01467 0.01166 -0.32971
-0.38197 0.25423 0.23019 -0.13776 -0.00772 -0.02813 0.10322 -0.19383 0.21038 -0.03918 0.13201 -0.24739 -0.34149 0.12659 0.00176 -0.19531 -0.12775 -0.18402 -0.09379 -0.06471 -0.19719 0.17867 -0.18071 0.14523 0.00646 -0.25203 -0.11757 0.20937 0.02317 0.05009 0.15057 -0.00206 0.10980 0.04697 0.09942 0.04054 0.09384 0.10759 -0.23002 0.28658
-0.24736 -0.35626 0.17402 0.39996 0.29446 -0.08234 -0.09900 0.20462 -0.01514 0.11268 0.32159 0.06671 0.08843 -0.19049 -0.16877 0.14120 -0.42201 -0.29036 0.14638 -0.43033 0.16046 0.36985 -0.31085 -0.17154 -0.37001 0.19581 0.16618 -0.01592 -0.03415 0.17447 -0.12573 0.41030 0.11390 0.25719 0.10132 0.05568 -0.12426 -0.13089 -0.22825 0.08650
-0.18938 -0.19702 -0.20029 0.37806 0.02405 -0.17584 0.15920 -0.18954 0.07279 0.23115 -0.27148 0.20426 0.06584 -0.07634 -0.13480 -0.05821 0.31769 0.22145 0.33369 -0.14393 -0.31329 -0.23930 0.20748 0.18098 -0.19746 0.13943 0.04694 -0.05189 0.21614 0.03610 -0.34309 0.02470 -0.13824 -0.30327 0.23641 -0.11646 -0.12586 -0.30719 0.04114 0.12531
0.25309 0.10364 0.16611 0.10771 0.15684 -0.03125 0.07213 -0.08089 0.19739 -0.26527 0.05695 -0.12102 0.02633 0.10057 -0.17859 -0.12151 -0.31148 0.30125 -0.07585 -0.20938 -0.26863 0.16635 0.20591 -0.01403 0.05615 -0.12241 0.02845 -0.27861 -0.25367 -0.24197 -0.01191 0.13357 -0.09724 -0.08853 0.08909 -0.20451 0.15178 -0.22018 0.35994 -0.14038
0.24912 -0.23041 0.00854 0.27157 0.06928 -0.13475 0.09589 -0.15713 -0.16966 -0.35404 -0.21924 -0.17666 0.08715 0.09467 0.37810 0.22603 0.25448 0.13216 -0.27042 -0.02962 -0.17780 0.08738 0.03338 -0.06263 -0.05081 0.23073 0.16425 -0.10700 0.09964 0.04188 0.18115 0.40340 0.12010 0.14927 -0.18806 -0.23150 0.07054 0.16126 -0.27862 -0.08773
0.11496 0.35028 0.28185 0.09770 0.15862 -0.15701 -0.00186 -0.03860 0.06944 -0.17173 0.27077 -0.30001 -0.20928 -0.17375 -0.02649 0.13206 -0.21892 0.17290 0.15220 -0.03674 0.16002 0.29287 0.00576 -0.07871 0.28727 0.11615 0.14644 0.01882 -0.29267 -0.18427 0.07312 -0.21550 -0.19359 0.07255 0.33657 -0.24753 0.05201 0.16429 0.20291 -0.37957
0.02565 -0.27356 -0.02895 -0.21292 0.07278 -0.11034 0.34135 -0.24632 -0.25465 -0.14567 -0.36300 0.13776 -0.00826 0.03442 -0.06108 0.06546 0.08780 0.26019 -0.01092 -0.26923 0.11186 -0.29867 0.01892 0.21332 0.23927 0.07533 0.18068 -0.06681 -0.04808 0.24621 -0.41204 0.00470 -0.04319 -0.15240 0.12089 0.19964 -0.11396 -0.22963 0.04197 0.09000
-0.32004 -0.29622 -0.25148 0.19703 0.01477 0.16218 -0.31325 0.10200 -0.28604 0.23836 -0.25160 -0.23083 -0.19470 -0.11296 -0.16771 -0.13112 0.03203 -0.19347 -0.24981 0.18313 0.04728 -0.10095 0.00649 0.00594 0.24948 -0.16317 0.10261 -0.28128 -0.31511 -0.29879 -0.20204 0.04701 -0.08297 0.02784 -0.04226 0.32734 -0.32273 -0.08831 0.06143 0.41363
0.26689 0.05208 -0.13845 0.31155 0.02938 0.06675 -0.22565 0.23397 -0.18839 -0.07831 0.02858 -0.20472 -0.03614 0.13273 0.27006 -0.03994 0.13063 -0.12622 -0.27981 0.18121 0.12331 -0.08177 0.20905 -0.06313 -0.23733 0.33096 -0.08800 0.31359 0.04392 -0.14497 0.16732 -0.14858 -0.27558 0.02848 -0.06647 0.02920 0.02213 -0.09389 -0.26072 0.17227
-0.06590 0.20739 0.17351 -0.23466 -0.45418 0.32426 -0.10663 0.10182 -0.02049 0.23703 -0.19703 0.21397 -0.14364 -0.03245 -0.17672 -0.00228 -0.08276 0.18494 -0.01230 0.06152 -0.27552 -0.06998 0.27420 0.25655 -0.25924 0.17332 -0.31249 0.20385 0.01011 0.14187 0.05664 -0.05526 0.12165 -0.13839 -0.06754 -0.08027 -0.15015 -0.25920 -0.02090 0.04094
-0.22615 0.37692 -0.16126 -0.09156 -0.11147 0.25263 -0.30182 -0.06390 -0.15542 -0.19187 0.12082 -0.44843 -0.26915 0.25664 -0.21323 -0.12983 -0.32639 0.10104 -0.24662 0.07288 -0.13755 0.19857 0.25236 0.34586 0.26326 -0.25127 -0.26566 -0.14865 -0.09373 0.05270 -0.15600 0.13583 0.22300 0.20710 -0.02333 -0.01970 -0.15384 0.32666 0.30216 -0.01533
0.10311 0.10337 0.04586 -0.17349 -0.08150 0.13034 -0.17757 -0.18720 0.28021 -0.07087 -0.11430 0.14782 -0.18129 0.23409 -0.22201 -0.07931 -0.04340 0.01878 -0.07495 -0.03480 0.12603 -0.17995 0.14760 0.08933 -0.25021 0.03537 -0.03235 -0.21884 -0.20537 0.24711 0.13399 -0.11889 -0.04599 0.12893 -0.05673 -0.26094 -0.14743 -0.01685 -0.09539 0.00090
0.20113 0.02130 0.17492 -0.11918 -0.23402 -0.31733 0.25573 -0.12476 0.21742 -0.04158 -0.11530 0.06152 -0.01162 -0.09659 0.02743 -0.42304 0.20851 -0.28899 -0.09643 0.12544 -0.21164 0.22296 -0.21066 -0.23679 -0.11007 -0.16378 -0.22090 -0.10937 0.12113 0.33619 0.22021 0.36297 -0.01945 0.23091 -0.02516 0.19283 0.01150 -0.14802 -0.26266 0.10280
-0.00754 0.09703 0.00480 -0.11481 0.01523 0.13510 -0.06073 -0.10560 -0.19354 0.17400 0.19215 0.03809 0.15849 -0.05987 0.00825 -0.19475 -0.21301 0.34413 -0.03756 -0.17980 0.08631 -0.05246 0.10119 -0.04241 0.12627 -0.01008 0.01213 0.13490 -0.08315 -0.19205 -0.07913 0.00790 -0.21922 0.18583 0.21294 -0.34908 -0.16936 -0.08255 0.09537 -0.18140
0.18979 -0.01092 -0.02526 -0.10370 0.28923 -0.28078 0.10706 -0.13370 0.28314 -0.13030 -0.04679 0.08539 0.19616 0.22214 0.26215 -0.03103 0.13747 0.25138 0.09244 -0.28672 0.09761 0.11002 0.29127 -0.09759 0.23271 -0.08149 -0.20768 0.02582 -0.09514 -0.10587 -0.02970 0.03000 -0.19345 -0.07628 -0.18026 -0.02663 -0.22542 0.02511 0.15554 -0.02744
-0.08607 0.31177 0.25129 -0.05611 0.17448 -0.37233 -0.13092 -0.08228 -0.11078 -0.03113 -0.24535 -0.06398 -0.19939 0.25971 -0.09335 -0.19560 0.16541 -0.13484 0.08871 -0.11815 -0.15707 -0.10502 -0.09299 -0.20259 -0.25353 0.31792 0.06768 0.13586 -0.27510 -0.14261 0.29867 -0.39486 -0.18114 0.11599 0.21299 -0.29803 -0.07314 -0.16253 0.27998 0.26106
0.04685 -0.28896 0.03444 0.10745 0.01737 -0.13575 0.18188 0.47904 0.03169 0.31232 0.15665 0.21329 0.21359 0.00259 -0.03333 -0.00434 -0.38126 0.11180 -0.06196 -0.02705 0.32496 -0.11606 0.10867 -0.18973 -0.42915 0.09907 0.45987 -0.23751 -0.24560 0.06429 -0.02252 -0.27619 -0.12449 0.09974 -0.16454 -0.08875 0.40496 -0.18358 -0.28806 -0.30710
-0.24440 -0.19162 -0.11327 0.17180 -0.18640 -0.00036 0.17361 0.42612 0.06120 0.31998 0.04352 0.28875 -0.05776 -0.13311 0.17926 0.08833 -0.27931 -0.08961 0.14489 -0.19871 -0.05533 -0.13551 -0.22029 -0.26707 -0.12311 -0.04090 0.42130 0.13699 -0.01081 0.27583 -0.17820 -0.30409 0.26442 0.04660 -0.19548 0.06500 0.10421 0.24873 -0.18965 -0.32246
0.26442 -0.03041 0.01621 -0.15083 -0.11630 -0.21570 0.21704 0.10695 0.28308 0.00073 -0.12328 -0.28711 0.16095 0.31349 0.14678 0.18418 0.03282 -0.20765 0.09697 -0.14242 0.07219 -0.20996 -0.29142 0.34516 -0.22153 0.07989 0.17596 0.13111 -0.07501 -0.21827 0.01715 0.21623 0.21922 0.25948 0.10307 0.17150 0.05723 -0.10838 0.14875 0.00837
-0.09504 0.35119 -0.04363 0.02547 0.05106 -0.18382 0.05568 -0.06768 0.16614 -0.02275 0.22055 0.40574 0.23793 0.12460 -0.05844 0.18350 -0.17199 -0.13079 -0.04275 -0.15611 -0.15559 -0.21637 0.07574 0.09400 0.02295 -0.04641 0.25761 -0.24470 -0.13067 0.22558 -0.25188 -0.23083 0.21493 -0.15841 -0.26602 -0.09003 0.40318 -0.00784 -0.02540 0.24691
0.19748 0.00449 -0.19195 0.00621 -0.20000 0.19507 0.22679 0.01518 0.21236 0.09765 0.13281 0.06107 0.27194 -0.15287 0.38920 0.04295 0.19700 0.08047 0.36128 -0.26018 -0.28417 -0.12152 0.16820 -0.09826 -0.03027 -0.25917 0.13023 -0.06658 -0.01766 -0.07964 -0.12194 -0.16742 0.05612 -0.22216 -0.04291 -0.11293 -0.28538 -0.24059 -0.03334 0.21500
-0.16321 0.03608 -0.13347 0.17515 -0.11917 -0.10480 0.02501 -0.21129 0.03538 -0.20093 -0.21305 0.17437 -0.03070 0.14394 -0.13807 -0.23885 -0.08350 -0.00171 -0.01976 -0.09761 -0.21908 0.20509 -0.08119 0.28827 0.18615 0.01041 0.20618 -0.07228 -0.29607 -0.07052 0.19416 -0.01086 0.18946 0.02138 0.01509 0.08070 0.13833 0.28207 0.00458 -0.01640
0.09611 -0.07127 0.09629 -0.39087 0.07542 0.14989 0.25155 0.22939 0.06626 0.07263 0.03892 0.17058 -0.02766 0.02818 0.09379 0.18600 -0.19321 -0.10908 -0.14379 -0.00853 0.29531 0.37555 -0.27122 -0.17466 -0.18297 -0.02580 0.16417 -0.02472 0.45921 0.20583 0.45028 -0.22457 -0.03169 0.27566 -0.00248 0.10329 -0.18172 -0.07786 0.22286 -0.18875
0.11989 -0.06186 0.20553 0.26173 0.23732 -0.31118 -0.20011 0.09050 0.23321 -0.06951 0.11464 -0.25158 -0.02980 -0.07987 0.27818 -0.06506 -0.12378 0.06259 0.07194 0.03905 -0.20012 -0.11447 -0.15523 0.16619 -0.06839 -0.25315 -0.30626 0.20322 0.18627 0.22793 0.01220 0.05415 -0.08071 0.26810 -0.06776 -0.12640 0.09303 0.25274 0.25641 -0.19240
-0.13725 0.06269 0.14232 0.02495 0.25462 0.18082 -0.36833 0.12176 -0.04647 -0.00170 0.21674 -0.08751 0.22237 -0.26252 0.10627 -0.08655 -0.33226 0.34512 -0.26739 0.15380 -0.27448 0.13232 0.00718 -0.06842 0.26142 -0.29686 -0.26592 0.01172 0.01025 -0.05807 0.17719 0.38224 -0.27322 -0.29815 0.26422 -0.13517 -0.21079 -0.09362 0.11593 -0.16219
0.06648 0.15953 0.27645 0.21833 -0.12653 0.21642 -0.14454 -0.18771 0.17441 -0.21108 -0.13310 -0.01024 0.15453 0.20207 -0.13836 0.21466 -0.26253 0.23805 0.06974 -0.09289 0.05971 0.24270 0.12072 -0.30728 -0.25547 0.16610 0.26608 -0.31105 -0.39092 -0.17344 -0.16262 -0.02868 -0.34667 0.28022 0.38937 -0.23219 -0.13888 -0.07104 -0.05677 -0.21237
-0.26467 0.27688 -0.12756 -0.18633 0.14072 -0.11997 -0.20996 0.18901 -0.07973 -0.36881 0.18710 0.24320 0.06107 0.20438 0.29393 0.18146 -0.24233 0.24075 -0.10912 -0.00445 0.06967 -0.05419 0.22164 0.02938 -0.17253 -0.11895 0.04998 0.07044 -0.34827 0.23069 0.06808 -0.19637 0.15247 0.03973 0.32948 0.07297 -0.22001 0.25509 -0.04905 -0.03695
-0.24287 -0.21475 -0.27021 0.40356 0.16115 -0.11510 -0.30216 -0.24623 0.11631 0.43315 -0.01686 0.14300 0.31781 -0.01340 -0.00212 -0.20220 0.34055 -0.10714 0.26341 -0.33441 -0.27159 0.16673 0.29932 0.22701 -0.08274 -0.13028 -0.03702 -0.33557 -0.05000 0.08781 -0.36162 0.04640 0.26166 -0.46677 0.30064 -0.00838 0.10176 -0.28246 0.08139 0.28012
0.17240 -0.30685 -0.01236 0.14033 0.05160 -0.02907 -0.02493 0.11961 -0.13161 -0.31915 -0.11314 -0.11483 0.29235 -0.13675 0.40278 0.19504 0.00007 0.23639 -0.23699 -0.11288 -0.25512 0.14205 0.28463 -0.13292 0.14543 0.25012 0.07654 0.15755 -0.03307 0.18216 0.00925 0.05235 0.23046 -0.01482 0.05860 -0.13299 -0.15808 -0.23221 -0.09526 0.05739
-0.33746 0.07417 0.29350 0.11322 -0.03204 0.13248 -0.20256 0.40746 -0.22614 0.11625 0.10398 -0.04395 0.11288 -0.05500 -0.23534 0.10493 -0.00336 -0.13610 0.16202 0.09709 0.19787 0.14605 -0.00201 -0.07540 0.20409 0.18412 -0.07451 -0.12201 -0.29842 -0.02199 0.13343 0.13634 0.42435 -0.10616 0.16632 0.03100 -0.32038 -0.10360 0.14191 -0.16980
-0.19504 -0.04784 0.12999 -0.17827 0.07723 -0.21702 0.18713 0.23922 -0.13405 0.12946 0.12194 0.01370 0.00691 0.08490 -0.20352 0.24310 -0.23924 -0.09277 -0.04592 0.06757 0.30716 0.21854 0.11747 -0.10982 0.13384 -0.07156 0.06477 -0.01117 -0.11318 0.15185 0.26668 -0.04852 0.03807 -0.03409 -0.04888 -0.07965 -0.12167 0.07947 -0.08888 -0.20192
-0.14450 -0.15637 -0.15024 -0.06159 0.30555 -0.14598 0.19363 0.24121 0.11485 0.06130 0.32270 0.09680 -0.24872 0.05855 -0.16803 0.18538 0.27210 -0.36799 -0.09081 -0.12837 -0.09449 0.15777 -0.03754 -0.30359 -0.14874 0.11995 0.20561 -0.09611 -0.33887 -0.18726 0.12613 0.03227 0.28013 0.21138 -0.18106 -0.31919 0.01587 0.09700 -0.06720 0.08971
-0.32090 0.10509 -0.12952 -0.10066 0.02987 -0.00149 0.19008 -0.14625 0.10728 0.24821 -0.11024 -0.10714 -0.17727 0.08222 0.01163 -0.04262 0.16011 0.03364 -0.39588 -0.05000 -0.29036 0.19771 -0.06066 -0.19241 -0.21492 0.07302 -0.02676 -0.23610 0.36381 0.17593 0.13980 -0.38549 0.01869 -0.42445 0.11808 -0.11865 0.16729 -0.06458 -0.27006 0.01585
-0.31194 0.26036 0.36876 -0.20746 -0.26374 0.03040 -0.31718 -0.23284 0.30123 0.32737 -0.14534 0.27605 -0.36993 -0.11917 0.09641 0.18946 -0.03833 0.21398 -0.25218 -0.09453 0.15502 -0.17159 0.25751 -0.19258 -0.04201 0.23075 -0.34306 -0.01433 0.48144 -0.02626 0.23048 -0.16067 -0.30218 -0.01075 0.36143 0.38968 0.33171 -0.03866 0.15449 0.07607
-0.20929 -0.22842 -0.03124 -0.25795 0.21297 0.08409 0.08174 0.18673 -0.19477 -0.07647 -0.12902 -0.07816 -0.20294 0.01865 0.23786 0.31100 -0.18738 0.04355 -0.06213 -0.19008 0.41730 0.18918 0.02436 -0.08526 0.15173 0.12887 0.03633 -0.03594 0.16324 -0.10885 -0.05888 0.19488 -0.31158 -0.28260 -0.11161 0.11013 -0.03965 0.05080 -0.09299 -0.17138
-0.32943 0.11552 -0.17896 -0.01975 0.23725 -0.11342 0.10678 0.17620 0.14084 -0.14415 0.11593 0.10238 -0.08908 -0.20633 0.18331 0.26806 -0.04549 -0.07566 -0.11885 -0.25820 0.22490 0.18166 0.08001 -0.03634 -0.07171 -0.13235 0.21295 -0.28289 0.28767 -0.16261 -0.00085 0.02402 0.08086 -0.24433 -0.33606 -0.04532 0.05702 0.10073 0.15657 0.02510
-0.02590 0.17242 0.06882 -0.31761 -0.14871 -0.02288 -0.27874 0.12135 0.09707 0.12125 -0.01902 0.05922 -0.11049 0.11581 -0.01686 -0.06528 -0.37043 0.19152 -0.17718 -0.31947 -0.01369 0.17408 -0.16645 -0.28559 -0.08226 -0.01866 0.17322 -0.33388 0.09879 0.20846 0.17244 -0.16168 -0.19012 -0.17658 0.30235 0.04088 0.20395 0.11701 -0.21372 0.01897
-0.15196 0.15751 0.19226 0.19830 0.21638 -0.07596 0.22132 0.12823 0.09177 -0.33808 -0.18130 0.25226 0.03028 -0.05255 -0.32460 -0.05075 0.03677 0.30854 -0.13055 0.00616 0.26622 0.23555 -0.01454 0.36538 0.33552 0.24453 0.32635 -0.30270 -0.22604 -0.12582 -0.04420 -0.02697 -0.00219 -0.36345 0.09969 -0.12973 0.15591 0.29970 0.07044 -0.06809
-0.12698 -0.07273 -0.17135 -0.38988 -0.11873 -0.37503 -0.34844 0.43333 -0.21019 -0.02456 -0.36468 -0.14914 -0.14201 -0.01438 -0.17894 -0.01744 -0.09062 -0.44868 0.00240 -0.30854 -0.40762 -0.11414 -0.02710 -0.37060 -0.14489 0.14872 0.30668 0.35521 -0.37189 0.21921 -0.15355 -0.27495 0.08854 0.33554 -0.39715 -0.39909 -0.12547 0.19803 0.21998 -0.26813
0.15278 -0.33977 -0.16200 0.16875 -0.16525 -0.00520 -0.15982 -0.20763 0.03221 0.27593 0.30491 0.26016 -0.19372 -0.31768 0.01707 -0.22302 0.23096 0.06351 -0.09657 0.20077 0.32801 0.07482 -0.22329 0.02495 -0.18387 0.28042 0.16896 -0.23952 0.05311 0.17156 -0.23559 0.16843 0.04443 0.10258 -0.16388 -0.07680 -0.25150 0.19221 -0.34235 -0.16136
0.07479 0.09823 0.01137 0.04817 -0.14994 0.11029 -0.07163 0.13014 0.00780 0.13337 -0.18800 -0.09178 0.10823 -0.10041 0.11101 0.01252 0.03007 0.37981 0.04108 0.12937 0.04761 0.23262 0.37584 0.31629 0.10000 -0.11626 -0.11033 0.17823 -0.01129 -0.10691 -0.14903 0.06176 -0.17042 -0.26171 -0.06453 0.04460 -0.12453 0.08103 0.07105 -0.04862
0.37639 0.41920 0.12932 -0.07251 0.15512 0.35187 -0.06340 -0.25352 -0.18937 -0.27390 -0.14368 0.22887 -0.04162 0.17968 0.28517 0.32764 -0.03406 0.16966 -0.31509 0.43095 0.22717 0.21725 -0.00988 0.35906 -0.00765 0.16378 0.17824 0.23446 -0.03145 -0.08624 -0.27800 0.33873 0.08846 0.03018 0.28454 -0.02434 0.26755 -0.00370 -0.27652 -0.22192
0.00687 0.00338 0.05847 0.19964 -0.30305 -0.24146 0.04120 -0.20323 -0.18504 0.18091 0.31540 -0.24644 -0.25444 0.08513 0.32261 -0.28212 -0.16036 0.15967 0.31465 -0.19082 -0.06786 0.08626 -0.22572 0.16272 0.23826 0.21417 -0.14264 0.31141 0.00341 0.29150 -0.02127 -0.12023 -0.28458 0.02916 -0.05685 -0.00202 0.05430 -0.10517 0.13183 0.05107
-0.24797 -0.01970 0.25348 -0.07110 0.00740 0.14030 -0.07495 -0.14962 -0.24711 -0.06762 0.19301 -0.31564 -0.19704 -0.06365 -0.01939 0.12201 -0.13323 -0.16110 -0.20167 0.17131 -0.12490 -0.18715 -0.06425 0.09806 -0.20780 -0.03005 -0.09465 -0.10687 -0.21721 -0.13697 -0.00238 0.11768 0.19167 -0.03545 0.08160 0.00640 0.22090 0.04245 0.23890 0.12056
0.23425 0.19547 -0.05797 0.22523 0.18331 0.15057 0.29842 0.39819 -0.19716 -0.11454 -0.30559 -0.41958 -0.00497 0.10610 0.26821 0.03339 -0.19307 0.30643 -0.14339 -0.11883 -0.21659 0.19722 -0.23210 0.25008 -0.19999 0.34543 0.33695 -0.22297 -0.04086 -0.13247 0.10419 0.15133 -0.30565 0.18235 -0.17748 -0.28762 -0.35261 -0.42456 -0.37597 0.30201
0.05575 0.01832 -0.28185 -0.03910 -0.04823 0.25113 -0.23613 0.28447 -0.07322 0.11576 0.26872 -0.20983 0.22031 -0.17217 -0.09027 -0.18308 0.08356 -0.01764 0.07432 -0.02303 -0.05165 -0.24540 0.24367 0.03231 0.18564 -0.16620 -0.27099 -0.03196 -0.01741 -0.18300 0.11419 0.20502 -0.15156 0.04194 -0.27520 0.04445 0.19646 0.29672 0.08124 0.05651
0.28380 -0.00317 0.08035 -0.29394 -0.19601 -0.03879 -0.09671 -0.35059 0.01972 0.20033 0.34051 -0.21357 -0.46157 -0.02348 -0.10451 -0.10605 0.02575 -0.10526 -0.05508 -0.19201 0.22837 -0.13586 -0.38161 0.10075 0.03122 -0.11888 0.15495 0.15840 -0.31373 0.00784 -0.31347 0.12566 0.07030 0.46373 0.12615 -0.22602 -0.16567 0.39884 0.39560 0.27754
0.18316 0.10755 -0.10532 0.07795 -0.05999 -0.27167 0.25658 0.10138 -0.37825 -0.25636 -0.14017 0.21885 0.26611 -0.00502 0.22936 -0.19993 0.30652 0.01131 0.35888 -0.41197 0.25289 0.22772 -0.31890 -0.33898 -0.21360 -0.11273 -0.28422 -0.15603 0.03424 -0.25062 -0.08822 -0.11942 -0.15462 -0.08077 0.15601 -0.24375 0.05656 0.35015 0.08070 0.41145
0.37515 0.21066 0.09852 -0.27774 -0.10385 -0.30031 0.04062 -0.23831 -0.10063 -0.06641 0.30619 0.30476 0.29401 0.30018 -0.14627 -0.00402 -0.16494 -0.41043 0.17526 0.01335 -0.12452 0.21038 -0.40249 0.12751 0.21875 0.19671 0.08523 0.21088 0.01615 0.18532 0.24719 0.10463 -0.13799 -0.06821 0.31376 0.40643 0.29003 0.26439 -0.14214 0.18809
0.07770 0.02418 0.02551 0.02225 -0.14041 0.13853 -0.35347 0.30467 -0.22026 0.17564 0.04325 -0.01519 0.14847 -0.10599 0.34952 0.09808 0.21784 -0.27534 -0.32777 0.20062 0.27190 -0.27825 0.08520 -0.23960 -0.15731 0.45338 0.16669 0.36656 -0.15510 -0.26371 0.11257 0.07397 -0.28166 -0.09508 -0.14873 -0.17021 0.19609 -0.20221 0.02061 0.18266
0.04317 0.12403 -0.15087 0.14311 0.19197 0.11535 -0.16286 0.14718 0.29911 0.25064 0.09473 0.05922 0.02550 -0.05586 0.16666 -0.15421 -0.01080 -0.15913 0.04893 0.32217 -0.19655 0.10413 -0.11839 0.01380 -0.13156 -0.07283 0.13383 0.14033 0.29536 0.24431 -0.01345 -0.05353 -0.02409 -0.28553 -0.14935 0.12419 -0.18452 -0.02697 -0.13148 0.11454
-0.01332 0.22276 0.02127 0.05610 -0.17868 0.10636 -0.22119 0.00840 -0.23974 -0.33727 -0.16721 0.01427 0.03120 0.20678 -0.19890 0.02860 -0.00591 -0.29275 0.26245 0.00175 -0.30586 -0.11667 -0.01289 -0.30700 -0.01235 -0.23050 -0.01023 -0.20515 -0.30242 0.13814 -0.08272 0.16578 0.25714 0.18235 -0.21624 -0.35697 0.16338 0.27655 -0.27925 -0.30463
0.26008 0.05864 -0.16403 -0.15832 0.06593 0.05556 0.22201 0.05470 -0.11995 0.00903 -0.15022 -0.16865 0.00837 -0.09210 0.17455 -0.17976 0.04893 0.15549 -0.15682 0.18630 0.07586 0.17539 0.19638 0.10455 -0.13341 -0.04550 -0.13402 0.10187 -0.05800 -0.04420 -0.29983 0.26740 -0.28772 -0.03614 0.17425 0.01157 -0.09851 0.22656 0.01679 -0.04755
0.22944 0.18354 -0.07790 -0.42382 -0.43010 -0.06085 -0.06371 -0.32496 -0.08546 0.35214 -0.01782 -0.15530 -0.22651 0.43080 0.04634 -0.30527 -0.18898 0.14160 -0.33616 -0.31749 -0.39755 0.34566 0.02601 -0.25145 0.18136 0.16930 0.37095 -0.29374 -0.27102 -0.32229 0.27873 0.22958 0.20362 -0.13485 -0.09825 -0.08684 0.13433 0.38645 0.39271 -0.14802
-0.24746 -0.02289 -0.03120 -0.37310 0.15510 0.09723 0.23607 0.07033 0.20837 0.06297 -0.05541 0.21292 0.00069 -0.11824 0.26638 0.05583 -0.11952 -0.34946 -0.01668 0.23152 0.16085 0.15151 0.11889 0.15084 0.10768 -0.10199 0.32559 0.13171 0.17201 -0.07415 0.06798 0.12522 -0.18161 -0.17576 0.07381 -0.24890 0.23214 -0.03587 0.01620 0.10835
0.28905 0.00218 0.11620 0.15349 -0.30763 0.28389 -0.19716 0.12735 -0.08181 0.39129 0.00869 -0.33281 -0.01024 -0.43072 0.05636 0.09703 -0.37460 0.38372 -0.23762 0.23678 -0.29711 0.26147 0.04804 0.21297 0.20594 -0.04625 0.05050 0.36769 -0.30264 -0.10197 -0.21356 0.30249 -0.15763 0.03779 -0.24843 0.04838 -0.13564 -0.28076 0.00494 -0.18993
0.16821 0.24360 0.26807 -0.25437 0.24388 0.24987 -0.12551 0.12256 -0.09178 -0.13665 -0.30867 -0.11688 0.00502 0.10065 -0.09181 -0.07789 0.14719 0.21028 -0.20708 0.13136 -0.05674 0.01535 0.20494 0.04082 0.25332 0.03801 0.10464 -0.01532 -0.23711 0.20295 0.36879 -0.09795 0.01425 0.05001 -0.30589 0.19472 0.25561 0.04716 0.19714 -0.34331
0.05457 -0.42106 -0.05872 -0.35734 0.29091 0.00951 -0.04831 0.09939 0.33075 -0.33939 0.04604 0.14425 -0.22804 0.13453 -0.08307 0.15083 -0.05876 0.27818 -0.22448 -0.23534 -0.06917 -0.24436 -0.12260 0.28964 0.26920 -0.27168 0.11971 0.04153 0.14145 0.24777 0.29869 0.41554 0.08471 0.12578 -0.25627 0.00375 -0.26972 -0.10304 -0.30919 0.02383
0.03403 -0.07668 0.15146 0.26558 0.16439 0.33218 -0.16385 0.03638 0.18060 0.32326 -0.22894 0.02032 0.03904 -0.01639 -0.09689 -0.03049 0.01452 -0.00597 -0.12007 0.38746 -0.28840 -0.22614 0.00875 -0.02661 0.06133 -0.14909 0.11674 0.15006 0.42645 0.04651 0.08903 -0.01042 -0.04139 0.03963 -0.13816 -0.25771 -0.19619 0.06695 -0.15744 0.21726
0.14240 0.23933 -0.14301 -0.12728 0.03462 0.14380 0.20691 0.09063 0.01534 -0.05126 -0.02131 -0.11424 -0.08450 0.10296 0.12828 -0.01164 -0.10653 0.05019 -0.34982 -0.13780 0.30998 0.44023 -0.07623 -0.01155 -0.00463 -0.26433 -0.04721 -0.14218 0.42248 0.35293 0.50935 -0.22811 0.16386 0.11381 -0.20712 -0.10291 -0.29286 -0.06975 -0.05707 -0.24390
0.27670 0.13599 -0.24869 -0.08620 -0.13976 0.04284 -0.18509 -0.00561 -0.09022 -0.33045 0.25713 -0.35679 -0.00219 0.02071 -0.43959 -0.00712 0.02305 -0.01656 -0.19579 0.31491 -0.13583 -0.16283 -0.20184 -0.06355 -0.28607 0.26953 -0.24233 0.31378 -0.25903 0.11286 0.39155 0.08655 -0.44167 0.00220 0.27673 -0.11135 0.39418 0.14153 0.21924 0.24686
0.11901 0.06180 -0.15365 -0.03490 -0.33930 0.14226 0.11288 -0.32454 0.27554 0.12582 -0.00696 0.23292 -0.15373 0.17977 0.00963 0.25766 -0.22244 -0.43853 -0.13693 0.33256 -0.05462 -0.30103 -0.09291 -0.16036 -0.24534 -0.04660 0.24297 -0.09727 -0.11568 0.11245 0.20973 -0.14359 0.30945 0.39497 0.20321 -0.48375 -0.11997 -0.19563 0.24304 -0.24339
-0.20373 0.08839 0.18625 0.13526 0.20559 -0.14904 -0.00734 -0.36842 0.17582 0.03548 -0.08151 -0.00087 -0.27508 0.02009 0.07104 -0.12871 -0.11230 0.23728 -0.02621 0.11440 -0.11825 0.13556 0.11034 0.14142 0.10172 -0.14581 -0.09607 0.42640 0.17939 0.09609 0.10344 -0.13952 0.23624 -0.32572 -0.09319 -0.06015 0.13342 0.15914 0.03344 -0.02861
-0.07104 -0.23358 -0.20999 0.05158 -0.29255 -0.03501 -0.44384 -0.01705 0.05355 -0.09421 -0.29756 -0.33454 0.26099 0.24622 0.22501 -0.13389 -0.00173 0.27263 0.01572 -0.22693 -0.06264 -0.11180 -0.17690 0.33618 0.03537 -0.07974 0.20175 0.25753 0.08209 -0.35348 0.10628 0.21374 -0.20543 0.16542 -0.03156 -0.23792 -0.29801 0.22096 -0.32392 -0.17381
0.45301 0.09382 0.24893 -0.32955 -0.19213 -0.26112 -0.13597 0.15518 -0.41193 -0.18960 0.20786 -0.07619 0.24166 -0.17224 0.16190 -0.08332 -0.28174 -0.26936 -0.17762 -0.22012 -0.16820 -0.26239 0.18091 -0.33652 0.22024 0.37457 0.04371 -0.01996 -0.21585 -0.05226 -0.12731 -0.17168 -0.06170 -0.47730 0.37468 -0.20205 0.05772 -0.02465 -0.18691 0.09084
0.48254 0.10489 -0.05924 -0.07902 0.08102 0.14993 0.19763 0.15884 -0.33976 -0.30057 0.30581 -0.08002 0.34165 -0.16767 0.02114 0.21024 0.13179 -0.10970 -0.19082 0.17613 -0.26787 -0.01999 0.12182 -0.18449 0.32944 0.36408 0.06411 0.09046 -0.20000 -0.04189 0.05798 -0.22167 -0.02091 -0.51854 0.07983 0.05772 -0.01016 0.06478 -0.12467 -0.05680
-0.12430 0.06473 -0.31748 -0.24828 0.19073 -0.12022 0.02684 0.28238 0.34641 0.10160 0.18965 -0.32760 -0.40355 -0.09329 0.12241 -0.24925 -0.17649 0.25972 -0.18469 -0.21767 -0.33855 -0.22382 0.17681 0.38556 0.15568 -0.31224 -0.08238 -0.23868 -0.30170 0.11684 -0.26627 0.27492 -0.33154 -0.04864 -0.25560 -0.38304 -0.01227 -0.25866 -0.04314 0.23529
