-0.16734 -0.09828 0.06331 0.05946 0.03170 -0.11888 0.00780 0.13256 0.05743 -0.03649 -0.09390 -0.11870 0.28226 -0.08127 0.21548 -0.11783 -0.18572 0.02272 -0.26082 0.00968 -0.18304 -0.06547 -0.16534 -0.08569 -0.04685 -0.09808 0.09430 0.09406 -0.04467 -0.18475 0.03328 0.11433 -0.21347 0.10723 -0.16027 -0.08971 0.29765 -0.12536 0.05992 0.14495
0.05594 0.36415 0.20372 -0.35562 -0.00241 0.09993 0.20571 0.05840 -0.24396 -0.16585 0.01759 0.17783 -0.22125 -0.04243 -0.03932 0.11868 0.21841 -0.09440 0.15863 -0.24548 0.12506 -0.11645 -0.00565 0.22781 -0.11473 0.07281 0.17180 0.07618 -0.00779 0.03504 0.05714 0.02468 -0.00027 0.08480 0.29435 0.07904 -0.07243 -0.10925 -0.40753 0.07801
-0.00276 -0.24325 -0.36660 0.21609 -0.03642 0.29922 -0.30083 -0.08409 0.05811 0.19267 -0.01149 -0.16406 0.00788 0.01584 0.02020 -0.13800 -0.22682 0.14620 -0.14735 -0.05215 0.27762 0.06331 0.16432 -0.18484 -0.04045 -0.15385 -0.26102 0.00521 -0.14074 -0.02620 -0.27197 -0.04495 -0.15640 -0.11243 -0.02310 0.02622 0.21295 0.07318 0.23884 -0.24064
-0.01868 0.18382 0.08701 -0.30875 0.02903 -0.00859 0.07586 0.09546 -0.06741 -0.23910 0.00749 0.09156 -0.11300 -0.12533 -0.04684 0.06032 0.12697 -0.03669 0.15040 -0.13892 0.07772 -0.10476 -0.03367 0.19193 -0.16733 -0.14524 0.20764 -0.09909 0.07995 -0.13563 0.04209 -0.14249 -0.02110 -0.09513 0.14673 0.08008 0.05822 -0.09303 -0.18435 -0.01702
-0.09359 -0.07559 -0.00177 0.05474 -0.01293 -0.33781 0.10401 -0.19524 0.24836 0.05093 0.18291 -0.08203 -0.12710 0.14953 -0.13824 -0.26979 0.24116 -0.09814 0.05232 0.04322 -0.26418 0.17640 -0.12734 0.14321 0.02118 -0.19708 -0.19328 -0.05695 0.20364 0.08582 -0.06151 -0.11077 0.09600 0.11321 -0.06349 -0.02238 -0.24028 -0.20223 0.06039 0.14915
-0.18749 -0.14125 -0.25159 -0.06531 -0.10494 -0.08452 -0.10147 0.00979 -0.31709 0.14475 0.17325 0.01187 0.19492 0.01719 -0.11746 -0.22844 -0.09258 -0.18721 0.03049 -0.04040 0.11879 0.14353 0.12644 -0.05751 -0.04592 -0.26843 -0.13036 0.15803 0.09079 -0.04941 0.13778 -0.05854 0.06497 0.12299 0.18417 0.07636 -0.04261 0.07647 0.11530 0.13393
0.16949 0.09754 0.17956 0.01343 -0.02184 0.10184 0.25596 -0.14808 -0.18187 0.20035 -0.06907 0.06140 -0.20144 0.11378 0.11661 -0.07168 0.17169 -0.02814 0.05775 0.14788 -0.25192 0.00093 0.00147 -0.00157 -0.01372 0.20779 0.20384 0.25476 -0.11331 -0.02805 0.11466 0.26041 0.08754 0.12175 -0.01614 -0.09058 -0.08601 -0.08793 0.02352 0.16248
-0.01093 -0.24404 -0.35896 0.15360 -0.08860 0.24665 -0.34043 -0.05463 0.01275 0.17492 -0.00120 -0.16938 0.06928 0.05537 0.00526 -0.18082 -0.17040 0.10838 -0.09583 -0.05530 0.34755 0.12141 0.19123 -0.19316 -0.06905 -0.21444 -0.14350 -0.03939 -0.07288 -0.04097 -0.26970 -0.09876 -0.04793 -0.20380 -0.02753 -0.00046 0.30755 -0.04241 0.21652 -0.22477
-0.17902 -0.13208 -0.28490 -0.02635 0.12048 -0.06580 -0.21260 0.06095 -0.05532 -0.11208 -0.13903 -0.18471 0.08556 0.06994 -0.07429 -0.12773 -0.01306 0.10217 -0.04643 -0.07606 0.16226 -0.19391 0.18624 0.14740 0.00479 0.01416 -0.15887 0.07583 -0.21197 -0.07485 -0.23033 0.02419 -0.19262 0.33269 0.06687 0.13004 0.00547 0.04443 -0.02139 0.23688
-0.04723 0.14012 0.02276 -0.18131 0.01349 0.11507 -0.01711 0.11579 -0.18064 -0.14125 -0.03786 0.09335 -0.15394 -0.08509 -0.09511 0.01343 0.03273 -0.03095 0.29765 -0.16505 0.30752 -0.01120 0.04782 0.14729 -0.24654 -0.17520 0.13698 -0.10609 -0.00206 -0.15940 0.02052 -0.13123 -0.10346 -0.03951 0.18389 0.06632 0.06723 -0.06828 -0.27314 -0.06987
-0.04555 -0.27186 -0.35469 0.09178 -0.03427 0.21990 -0.30717 0.04891 -0.08429 0.08841 -0.03453 -0.16221 -0.03577 0.00991 0.04549 -0.10163 -0.27007 0.11374 -0.05011 -0.03264 0.33904 -0.02510 0.08939 -0.16221 0.03642 -0.11847 -0.15484 -0.06492 -0.09390 -0.02779 -0.22047 -0.06044 -0.12407 -0.07772 0.06942 -0.06884 0.15094 0.06075 0.17632 -0.21572
-0.05655 -0.20529 -0.41727 0.16049 -0.00131 0.22411 -0.33139 0.02243 -0.00899 0.08248 0.00653 -0.24679 0.00677 0.03728 -0.02973 -0.18098 -0.20039 0.11628 -0.09561 -0.06459 0.28739 -0.03287 0.13635 -0.07195 0.05496 -0.15521 -0.11957 -0.06374 -0.18505 0.04196 -0.21045 -0.02431 -0.06165 -0.12326 0.05259 0.03472 0.18344 -0.03068 0.30759 -0.17564
-0.00308 -0.25330 -0.34835 0.15749 -0.13220 0.14343 -0.34550 0.02242 -0.09536 0.21347 -0.05876 -0.15333 0.04550 0.07996 0.09626 -0.17830 -0.23145 0.10334 -0.07234 -0.02709 0.26694 0.16536 0.08782 -0.19247 -0.00311 -0.16464 -0.16075 -0.01137 -0.06656 -0.08123 -0.24373 -0.08843 -0.01228 -0.17281 -0.04711 -0.10177 0.32469 -0.05866 0.14823 -0.26213
-0.16162 -0.02110 0.03762 0.01689 -0.08667 -0.29906 0.18007 -0.29434 0.21111 0.03077 0.23926 -0.04608 -0.03424 0.15818 -0.09340 -0.32396 0.24375 -0.09995 -0.00146 0.06515 -0.20872 0.13331 -0.17435 0.09270 0.04349 -0.24088 -0.19878 -0.07253 0.23829 0.07536 -0.01035 -0.11284 0.07630 0.07420 -0.15613 0.06540 -0.20906 -0.23299 0.15632 0.17228
-0.11044 -0.31603 -0.05613 0.06316 0.01798 -0.15525 -0.06223 0.21649 -0.17454 0.09957 0.14171 -0.16851 0.15571 -0.01690 -0.06620 -0.11993 0.03085 0.13341 0.13639 0.15938 0.09438 0.15920 -0.02580 -0.06188 0.06519 0.01567 -0.12551 0.10692 0.06659 -0.03648 0.14706 0.06346 0.07121 0.12937 0.23634 -0.25053 -0.21446 -0.01740 0.25339 0.14150
-0.05843 0.20908 0.10463 -0.22445 -0.01202 0.04931 0.08756 0.16921 -0.13205 -0.22101 -0.02668 0.05679 -0.11122 -0.00109 -0.08196 0.03801 0.12400 -0.00702 0.18406 -0.16950 0.13591 -0.01253 0.02556 0.14330 -0.16353 -0.09309 0.10600 -0.05226 0.08127 -0.02214 0.02927 -0.03829 -0.03706 -0.09309 0.12880 0.11562 0.01871 -0.10680 -0.24250 -0.03313
0.07669 0.30569 0.16842 -0.34443 0.01062 0.13072 0.20146 0.11033 -0.17034 -0.06999 0.03759 0.10824 -0.22967 -0.01374 -0.08326 0.08341 0.25180 -0.05444 0.14313 -0.30647 0.12564 -0.17920 -0.03769 0.24134 -0.15379 0.01509 0.22499 0.10818 0.03204 -0.00260 0.06494 0.11031 0.07892 0.01175 0.26645 0.19164 -0.05705 -0.05355 -0.39691 0.13180
0.01587 0.26172 0.22456 -0.33245 -0.01356 0.00695 0.23368 0.04617 -0.19161 -0.17991 0.04646 0.15633 -0.16291 -0.06815 -0.07877 0.11377 0.22640 -0.03726 0.21337 -0.21515 0.05917 -0.08655 -0.00828 0.23113 -0.15549 -0.01467 0.19646 -0.01101 0.04981 -0.01030 0.05175 -0.01527 0.04653 0.04111 0.21192 0.07054 -0.07994 -0.08013 -0.38269 0.11641
-0.22195 0.09998 0.15647 0.31390 -0.04603 -0.27440 -0.23207 0.25139 0.21607 0.10423 0.09118 -0.07272 0.11681 0.26563 0.21954 0.13946 -0.12877 0.05499 -0.12110 0.07432 -0.25764 0.30578 -0.11804 -0.05604 -0.01504 0.33272 0.07163 -0.02137 0.29494 0.06758 0.26242 0.07293 0.01544 -0.11169 -0.34811 -0.03972 -0.11391 -0.06914 0.28211 -0.15748
-0.18273 -0.29408 0.07582 0.10280 0.01541 0.08177 -0.01910 0.07826 -0.11862 0.04226 0.19727 -0.30858 0.06787 0.08111 -0.02658 -0.25508 -0.00035 -0.06399 -0.08420 0.00841 -0.06522 0.21276 -0.08176 0.02465 -0.30324 -0.04263 0.26727 0.04499 -0.32528 -0.14076 0.26904 -0.02531 0.19372 -0.11332 -0.05171 -0.25065 -0.12852 0.04523 0.25250 -0.04595
-0.05578 0.15944 0.13355 -0.29538 0.05878 -0.00706 0.15163 0.14445 -0.27864 -0.17929 0.02595 0.08537 -0.21684 0.03449 -0.00108 0.07322 0.16045 0.00876 0.20306 -0.26171 0.11203 -0.12168 0.01765 0.06328 -0.03962 0.04797 0.05934 0.05265 -0.00148 0.04272 0.00007 0.04631 -0.05493 0.07783 0.26822 -0.02730 -0.09656 0.00524 -0.36958 0.08874
0.07989 -0.19585 0.23590 0.01589 -0.20842 -0.09865 0.05936 -0.07605 0.10038 0.17261 -0.01779 -0.13478 0.24123 -0.06005 0.14179 -0.06552 0.18224 0.16790 0.17915 0.34624 0.08109 -0.09554 0.13471 -0.22403 0.16143 0.15596 0.05407 -0.19165 0.11390 -0.01762 0.22264 0.24497 0.02185 -0.10297 -0.01069 -0.09207 -0.29680 -0.21367 -0.16182 0.26257
0.12483 -0.28228 0.23492 -0.17716 -0.16809 -0.24925 0.06482 0.19648 -0.20000 0.28374 -0.19399 -0.11584 0.30480 -0.20444 0.01288 0.26684 -0.14442 -0.00967 -0.01727 -0.13981 -0.09398 0.04078 -0.27291 0.25525 0.02066 0.20339 -0.19739 -0.09090 -0.14326 0.15362 0.29275 -0.26881 0.16049 0.02189 -0.06351 -0.14878 0.23991 0.22316 -0.20382 0.29738
0.04028 -0.26865 -0.29828 0.07845 -0.09644 0.24909 -0.28322 0.01262 -0.01348 0.11794 -0.10259 -0.13315 0.00424 0.02192 0.07565 -0.14680 -0.31852 0.10660 -0.08592 0.00279 0.31242 0.06396 0.01320 -0.16816 -0.06308 -0.19407 0.04380 -0.08196 -0.09425 -0.08232 -0.12793 -0.07333 -0.10855 -0.20885 -0.01643 0.02521 0.32457 0.04233 0.17720 -0.19558
0.03356 -0.16229 0.06199 -0.21395 0.06855 0.08769 -0.01765 0.11842 -0.02543 0.21619 0.03882 0.08687 0.05151 0.00303 -0.07647 0.06417 -0.36304 -0.03554 0.00229 -0.07192 -0.01324 -0.11424 -0.27591 -0.01365 -0.02828 -0.10888 0.29638 -0.09404 0.10738 -0.18916 0.26219 -0.07787 -0.02241 0.15835 0.00032 0.01396 0.13834 -0.03890 -0.16301 0.13124
0.25894 0.04706 -0.18115 0.22651 0.06810 0.11817 -0.05028 0.21350 0.12466 0.10651 -0.16242 0.05685 0.12864 0.09285 -0.04515 0.04620 -0.20786 0.13604 -0.28567 -0.08576 -0.05259 0.08409 0.04693 -0.03633 -0.10413 0.30391 -0.22523 0.18526 -0.06220 0.02847 0.30343 0.23074 -0.11254 0.10272 0.08429 0.00367 -0.18591 0.28390 -0.11436 -0.15066
