0.09020 -0.19178 -0.16386 0.19661 -0.13824 -0.02226 -0.06756 -0.13318 -0.04644 -0.22297 -0.01428 -0.14953 -0.28157 0.13373 0.10606 -0.05756 0.24350 0.21069 0.22625 0.08118 -0.13729 -0.13689 0.02328 0.10034 -0.11424 0.23599 0.05005 -0.25166 -0.02315 0.12272 -0.30686 -0.17558 0.17601 -0.12824 -0.04514 0.23166 0.07727 0.16484 -0.20237 -0.06623
0.13400 -0.26400 -0.20076 0.12332 -0.18923 0.07453 -0.01123 -0.08899 -0.10899 -0.11003 0.03643 -0.08238 -0.27110 0.17771 0.08624 -0.01686 0.26773 0.25415 0.22922 0.11553 -0.20700 -0.11217 0.00994 0.09861 -0.06126 0.22681 0.01214 -0.21093 -0.04301 0.09168 -0.32662 -0.15199 0.23195 -0.13121 -0.01362 0.21346 0.13194 0.11111 -0.22332 -0.10468
-0.20429 0.06775 0.08894 0.10903 0.07168 -0.09769 0.02963 -0.02686 0.11102 0.03472 -0.00249 -0.23241 0.12694 -0.29295 -0.06432 0.07160 -0.04822 -0.13011 -0.34315 0.03865 0.05580 -0.02075 -0.05572 -0.00799 -0.24234 0.01776 0.08612 0.01309 -0.08200 -0.13689 0.10250 -0.20042 -0.06897 -0.14126 0.00026 -0.22240 -0.18067 -0.14992 0.12440 0.15679
-0.18373 0.00419 0.11272 0.05153 0.05862 -0.10278 0.08057 0.08012 0.04601 0.12562 0.00337 -0.27836 0.13399 -0.28157 -0.12822 0.07480 -0.01922 -0.10209 -0.33754 0.07291 0.08476 -0.02996 0.03655 0.03601 -0.21521 0.05992 0.06824 0.07895 -0.17540 -0.15779 0.15464 -0.13434 -0.01677 -0.13561 -0.08322 -0.29886 -0.25111 -0.10988 0.16696 0.17168
-0.24352 0.08681 0.09528 0.06348 -0.02686 -0.14414 0.07158 0.00024 -0.00303 0.15959 0.08988 -0.25401 0.09763 -0.28688 -0.02336 0.06438 -0.09808 -0.07800 -0.38746 0.07762 0.11437 0.07860 -0.00187 0.12093 -0.27527 -0.04561 -0.01556 -0.03628 -0.03923 -0.17270 -0.00379 -0.21380 0.01256 -0.07734 -0.05796 -0.31944 -0.28697 -0.16367 0.15423 0.10948
-0.28356 0.00415 0.10902 0.06502 0.02340 -0.11014 0.09107 0.02300 -0.01039 0.11799 -0.07170 -0.07941 -0.01423 -0.30462 -0.17229 0.01874 -0.07393 -0.00383 -0.18324 -0.01909 0.09936 -0.05486 -0.00457 0.10463 -0.27417 0.00515 0.00489 0.08760 -0.11157 -0.06076 0.04823 -0.08242 -0.00561 -0.12505 -0.07276 -0.10622 -0.21971 -0.08063 0.03939 0.10377
-0.21291 0.13061 0.18218 -0.00973 -0.04755 -0.03247 0.10207 0.00406 0.11506 0.05266 0.03392 -0.33141 0.20565 -0.31667 0.01041 -0.00064 -0.00931 -0.16723 -0.30936 0.04385 0.05334 0.01895 -0.00217 0.09090 -0.29878 -0.08220 -0.00367 0.10488 -0.15606 -0.18839 0.12260 -0.24688 -0.04059 -0.15013 -0.14621 -0.28357 -0.12779 -0.38672 0.18192 0.26416
0.04428 -0.05244 -0.09957 0.26692 0.11965 -0.02248 -0.00786 0.04315 -0.10160 -0.02160 0.03213 0.09006 -0.11678 -0.02332 -0.05940 -0.02983 -0.08990 -0.05735 0.09171 -0.07620 -0.00347 -0.09182 -0.20249 -0.01667 0.06995 0.24491 0.07874 -0.14391 0.11786 -0.12049 0.04624 0.02706 -0.20524 -0.02975 0.30727 0.01176 -0.03688 0.28523 -0.11233 -0.25525
-0.03166 0.17845 -0.07753 -0.04125 0.11774 -0.07063 -0.19818 -0.20517 0.15543 -0.31649 -0.14513 0.08320 -0.08834 0.20354 0.13419 -0.15183 -0.03133 0.03515 0.26679 -0.09242 0.14100 -0.07686 -0.01101 -0.14313 0.09535 -0.02919 -0.01726 -0.14289 0.22979 0.20063 0.06004 0.08027 -0.05602 0.16603 -0.09239 0.40264 0.08730 0.17527 -0.06444 -0.05552
0.05460 0.00574 -0.00299 0.26943 0.04836 -0.25316 0.00145 0.07592 -0.07102 -0.30123 -0.00727 -0.05956 -0.05637 0.02384 -0.07475 -0.03226 -0.06263 -0.15431 0.10237 -0.05498 0.07166 -0.10057 0.07201 -0.01812 -0.10529 0.22607 0.17603 -0.10856 0.03667 -0.12724 -0.05042 0.11398 -0.14727 -0.05319 0.06405 -0.07350 -0.13922 0.42098 0.01961 -0.02516
-0.01976 -0.12601 -0.03520 0.20089 -0.02709 -0.12095 -0.03600 -0.02910 0.00053 -0.23551 -0.12378 0.11021 -0.11927 0.01590 -0.06765 0.05702 -0.00053 0.05869 0.18709 -0.19376 -0.01636 -0.14457 -0.02631 -0.04318 0.06938 0.08100 -0.02005 -0.04119 -0.05183 0.23695 -0.01089 0.17374 -0.06700 -0.02559 -0.02534 0.04309 -0.10925 0.20731 -0.03537 -0.07230
-0.34012 0.01598 0.16735 -0.01178 0.05343 0.02101 0.09572 0.10014 0.08546 0.18693 0.00181 -0.22602 0.16841 -0.31221 -0.06891 -0.01673 0.01945 0.00350 -0.33351 0.10212 -0.05679 -0.07277 -0.09777 0.09077 -0.20458 0.03535 0.05285 0.21657 -0.14509 -0.22868 0.09522 -0.28792 -0.05234 -0.10861 -0.09259 -0.30758 -0.16880 -0.27626 0.04151 0.07159
0.28610 0.10817 0.14888 0.11830 0.19536 0.00180 -0.05217 -0.11539 -0.23615 0.15135 -0.01443 0.17644 -0.10154 -0.09829 -0.19034 -0.14530 0.14262 -0.22448 -0.15282 -0.18205 -0.18353 0.07463 -0.17115 0.02450 -0.03114 -0.18861 0.16845 0.20484 -0.07342 -0.11165 -0.21469 0.00162 -0.20558 -0.12924 0.20653 -0.17053 0.19245 0.10469 -0.15845 -0.11342
0.01878 0.15732 -0.08799 -0.08206 0.09504 -0.02489 -0.22929 -0.19280 0.14592 -0.25976 -0.10673 0.09049 -0.06095 0.23771 0.16218 -0.09253 -0.02942 0.02952 0.27376 -0.05828 0.12988 -0.01243 0.00605 -0.13762 0.18382 -0.07238 -0.02938 -0.15772 0.23398 0.19368 0.04220 0.09896 -0.06233 0.18935 -0.05928 0.38137 0.11412 0.11549 -0.04939 -0.09753
0.12407 -0.07037 0.00426 0.42568 -0.04162 -0.22278 0.05437 -0.02800 0.01355 -0.12749 -0.03857 -0.12569 0.05628 -0.08792 0.03422 -0.02139 -0.08383 -0.08843 -0.15551 -0.09229 0.06594 0.00841 0.08466 -0.06317 -0.07491 0.00385 0.15815 -0.11477 -0.08387 0.06659 -0.04809 0.05052 -0.19978 -0.03297 0.09765 -0.14382 -0.10623 0.34073 0.07345 0.07301
-0.00847 0.18237 -0.08561 -0.06183 0.06355 -0.06535 -0.17599 -0.18301 0.14608 -0.35942 -0.08489 0.13089 -0.05240 0.27226 0.19811 -0.13969 -0.07460 0.01585 0.30898 -0.09930 0.08388 -0.00694 0.04881 -0.12269 0.15313 -0.07065 -0.04940 -0.14109 0.25411 0.22335 0.02061 0.12818 -0.06812 0.19241 -0.11399 0.35523 0.10247 0.18185 -0.03877 -0.08371
