0.26070 -0.04989 0.06629 -0.34368 -0.01378 -0.06572 -0.11379 0.04954 -0.05675 -0.25634 0.05676 0.12174 -0.44910 0.07396 0.06130 -0.05046 0.26554 0.16295 0.13134 -0.04501 -0.00279 -0.04252 -0.14308 0.06611 -0.15683 0.16536 -0.20458 -0.07707 0.07132 0.20166 -0.12120 0.01627 -0.12642 -0.21847 0.35116 -0.05164 0.07858 0.02452 -0.07721 -0.02571
-0.17847 -0.09531 -0.08545 0.08657 -0.23878 0.08679 0.01736 0.24347 0.18659 0.09132 -0.12178 0.15061 0.05542 0.14394 -0.20833 -0.05654 -0.11669 -0.21084 0.14936 0.22142 0.08813 0.09436 0.19908 -0.03611 -0.06776 -0.12733 0.16680 0.03680 -0.52723 0.08759 0.07322 0.03723 0.10119 0.27235 -0.02331 -0.00663 -0.02211 -0.03156 -0.23638 0.15287
0.14915 -0.13218 0.05620 -0.07460 0.12456 0.13724 0.07319 -0.11132 0.03046 -0.06212 -0.00800 0.02488 0.07407 -0.04823 0.25456 -0.12373 -0.06059 0.21687 -0.32753 -0.03640 -0.04524 0.03182 0.24932 -0.07220 0.07110 0.01036 -0.16806 -0.00907 0.11532 0.06910 -0.28478 0.00438 0.10347 0.04941 -0.05582 0.01319 0.14156 -0.24547 0.07402 0.08314
-0.08944 -0.14274 -0.10781 0.03126 -0.21641 0.12978 0.00980 0.24521 0.21152 0.01052 -0.07610 0.21950 -0.00365 0.18130 -0.20787 -0.13154 -0.05194 -0.15997 0.11279 0.24305 0.07718 0.06423 0.24984 -0.04550 -0.06156 -0.06650 0.09882 0.01859 -0.52847 0.11570 -0.00287 0.04574 0.11111 0.26187 0.03208 -0.00683 0.02820 -0.12744 -0.24120 0.14894
-0.10055 0.04643 -0.00355 0.17256 0.18965 0.05545 0.03002 -0.21707 0.02543 0.00105 0.05919 -0.12775 0.37583 -0.17444 -0.03041 -0.10701 -0.01231 0.05954 -0.30465 -0.03873 0.01602 0.01471 0.05162 -0.07614 0.19344 -0.05210 -0.03821 0.02906 0.26531 -0.36280 -0.05057 -0.01523 0.08210 0.05419 -0.22571 0.04680 0.03898 -0.17946 0.30232 -0.16446
-0.05933 0.02939 0.05375 0.16686 0.24633 0.03754 0.01504 -0.27168 0.04320 0.03234 0.07011 -0.16015 0.35611 -0.20071 0.01726 -0.09680 0.05475 0.09127 -0.28018 -0.03255 0.02765 -0.01401 0.07829 0.00339 0.16854 -0.04636 0.00655 -0.00201 0.36269 -0.29834 -0.05419 -0.01080 0.03043 -0.00747 -0.19348 0.03521 0.02543 -0.22085 0.33685 -0.14865
0.04455 0.02278 -0.08135 0.04847 0.06944 0.08590 0.00246 -0.20977 0.09808 -0.13620 0.07531 -0.01280 0.07595 -0.03444 -0.08836 -0.16170 0.05390 -0.02369 -0.17076 0.13557 -0.04705 0.01212 0.14150 -0.00545 0.04700 0.05477 -0.03890 0.02596 0.18229 -0.16527 -0.15978 -0.13945 -0.00834 0.05909 -0.18245 0.05323 0.08934 -0.11679 0.23783 -0.11066
-0.07189 0.06313 0.04538 0.15659 0.19220 0.03690 0.02830 -0.16388 0.06720 -0.04955 0.03129 -0.10646 0.38231 -0.20614 -0.05222 -0.19304 -0.00016 0.07035 -0.35469 -0.04195 0.05834 0.00498 0.02005 -0.09813 0.22808 -0.04915 -0.04549 0.01497 0.27399 -0.40456 -0.01764 0.03897 0.06849 0.00831 -0.15947 0.03446 0.02907 -0.17430 0.38768 -0.20507
-0.08369 0.04997 0.10929 0.20495 0.21033 0.01162 0.04592 -0.15384 0.04252 0.02902 0.03749 -0.12519 0.36716 -0.19479 -0.05418 -0.14772 0.03625 0.08408 -0.25187 -0.03782 0.07816 0.00204 0.05826 -0.07335 0.20472 -0.06787 0.00937 -0.05633 0.28842 -0.39405 0.01874 0.07538 0.08886 -0.02267 -0.13466 -0.06208 -0.04126 -0.15393 0.34495 -0.17259
0.09434 0.06179 0.00115 -0.36414 -0.03186 -0.08956 -0.12937 -0.05633 0.05706 -0.12618 -0.11382 -0.01164 -0.33670 0.21386 0.20882 0.03611 0.21937 0.00230 0.10233 0.24180 -0.04822 -0.02762 -0.15776 0.11381 -0.11662 0.04129 0.00835 0.06325 0.09058 0.08016 -0.11199 -0.13958 -0.00994 0.01349 0.03303 -0.00360 0.03208 0.21735 -0.04558 -0.23172
0.20998 -0.04257 0.03507 -0.25897 0.03481 -0.06158 -0.08482 -0.02399 -0.05428 -0.16242 0.00813 0.08389 -0.32202 0.04602 0.08754 0.02015 0.21447 0.13364 0.12506 0.01283 -0.05835 -0.05354 -0.13852 0.05294 -0.08047 0.14209 -0.11737 -0.02512 0.04561 0.13895 -0.08650 0.02017 -0.08850 -0.13098 0.21124 -0.08475 0.01433 0.09775 -0.10218 -0.04408
0.28143 -0.10020 0.01492 -0.33447 -0.01781 -0.02531 -0.10367 0.08867 -0.05174 -0.28902 0.06053 0.17006 -0.44605 0.12302 0.05589 -0.08744 0.27926 0.19311 0.11675 -0.02691 -0.01188 -0.05639 -0.13008 0.05182 -0.12345 0.16049 -0.21427 -0.05234 -0.04008 0.22223 -0.13753 0.05403 -0.10017 -0.19156 0.37404 -0.05144 0.12814 -0.05097 -0.14119 0.00945
0.24996 -0.03652 0.02052 -0.31772 -0.06939 -0.03235 -0.11237 0.09808 -0.10507 -0.23417 0.06656 0.11916 -0.48241 0.08078 0.01963 -0.01304 0.22561 0.15385 0.18010 -0.08268 -0.01524 -0.04964 -0.14085 0.07026 -0.19805 0.17095 -0.17916 -0.10207 0.01078 0.28844 -0.11905 0.00697 -0.16810 -0.21918 0.36014 -0.00375 0.09501 0.01226 -0.12795 0.06264
