-0.06170 -0.15077 -0.29236 -0.08823 0.14652 -0.15410 -0.11718 0.15380 -0.02221 0.25418 0.04455 0.00658 0.15781 0.10245 -0.02704 -0.06147 0.20007 0.08416 -0.06883 0.04906 -0.01531 0.08818 -0.03989 0.00302 -0.03006 0.06694 -0.10067 -0.10065 0.15221 0.15965 0.08546 -0.08068 -0.30815 -0.09638 0.02340 0.18674 0.02732 -0.06722 -0.03528 -0.16794
-0.35506 0.00159 -0.15973 0.11910 -0.20399 -0.00538 0.14763 -0.14672 0.06372 -0.10952 0.09673 -0.01928 0.05436 -0.04627 -0.01486 0.34032 -0.14603 0.27431 0.01036 0.14199 0.07433 -0.01466 -0.06927 -0.03216 -0.08858 0.04054 0.26193 0.05200 -0.16638 -0.29966 0.14376 -0.10647 -0.10559 -0.05169 -0.11289 0.12187 -0.07205 0.02354 0.09510 0.13537
-0.37629 -0.09114 -0.29741 0.07576 -0.08082 -0.05000 0.03586 -0.06069 0.21463 -0.12274 0.16726 -0.00772 0.03026 0.07390 0.01772 0.27929 -0.06126 0.36730 -0.02021 0.20256 0.06170 -0.02375 -0.10250 -0.13157 0.02944 0.17858 0.16750 0.00496 -0.10652 -0.13696 0.05917 0.04710 -0.23703 0.03678 0.01703 0.24151 -0.19371 -0.11907 0.13651 0.12148
-0.19541 -0.06172 -0.32711 0.04129 -0.01688 0.03017 0.03798 0.09215 0.07840 0.09758 0.08287 -0.05194 0.16407 0.00497 0.07533 0.20142 0.16754 0.11761 -0.02993 -0.02138 0.22203 0.16247 -0.10042 -0.12610 0.03803 0.00068 -0.03721 0.02831 -0.11747 -0.10022 0.13810 -0.12712 -0.17610 -0.05615 0.11155 0.32821 0.09094 -0.04208 0.12653 0.02294
-0.37234 -0.09051 -0.33923 0.05968 -0.19156 -0.02835 -0.09697 0.08737 0.05818 0.02391 0.14986 0.08717 0.11473 -0.00310 -0.06712 0.12460 0.14907 0.13587 -0.06541 0.13519 0.24015 0.11319 -0.10311 -0.06263 0.10934 0.01392 0.00241 -0.10524 -0.07933 -0.18165 0.10406 0.01540 -0.19067 -0.16794 -0.10174 0.27254 -0.04396 0.01836 -0.00178 0.06418
-0.14165 0.10245 0.01887 0.10405 -0.26364 0.18264 0.04732 0.10542 0.27033 -0.21235 0.20797 -0.07591 0.17398 -0.24199 0.22553 0.20794 -0.18621 -0.38627 0.27492 0.02849 0.00454 -0.31547 -0.03173 0.32911 0.08774 -0.10197 0.13358 0.02292 0.07620 0.16233 -0.00149 -0.02134 0.08715 0.28708 0.11805 -0.34376 0.13963 0.21560 0.26969 -0.17694
0.34964 0.10007 0.30092 -0.13024 0.00451 -0.10236 -0.07911 -0.06285 -0.23320 0.00350 -0.09555 0.16115 -0.11712 -0.28246 -0.05869 -0.16374 -0.13290 -0.29568 0.12091 -0.03572 -0.24125 -0.17584 0.24609 -0.01192 -0.13927 0.02013 0.05599 -0.15382 0.09721 0.02776 -0.17826 -0.01637 0.29849 0.04147 0.03286 -0.13227 0.08523 0.09335 -0.00153 -0.14093
-0.11603 -0.17033 -0.22893 -0.00290 0.06636 -0.10302 -0.23816 0.17374 0.05863 0.26707 -0.03899 -0.05860 0.09624 -0.04729 -0.03880 -0.10936 0.34396 -0.00930 -0.04263 0.02341 0.08753 0.13308 0.00313 -0.03480 0.04549 -0.00244 -0.19131 -0.03311 0.04951 0.12594 0.14829 0.02873 -0.26065 0.06469 0.06938 0.20444 0.07797 -0.02263 -0.04895 -0.16083
-0.22504 -0.06192 -0.36495 -0.04467 0.08723 -0.10983 -0.19675 0.17591 -0.00991 0.20451 0.06985 0.14363 0.26313 -0.02117 0.03889 0.03318 0.16634 0.22334 0.07305 0.03645 0.05578 0.10123 -0.06238 -0.04125 0.01787 0.11696 -0.05330 -0.01637 0.11879 -0.02070 0.15224 -0.11309 -0.25256 0.09075 0.05049 0.17620 0.06435 -0.20654 -0.05100 -0.08863
0.14791 0.29700 0.13965 0.14324 0.24484 0.17728 0.15469 -0.13402 -0.10900 -0.14481 0.02746 -0.08148 -0.05226 0.03522 0.19047 -0.10415 0.09841 -0.11228 -0.13660 -0.32894 -0.01919 0.14727 -0.03417 0.11957 0.16554 -0.10976 -0.03116 -0.00925 0.11710 -0.08724 -0.01252 0.34251 0.26339 -0.10218 -0.25290 0.14754 0.20266 -0.22953 -0.02571 -0.06585
-0.18192 0.00325 -0.30191 -0.06976 -0.09593 0.01703 -0.01821 -0.05430 -0.01766 0.04056 0.08159 0.05147 0.08518 -0.01811 -0.01647 -0.00342 0.19562 0.22010 -0.01248 -0.01941 0.01400 0.12345 0.00356 -0.05797 0.05773 0.07815 0.03894 0.01730 -0.02878 -0.00201 0.22458 -0.17465 -0.18889 -0.01832 -0.02089 0.28056 -0.01225 -0.01871 -0.01944 0.01836
0.11935 0.13412 0.07818 -0.04937 0.11753 0.09295 -0.07799 0.01671 0.22875 -0.10568 -0.01068 0.06686 0.00043 -0.01754 0.04817 -0.08315 0.13335 -0.02603 -0.23095 0.02580 0.12217 0.04026 -0.16884 -0.04031 0.12278 -0.17146 -0.17426 -0.03587 -0.01653 0.06979 0.07428 0.13382 0.00753 0.11665 -0.07095 -0.17569 -0.00636 0.18706 -0.01793 0.00747
-0.28060 -0.06905 -0.21306 -0.03078 -0.05414 -0.12553 -0.05105 -0.18213 0.12783 -0.07856 0.16993 0.05406 0.00188 -0.08001 -0.14068 0.03840 0.04229 0.41470 -0.06657 0.13766 0.10759 0.11290 -0.03880 -0.00046 0.05424 -0.07225 0.15111 -0.14582 -0.12928 0.01612 0.26574 0.01255 -0.14752 -0.09144 -0.04309 0.21298 0.02385 0.02841 0.05272 0.03975
-0.01019 -0.07997 -0.26028 -0.07921 0.13061 -0.13098 -0.28645 0.32085 -0.09360 0.33243 -0.03447 0.01133 0.18916 0.09007 0.07080 0.04885 0.27262 0.09793 0.05125 -0.07185 0.07714 0.23912 -0.00702 -0.14295 0.05823 0.02785 -0.25590 -0.03809 0.09574 0.11278 0.10693 -0.15841 -0.20922 -0.03061 0.11466 0.29691 0.12487 -0.18760 -0.09965 -0.15665
-0.16035 -0.01386 -0.43151 -0.06790 0.02486 -0.14400 -0.15521 0.08395 0.03646 0.22105 0.10203 0.00965 0.28571 0.09795 0.05337 -0.04715 0.34244 0.12784 -0.03752 0.01927 0.22416 0.25529 0.03112 -0.08089 0.02321 0.03651 -0.24857 -0.00787 0.08527 0.02501 0.23640 -0.06535 -0.13532 -0.02560 0.02482 0.35218 0.05551 -0.11025 -0.02012 -0.03111
0.14597 -0.08722 -0.07863 -0.02291 0.18704 0.05280 0.02073 0.05634 -0.03041 0.12880 0.06322 0.15060 0.23134 0.05609 0.04865 0.05930 -0.02720 0.14342 0.11609 -0.19644 0.13916 0.35330 -0.04122 -0.26756 0.02826 -0.12779 -0.01740 -0.07794 0.14927 -0.08390 0.06225 -0.12672 0.13190 -0.03788 0.06115 0.07367 0.22310 -0.18344 0.19110 -0.05889
-0.06671 -0.08326 -0.17767 0.11986 0.05137 0.00262 -0.14517 0.09359 0.13033 0.01845 0.00239 -0.03139 0.14491 0.01224 0.09153 0.05928 0.16089 0.05686 0.19140 -0.16344 0.17529 0.12697 -0.11964 -0.14469 0.15413 -0.06771 -0.00562 0.02641 0.23399 0.05158 -0.03576 0.14311 0.21016 0.00342 0.09363 -0.03062 -0.00823 0.00489 0.04899 0.19578
-0.27352 -0.06350 -0.25316 0.04304 -0.22160 0.04266 0.00841 -0.11132 -0.01161 -0.12285 0.18661 -0.00136 0.15949 0.03004 0.03545 0.21424 0.05449 0.18619 -0.11364 0.02586 0.16384 0.10590 -0.05590 -0.11402 0.05148 -0.04709 0.08481 -0.06877 -0.08751 -0.36414 0.26343 -0.16474 -0.14408 -0.00452 -0.21276 0.32938 -0.11066 -0.02745 0.09926 0.14157
-0.28758 -0.07007 -0.37690 -0.04302 -0.03565 -0.06167 0.02498 -0.04147 0.03137 -0.00513 0.15370 0.03129 0.30487 0.07470 0.01238 0.08378 0.08796 0.24611 -0.10884 0.02262 0.19069 0.12340 -0.13323 -0.14770 0.03263 -0.03561 0.06632 0.03583 -0.04629 -0.18162 0.17373 -0.12794 -0.17497 -0.02095 0.02741 0.26678 -0.09342 -0.06128 0.15708 0.10453
-0.30343 -0.09629 -0.24385 0.10147 -0.12034 -0.07752 0.03300 -0.06766 0.04903 0.06676 0.07848 -0.10367 0.13274 0.07419 0.01972 0.24382 0.11186 0.25440 -0.00325 0.22697 0.18966 0.02140 0.00007 -0.08087 -0.03328 0.23856 0.05833 -0.01698 -0.07614 -0.14168 0.15628 -0.03982 -0.19472 0.05820 0.06500 0.33221 0.00770 -0.12845 -0.00043 0.05042
-0.01703 0.02755 0.21323 0.06980 -0.03144 -0.05749 -0.20603 0.23337 0.11697 0.13578 -0.15875 -0.08991 0.17212 -0.02820 0.06278 -0.17788 -0.02013 -0.11114 -0.01368 0.04571 0.07306 0.08135 0.00214 -0.14280 0.20991 -0.22722 -0.33597 0.16598 -0.09776 -0.05987 0.22952 0.15742 -0.07365 0.23947 -0.16886 -0.13280 0.14871 0.17177 -0.12132 0.08404
0.12080 0.24862 -0.06700 0.09010 0.10555 0.24661 -0.04311 0.06646 -0.03839 0.10947 -0.04506 0.06824 0.19484 -0.00987 0.19668 -0.01864 0.27504 -0.08638 0.08460 -0.25697 0.19281 0.17036 -0.11405 -0.23920 -0.10489 -0.10474 -0.13997 0.00457 0.14111 -0.09960 -0.06073 0.00260 0.29777 0.02711 -0.12846 0.17567 0.12650 -0.21569 0.05849 0.10410
0.05201 -0.10175 -0.27076 -0.13648 0.19496 -0.21940 -0.18081 0.19125 -0.01804 0.17157 0.03572 0.03551 0.11159 0.02423 -0.01749 -0.05881 0.26670 0.10818 -0.13655 -0.01784 -0.05269 0.12499 0.00432 0.01375 0.01812 0.01124 -0.16739 0.02467 0.13340 0.19012 0.00840 -0.17172 -0.32893 -0.14607 0.17022 0.24629 -0.07240 -0.13770 -0.12963 -0.11257
0.28476 -0.05826 0.10788 0.07003 0.05669 -0.16990 -0.07433 0.14360 0.01552 0.03067 -0.10794 -0.10030 -0.06780 -0.11245 -0.11938 0.09373 0.01013 -0.28054 -0.07822 -0.23184 0.15557 -0.18877 0.04565 -0.05579 -0.15451 0.07803 -0.11999 0.04374 -0.00962 -0.11572 0.14307 -0.01082 0.27519 0.00633 0.13855 -0.28436 -0.00700 0.16003 0.03652 -0.07914
-0.24455 0.19214 0.20517 -0.04482 -0.14210 0.10858 -0.27617 0.02534 0.13671 -0.15639 0.00756 0.04823 -0.12441 0.17605 0.28031 -0.21561 -0.05861 -0.24429 0.03275 -0.23927 -0.09159 -0.02181 -0.16862 -0.09814 -0.02204 -0.15349 0.09512 -0.14573 0.00415 -0.11005 0.18823 0.26463 -0.04898 0.16895 -0.26971 -0.20639 0.12489 -0.01482 0.03432 0.11340
-0.31014 0.18711 0.18187 -0.03450 -0.17507 0.11169 -0.34116 0.09488 0.08130 -0.12351 0.01100 0.00918 -0.03922 0.24929 0.28736 -0.22907 -0.04458 -0.27009 -0.00212 -0.26574 -0.02793 0.04104 -0.15334 -0.17097 0.00764 -0.21717 0.05494 -0.17173 -0.03861 -0.15357 0.22440 0.21367 -0.05464 0.14241 -0.28343 -0.14001 0.14553 -0.05229 0.05842 0.07302
0.12840 0.14320 0.18894 -0.10381 -0.08267 0.21704 -0.05664 0.05637 -0.20362 0.02687 -0.08533 -0.08148 -0.10216 -0.01501 -0.09744 -0.09394 0.08555 -0.14113 -0.11212 -0.29813 -0.18718 -0.10600 -0.01191 -0.14783 -0.06306 0.09137 -0.08854 0.14575 -0.01037 0.20191 -0.10550 0.05741 0.03258 -0.04299 0.06433 -0.07251 0.02904 0.00698 -0.10556 0.01096
0.37033 0.08966 0.32310 -0.07813 0.04140 -0.07173 -0.02312 -0.01448 -0.23123 0.00098 -0.13579 0.13588 -0.15867 -0.29056 -0.09116 -0.14005 -0.15900 -0.26942 0.13973 0.01480 -0.27531 -0.26689 0.25226 0.00569 -0.19656 0.00770 0.03123 -0.09766 0.07785 0.02754 -0.23461 -0.00734 0.24951 0.10494 0.07036 -0.16444 0.02481 0.07024 0.01485 -0.17748
0.30934 -0.05299 0.13517 -0.26968 0.13765 0.17756 -0.01744 0.13464 -0.19810 0.23727 -0.10085 0.16922 0.01902 0.07013 0.20605 -0.30074 -0.07440 0.03369 -0.10361 -0.17935 -0.21592 -0.29354 -0.00127 0.15912 -0.05541 -0.11703 0.05524 0.19294 -0.04661 -0.05636 -0.10638 0.17493 -0.11347 0.25630 0.00264 -0.27042 0.06393 -0.11962 0.10012 -0.19947
-0.03784 -0.09943 -0.22124 -0.05145 0.14785 -0.15526 -0.23242 0.24376 -0.04275 0.28591 -0.08839 -0.04493 0.13151 0.12869 0.12652 -0.06623 0.35080 -0.09682 -0.01883 -0.07572 0.11434 0.15071 0.01865 -0.00105 0.02596 -0.01310 -0.25895 -0.09042 0.06624 0.18165 -0.03134 -0.10223 -0.15542 -0.00289 0.09315 0.24974 0.10950 -0.07580 -0.03123 -0.18900
-0.13662 -0.07244 -0.20284 0.03148 -0.00252 -0.05722 0.10368 -0.01853 0.20966 0.02896 0.17544 -0.01778 0.21297 0.02901 -0.02475 0.16351 0.20178 0.29056 -0.16109 0.19837 0.14685 0.03075 -0.26315 -0.14859 -0.12181 0.04871 -0.01209 0.10952 -0.26237 -0.30162 -0.05954 -0.04921 -0.17199 0.07261 0.08699 0.17059 0.04206 -0.00643 -0.02235 -0.01695
0.27955 -0.15903 -0.12928 0.18848 0.04713 -0.00221 -0.05213 -0.26508 0.32347 0.04053 -0.10144 0.19672 0.15589 0.28149 0.13159 0.03204 0.25735 0.16313 0.15860 0.10563 0.00067 -0.20081 -0.28605 0.06792 -0.21224 0.22199 0.09799 0.28956 0.06181 -0.12276 0.15099 -0.13000 -0.08694 0.14841 -0.24726 -0.24287 -0.12459 0.20357 -0.23072 0.12529
-0.28173 0.08543 -0.43445 0.18057 -0.05197 0.05719 -0.01155 -0.06416 0.06176 0.02099 -0.01582 0.20054 0.21763 -0.07315 -0.02177 0.11730 0.22040 0.18906 0.08796 0.07616 0.24744 0.24181 -0.17811 -0.10099 0.04742 -0.02564 0.10173 0.05772 -0.07272 -0.07986 0.11660 -0.15692 -0.00448 -0.11075 0.05107 0.13520 -0.02421 0.00711 0.10803 0.13227
