0.19353 0.21577 0.06479 -0.05499 0.10120 0.07947 -0.13107 -0.00721 0.02553 -0.28051 -0.14530 0.10951 0.11297 -0.30016 0.01906 -0.27333 -0.05875 -0.18138 -0.31125 0.11566 0.11370 0.12050 -0.05981 0.26583 0.14339 -0.08423 0.02228 -0.07695 0.06120 -0.36304 -0.12406 0.28048 0.28229 0.09043 -0.10573 -0.11080 0.26563 -0.05210 0.00279 -0.03266
0.06142 0.09947 -0.27481 0.16372 -0.08339 0.06825 -0.00281 -0.18416 -0.10114 -0.13359 0.00215 -0.05925 0.04947 0.22286 0.15999 -0.12228 -0.00047 -0.01079 -0.02384 0.10805 0.03666 -0.14823 -0.31537 -0.17300 -0.10538 0.04065 -0.18976 -0.14258 0.21222 0.09308 0.16568 0.24835 -0.11823 0.05330 0.12973 0.22711 0.16829 0.13286 0.15392 0.00204
0.10035 -0.07101 0.28052 0.08619 -0.01597 0.16419 -0.07663 -0.17585 0.07652 -0.16997 0.12682 -0.10928 0.19351 0.12562 -0.10130 -0.10965 0.19103 -0.15185 0.09948 0.07153 -0.05015 -0.05142 -0.06292 0.11060 0.15511 -0.10088 0.08200 -0.00127 -0.08733 0.02826 0.18281 -0.01129 0.00871 -0.03486 -0.21556 0.17763 0.01250 -0.15074 -0.07198 -0.04837
0.08720 0.07999 -0.07136 -0.28099 0.10280 -0.12753 -0.26818 -0.11529 0.11253 -0.09121 0.18714 -0.09438 0.05382 -0.02302 0.24769 0.09204 0.10108 0.21948 0.14609 -0.17400 -0.05025 0.14075 0.30326 -0.10274 0.07510 0.07465 -0.02796 0.34000 -0.03535 0.07215 0.22063 0.11259 0.13761 0.19267 0.06657 0.06381 0.06109 0.21271 0.12253 0.37766
0.22275 0.12742 0.01348 -0.15077 0.12187 -0.09694 -0.04421 -0.17221 -0.31502 -0.06765 -0.12622 -0.06984 -0.00537 -0.05832 0.00951 0.07026 0.30416 0.13890 0.03003 -0.02843 0.10060 0.24404 0.16340 0.15447 -0.06363 0.08893 0.00002 0.23565 -0.01913 0.25221 -0.10817 0.23855 0.16120 -0.06706 -0.07575 0.05726 -0.05950 -0.07572 -0.19776 -0.03403
0.24658 0.21624 0.05361 0.04240 -0.00534 0.18594 -0.06106 -0.02557 0.01967 -0.25552 -0.24149 0.01988 0.12226 -0.24110 -0.00513 -0.18176 0.01177 -0.19089 -0.22682 0.01124 0.18518 0.12000 -0.03056 0.16803 0.20082 -0.08307 -0.01403 -0.01240 0.10303 -0.30072 -0.10522 0.22884 0.23700 0.00513 -0.18281 -0.13601 0.32251 -0.00888 -0.11804 0.00511
-0.01317 0.05407 0.18690 -0.18870 -0.21555 -0.00909 0.16377 0.31295 -0.13201 -0.14705 0.05873 0.24307 -0.03108 0.15503 0.15092 -0.09646 0.33868 0.11236 0.14663 0.14379 0.01794 0.14985 0.21891 0.18886 0.12102 -0.19678 0.22922 0.24786 0.25010 -0.03703 0.01528 0.10510 -0.07095 0.00568 -0.26724 -0.07028 -0.09402 -0.22670 0.07959 0.23960
0.14789 0.07662 0.21840 0.05950 -0.05055 -0.05641 -0.05945 0.05904 -0.33084 0.17054 -0.12260 -0.10097 -0.20869 -0.21714 -0.03863 -0.02373 -0.09497 -0.12427 0.18517 0.02148 -0.02863 0.00103 -0.12311 0.02614 0.06754 0.35026 0.01341 -0.02224 -0.09973 0.03873 -0.26758 -0.02894 -0.11454 0.30922 0.30056 -0.11455 -0.14451 -0.08505 0.32082 -0.05859
-0.07410 -0.12174 0.34528 0.14682 0.18438 -0.13012 0.06696 0.22822 -0.05914 -0.06293 0.08208 0.19197 0.33121 0.09040 -0.06601 0.05096 -0.01956 0.18658 0.09837 -0.06557 -0.05383 -0.00233 -0.01814 -0.18523 -0.13360 -0.04705 0.13084 0.15537 -0.28687 -0.15596 0.08683 0.13007 -0.16097 0.09656 -0.14897 0.10590 0.02765 -0.19244 0.27951 -0.01806
0.11012 0.00938 -0.18045 -0.08463 0.05851 -0.20658 0.17923 -0.14079 -0.11538 -0.07245 -0.08407 0.07393 -0.02011 0.13164 0.02731 0.04063 0.14897 -0.10796 0.18011 -0.13285 -0.10402 -0.07115 -0.14271 -0.20378 -0.20841 0.06035 0.05887 0.23223 0.05696 0.19126 -0.17735 0.08057 0.22098 -0.24955 0.28177 -0.09567 -0.20869 0.08007 -0.00634 0.09889
0.24399 0.09657 0.15340 -0.01264 -0.01506 -0.07155 -0.07100 0.04301 -0.39430 0.04378 -0.12809 -0.12377 -0.16454 -0.17900 -0.06207 -0.02626 0.00519 -0.05048 0.14639 0.02858 -0.09611 0.03672 -0.16461 0.01766 0.04862 0.27881 0.07301 0.02886 -0.06763 0.04707 -0.31159 0.00327 -0.13884 0.30157 0.31929 -0.11714 -0.07661 -0.12696 0.34931 -0.08711
0.11312 0.02622 0.15725 -0.12699 -0.07987 -0.03434 0.11872 0.23469 -0.17649 -0.12459 0.01291 0.09720 0.02754 0.17486 0.08653 -0.09612 0.30613 0.04787 0.07669 0.09956 0.16114 0.22482 0.06681 0.20223 0.04734 -0.19405 0.14982 0.19373 0.22981 -0.15158 -0.08936 0.08074 0.00384 0.05076 -0.18445 -0.06691 -0.03656 -0.23248 0.04270 0.18797
0.00427 -0.05650 0.07590 -0.01075 0.16186 -0.11389 -0.09075 -0.08965 -0.02746 -0.12250 0.00403 0.00767 0.11315 0.11105 0.18833 -0.15612 0.11101 0.20428 -0.15626 0.07092 -0.09846 0.06169 -0.09537 0.12157 -0.04676 -0.11066 -0.02023 0.01624 -0.07118 -0.17194 -0.13594 0.04586 0.13774 -0.02183 -0.18817 0.10533 0.09065 -0.05120 0.19567 0.08487
-0.25039 0.08738 -0.15078 0.06070 0.20978 0.12439 0.12070 -0.07358 0.28171 0.10526 0.16651 -0.02459 -0.05882 -0.20800 0.03388 -0.05643 -0.32461 -0.09144 -0.05501 -0.11390 0.15420 -0.07387 0.10967 -0.15012 0.02883 -0.01743 -0.33591 -0.32389 0.17202 -0.01106 0.29470 0.06111 -0.03902 0.05267 -0.14220 -0.04436 0.03721 0.23800 -0.26037 -0.00146
-0.32526 0.18118 0.02243 0.30983 0.06522 0.01071 0.07502 -0.05565 0.18112 0.10545 0.13905 -0.11407 -0.01005 -0.10019 -0.02159 -0.05516 -0.15488 0.08879 -0.00477 0.06683 -0.02264 -0.23422 0.18357 -0.27758 -0.12948 -0.08406 -0.30139 -0.31482 -0.07424 0.01730 0.26299 -0.05500 -0.18951 -0.01310 -0.28971 0.02043 -0.03943 0.19023 -0.03002 0.03433
0.04292 0.03902 0.17088 -0.17854 -0.17591 -0.05756 0.09473 0.24598 -0.17764 -0.10744 0.02151 0.18183 -0.00824 0.15644 0.12541 -0.09707 0.28472 0.05822 0.15410 0.11054 0.04077 0.18028 0.13224 0.11694 0.06503 -0.11300 0.17617 0.25012 0.23958 -0.10600 -0.09646 0.05108 -0.05962 0.04450 -0.22175 -0.12827 -0.07208 -0.23734 0.13879 0.19508
-0.23750 0.11180 -0.02659 0.08421 0.18357 0.13094 0.09278 -0.10583 0.07426 0.06693 0.27033 -0.04500 0.09913 -0.09010 0.12976 -0.09208 -0.24018 0.05829 0.01947 -0.15420 0.10133 -0.16150 0.16175 -0.18599 0.04091 -0.05042 -0.27857 -0.17398 0.01459 0.01747 0.26309 0.04200 -0.07601 -0.01284 -0.23122 0.12310 -0.01962 0.12718 -0.26417 -0.09470
-0.32265 0.02611 -0.07450 0.22771 0.09549 0.10728 0.06606 -0.06996 0.19849 0.07556 0.18424 -0.05234 -0.04243 0.00140 -0.01828 -0.05292 -0.26191 0.03924 0.07293 -0.14205 0.01894 -0.11997 0.13176 -0.21374 -0.04314 -0.02840 -0.32592 -0.21363 0.09309 0.09625 0.35312 -0.09987 -0.11141 -0.03157 -0.11834 0.08320 -0.03493 0.24736 -0.26159 -0.02329
-0.24154 0.07916 -0.21072 0.12086 0.17812 0.06975 0.10709 -0.10811 0.17583 0.18257 0.16317 -0.09528 -0.04318 -0.14755 0.00889 -0.07073 -0.38468 0.04165 0.00521 -0.12275 0.06057 -0.16257 0.11708 -0.24993 -0.02537 0.00464 -0.30169 -0.31953 -0.00351 -0.04186 0.36510 -0.03085 -0.02816 0.01826 -0.08791 -0.00088 -0.03416 0.17835 -0.17913 0.00852
0.22719 -0.00881 -0.21742 -0.17060 0.02777 -0.07595 0.13966 0.02804 -0.15175 0.10425 0.01241 0.15370 0.08309 -0.00505 -0.18423 0.00631 0.05045 -0.22106 -0.18119 0.09909 0.00824 0.24057 0.15518 0.01692 0.06198 0.09792 0.27329 0.09563 -0.21570 -0.03257 0.06870 0.15032 0.17393 0.00078 0.16277 0.06128 -0.16705 -0.17643 -0.14605 -0.03586
0.38021 -0.25492 -0.28827 0.04634 0.13645 0.14742 -0.34845 0.15479 0.08253 0.10425 -0.14834 0.13716 0.23953 0.32122 -0.14221 0.24453 0.15742 -0.21935 -0.30346 0.05962 0.01756 -0.09645 -0.36061 0.24107 0.20372 0.26463 -0.29813 -0.03183 -0.04282 -0.16668 -0.33581 0.03729 0.18481 0.29672 -0.05132 0.25110 -0.07090 0.02455 -0.29842 0.30390
0.13340 -0.11257 -0.20326 -0.28016 -0.23819 -0.00417 0.12229 0.01187 0.11569 -0.19510 -0.12939 -0.01542 -0.05464 -0.14127 -0.02917 0.34770 0.22127 -0.11768 -0.20658 0.15738 -0.00820 0.02321 -0.14508 -0.07012 0.10013 -0.14780 0.16735 -0.10189 -0.08807 0.19988 -0.14191 0.10781 0.08366 -0.11812 0.05023 -0.07723 0.25420 0.08474 0.06864 0.00027
0.02280 -0.03492 -0.18174 -0.09746 -0.15194 -0.05300 0.18974 -0.04350 0.13518 -0.15719 -0.04119 -0.01425 -0.04940 -0.14862 -0.03023 0.27034 0.15559 -0.08101 -0.23177 0.14533 0.00735 -0.00108 -0.14003 0.05579 0.07861 -0.16032 0.11416 -0.04780 -0.08138 0.15562 -0.04324 0.13588 0.14864 -0.00033 0.11700 -0.04412 0.18533 0.00566 0.02129 0.01955
0.14695 0.09925 0.14299 -0.00717 -0.00263 -0.14045 -0.12357 0.09891 -0.33684 0.09735 -0.14026 -0.08633 -0.17230 -0.22660 -0.09085 -0.01228 -0.10275 -0.04064 0.14976 -0.05668 0.01638 0.02204 -0.16211 0.08206 0.02601 0.27379 0.02130 -0.00393 -0.07651 0.00023 -0.31687 -0.09774 -0.03284 0.29337 0.21596 -0.15432 -0.06695 -0.13300 0.32557 -0.03499
0.11568 -0.00697 -0.23444 -0.24988 -0.15678 -0.05057 0.03419 -0.02837 0.11077 -0.11680 -0.14215 -0.08941 -0.01383 -0.15603 -0.02295 0.33150 0.17926 -0.00161 -0.21785 0.09703 0.05563 0.02905 -0.19661 -0.03393 0.06241 -0.11278 0.21571 -0.06940 -0.10150 0.27554 -0.16918 0.04725 0.07384 -0.01793 0.16475 0.00137 0.24877 0.08367 0.10939 0.01471
0.01107 -0.18710 0.08534 0.06655 0.03853 -0.13147 -0.24455 0.02870 -0.12935 -0.13397 0.07636 0.12659 0.00588 -0.09039 0.06383 -0.08798 0.04901 -0.04542 -0.16990 0.14702 0.07508 0.13190 0.06955 -0.07342 0.14753 0.02014 0.32224 0.11845 -0.06291 -0.06404 -0.12484 -0.00057 0.14343 0.13732 0.11918 -0.01308 0.03855 -0.27889 0.11465 -0.25221
0.31121 -0.22751 0.06660 0.02889 -0.02042 -0.08264 -0.06432 0.33081 -0.00299 -0.16197 -0.09334 0.10797 0.00671 0.04969 0.09813 -0.09959 0.22107 0.17131 -0.03192 -0.10507 -0.04512 -0.18001 -0.07564 -0.17348 0.21136 0.09589 0.05006 0.09473 0.00520 0.02696 -0.18115 -0.16038 0.04553 0.16781 -0.17642 -0.15903 0.11919 -0.11505 -0.06608 0.13639
-0.18543 -0.05922 -0.01223 0.06407 0.21271 0.18809 0.08230 -0.13740 0.07130 0.17596 0.15983 -0.06983 -0.05188 0.02349 0.04139 -0.02524 -0.20294 0.05666 0.11353 -0.12064 0.00626 -0.20986 0.00092 -0.21443 -0.09365 -0.10515 -0.35329 -0.19264 0.00911 0.17879 0.31598 -0.11850 -0.15478 -0.02349 -0.09758 0.17649 -0.05740 0.14067 -0.25405 -0.12729
-0.18618 0.15384 -0.14241 0.18541 0.18312 0.05547 0.15374 -0.02390 0.19803 0.17526 0.22465 -0.11908 -0.00756 -0.11883 -0.04079 -0.03701 -0.34241 -0.07366 0.03350 -0.04629 0.05084 -0.17137 -0.01294 -0.21315 0.03430 -0.00950 -0.24812 -0.22536 0.07279 -0.03117 0.38019 -0.02001 -0.04660 0.00005 -0.15033 -0.00066 0.10044 0.16071 -0.16218 0.02496
-0.16366 0.06964 -0.10013 0.09446 0.16581 0.09499 0.04153 -0.05597 0.14793 0.12001 0.20548 -0.00486 0.05641 -0.04937 0.12343 -0.04126 -0.27819 0.00666 0.01799 -0.06870 0.10956 -0.02466 0.05312 -0.11744 -0.02178 -0.11836 -0.23824 -0.22688 0.04288 0.10814 0.30935 -0.00663 -0.12288 -0.04685 -0.09485 0.10968 -0.03467 0.10466 -0.21865 -0.06018
-0.14355 -0.06614 -0.32297 0.08510 -0.05047 -0.15039 -0.02559 -0.11682 -0.19312 -0.09890 -0.16861 0.02156 0.04438 0.33424 -0.04790 0.12265 -0.07871 0.18094 0.16042 -0.16308 -0.17137 -0.02950 -0.07267 -0.18647 -0.02047 0.09902 0.16950 0.17064 0.00789 0.16307 -0.09951 -0.35435 -0.02426 -0.16746 -0.08624 -0.07377 -0.11397 0.20003 0.11527 0.28386
0.17358 0.16858 0.04332 -0.01282 0.08050 0.10067 -0.08552 -0.01987 0.04190 -0.20980 -0.12947 0.06712 0.10795 -0.20370 -0.01203 -0.28721 -0.08206 -0.16987 -0.25539 0.02588 0.13499 0.07888 -0.06368 0.23910 0.09783 -0.10388 -0.02301 -0.08265 0.07830 -0.35068 -0.08146 0.25272 0.21728 0.07697 -0.12435 -0.09400 0.28200 -0.01766 -0.03278 -0.04256
0.08308 0.03894 -0.05764 -0.28451 -0.03872 -0.42102 0.08437 0.24005 0.04213 0.00981 -0.15223 -0.02923 -0.39730 0.44526 0.03790 -0.05404 0.02253 -0.17040 0.28087 0.14567 -0.27607 -0.05247 0.20901 0.03622 -0.24737 0.28582 0.03840 0.30066 0.04750 -0.01466 -0.17166 -0.02975 -0.18511 -0.30979 -0.11746 0.17149 0.01976 -0.23144 -0.12586 -0.12494
0.10204 -0.02287 0.18157 -0.09284 -0.20051 -0.08681 0.12444 -0.00858 -0.07715 -0.07296 0.03990 -0.00484 0.17362 0.07307 0.02142 0.06367 0.10204 -0.00936 0.16224 -0.19241 0.35894 0.15620 0.02979 -0.00215 0.08752 0.23534 0.14257 0.22900 -0.16420 -0.04551 -0.04445 0.01026 -0.09922 -0.07807 -0.07688 0.04702 0.21927 -0.09295 -0.02948 0.10050
0.05546 0.12498 -0.02597 -0.27703 -0.16232 0.03006 -0.18859 -0.13171 -0.15391 -0.13356 0.28309 0.11937 0.18266 -0.15419 -0.02131 0.04368 0.02584 0.21441 -0.03522 -0.10344 -0.11055 0.03585 0.00620 -0.04280 0.07089 0.12814 -0.09249 0.14231 -0.20247 -0.09544 -0.03474 0.21997 0.19003 0.02847 -0.09899 -0.13371 0.07100 0.15176 0.05104 -0.04475
-0.18862 0.03656 0.26998 -0.10218 -0.06593 0.05713 -0.35208 -0.11266 -0.08196 -0.24038 0.18090 0.23819 -0.05849 -0.19282 0.15424 0.05617 0.09588 0.05964 -0.11206 -0.22112 0.07754 0.00768 0.05026 0.13042 0.00008 -0.04626 -0.07411 -0.06876 0.05542 -0.01928 0.00111 -0.15170 0.33539 -0.04808 -0.10603 0.07944 0.15279 0.22503 0.10075 -0.16016
