-0.10064 0.01115 0.11689 0.12942 0.12196 0.13722 -0.10202 -0.02646 -0.23335 -0.02771 0.31558 0.13138 -0.27985 0.18087 -0.10686 0.21548 0.04196 0.27577 0.08169 -0.08879 0.04155 -0.17235 0.08779 0.03455 -0.02892 0.46320 -0.17764 0.12735 -0.27130 -0.25483 -0.07113 0.03195 -0.25895 -0.32404 0.13263 -0.14730 -0.12439 0.11042 0.04600 0.07897
0.04521 -0.10195 -0.00976 0.03642 -0.20800 0.01653 0.08676 -0.27878 0.03242 0.00172 0.00160 -0.01033 -0.09733 -0.17606 -0.07870 -0.36948 0.16588 0.26357 -0.14099 -0.02397 -0.14652 0.39047 -0.04930 -0.00840 -0.09308 0.04557 -0.12238 0.26760 0.20368 0.15959 0.11541 -0.04849 -0.08717 0.14317 0.10747 -0.00374 -0.09334 0.26010 0.22277 -0.12019
-0.09158 -0.12748 0.08445 0.06833 -0.04933 0.16003 -0.15757 0.00773 0.16896 0.03381 -0.16019 0.13666 0.08871 -0.06778 0.05864 -0.06041 -0.14172 0.14675 -0.12869 -0.36565 0.12571 0.20787 0.00743 -0.26533 -0.02009 -0.00822 0.33517 0.02454 -0.11817 0.13713 0.25074 -0.07656 0.19691 -0.31036 0.11428 -0.21817 0.04382 -0.35338 0.07818 0.02066
-0.15952 0.30659 -0.11601 0.07356 0.08013 -0.10191 0.15573 0.09864 -0.16899 0.11064 -0.03835 0.26525 0.07602 -0.12887 0.14449 -0.00472 0.31448 -0.00318 -0.11629 0.15594 0.22183 -0.20209 0.15754 0.02564 -0.00152 0.04251 0.26065 -0.18755 0.14280 0.11082 -0.19780 0.12149 0.12877 -0.13290 -0.01172 -0.04569 0.02546 0.19566 0.14327 -0.18123
-0.02688 0.14535 -0.20146 -0.06049 -0.36511 -0.08879 0.35107 0.07130 -0.13554 -0.30840 -0.26081 -0.27923 0.14868 0.08835 -0.04318 -0.15971 -0.04976 0.26918 0.22284 0.11499 0.02846 -0.06429 -0.28093 -0.30769 -0.09165 0.16841 -0.17380 -0.19554 0.16860 -0.15880 -0.06979 -0.11013 0.25768 0.22483 0.08918 -0.34603 -0.03625 -0.08574 -0.34636 -0.40299
0.32039 0.17825 -0.35344 0.02807 0.18280 -0.41257 -0.21186 0.23625 0.18399 0.21267 0.09129 -0.12437 0.22445 -0.26220 0.10158 0.28754 -0.10180 -0.28652 0.24067 0.09103 0.23024 0.21609 0.13498 -0.02952 -0.06456 -0.11281 0.08784 0.17968 0.00210 -0.01035 0.18070 0.19903 -0.24023 0.12955 0.28266 0.02122 0.11076 0.21965 0.16937 0.01588
0.05674 -0.03129 0.17652 0.21448 -0.04527 -0.06809 -0.02251 -0.10149 -0.31035 -0.00335 0.06066 0.03561 0.14543 0.26959 -0.13727 -0.23511 -0.14566 0.11348 -0.15177 0.09169 0.15796 0.06784 -0.25833 -0.29832 0.00748 -0.17836 0.13973 0.20729 -0.20091 0.04451 -0.12174 -0.11614 -0.08397 0.21557 0.03304 -0.26752 0.04864 0.13563 -0.06042 -0.25798
0.16857 -0.00722 -0.00656 0.09185 0.03508 -0.00788 -0.00122 0.08038 -0.05011 0.06767 0.18080 0.09746 -0.14966 -0.21367 -0.16255 -0.04683 -0.02808 -0.13953 0.10052 0.10741 0.22199 -0.12198 0.05306 0.14263 0.13049 0.19294 -0.13230 -0.19786 -0.06395 -0.00813 0.01765 0.03315 0.12495 -0.13450 0.07368 0.21957 -0.14286 0.14966 0.12057 0.06403
-0.19033 -0.01467 0.12273 -0.10445 -0.00989 0.19984 0.11075 -0.22225 0.01537 -0.08636 0.05466 -0.14939 0.07991 0.04078 0.14606 0.22198 -0.05160 0.04586 -0.09183 -0.02878 -0.14786 0.02980 -0.18055 -0.15026 0.02423 -0.00456 0.13940 0.00967 -0.05088 0.04753 0.04195 -0.07876 -0.08505 -0.27450 -0.01495 0.06203 0.02593 -0.09004 0.17710 0.22019
-0.01730 0.02728 0.30823 -0.20301 -0.12939 0.24458 -0.17286 0.04699 -0.10265 -0.25454 -0.16271 -0.00573 0.08656 0.18291 0.15284 0.07173 0.09889 0.04152 0.04012 -0.03489 -0.10823 0.22210 0.00734 -0.14595 -0.23064 0.06851 0.27256 -0.00071 0.04111 0.24810 0.05872 -0.17994 0.14809 -0.10454 0.12385 0.11510 -0.00519 0.03459 -0.05404 0.06467
0.01216 -0.17400 -0.15813 0.15926 0.10255 -0.18270 0.18530 0.12262 -0.37969 -0.14460 -0.02440 -0.08388 -0.02867 0.01916 0.23164 -0.04382 0.22268 -0.38968 0.06896 0.06433 -0.09895 -0.13574 -0.11597 0.06422 -0.08111 0.02046 -0.21229 -0.19276 -0.20253 0.14283 0.31298 -0.01647 -0.03596 -0.08190 -0.05335 0.05321 0.07958 0.03411 -0.01694 0.39893
-0.25543 -0.05249 0.32830 0.07834 -0.09894 -0.11998 0.19583 0.11065 0.03310 0.11052 0.16429 0.27367 -0.06908 -0.13445 -0.20042 0.11746 -0.06174 0.41921 0.23803 -0.20245 -0.21898 0.17820 0.12369 -0.07942 -0.15788 0.05192 0.07269 0.18337 -0.06349 -0.31695 -0.21284 0.24237 0.18659 -0.17135 0.07238 -0.09367 -0.21729 0.00021 0.11423 0.24115
-0.31846 -0.10123 0.03289 0.03388 0.07788 0.10242 -0.01581 0.15260 0.08119 0.17145 0.06946 0.19509 0.07943 -0.19664 0.06675 0.22267 -0.27360 0.17918 -0.06868 -0.15590 -0.05389 -0.26997 -0.17220 0.12982 0.12867 -0.22192 -0.14264 0.23139 -0.16860 -0.13732 -0.27670 -0.00605 0.13935 -0.16298 -0.17649 -0.21150 0.21105 -0.23064 -0.07556 -0.24842
-0.12721 0.24443 -0.09765 -0.04004 -0.04670 0.23253 -0.03326 0.35171 -0.13624 0.03560 0.08421 0.34245 0.13429 -0.18468 -0.16131 -0.13674 0.31276 0.03977 -0.25200 0.16700 0.00883 0.10922 0.24549 0.17863 -0.02334 0.11282 0.26570 -0.02211 0.01517 0.06935 -0.21322 0.36672 -0.02092 -0.25875 0.00434 0.20574 0.00187 0.21878 0.24438 0.17198
0.19745 0.05792 -0.29769 0.13052 0.14419 -0.19744 -0.14964 -0.05264 0.12040 0.15022 -0.01303 -0.07648 0.15519 0.19539 0.16954 0.19723 0.08371 -0.19055 -0.10045 0.24113 -0.01134 -0.31150 0.04758 0.04379 0.16723 0.21200 0.04851 -0.02770 0.08943 -0.01782 -0.09942 0.28887 0.00203 -0.03733 0.21491 0.25691 -0.07400 0.00894 -0.30038 -0.25380
-0.02770 0.05277 -0.19991 -0.12611 0.08234 -0.39652 -0.01658 0.02119 -0.03129 0.01756 -0.13024 -0.22384 -0.05332 0.21373 -0.02931 -0.00314 0.10901 0.00545 0.06159 0.22898 0.01318 -0.10003 -0.05173 -0.07739 0.21412 -0.00483 -0.24237 -0.31819 0.15617 0.05691 -0.03717 -0.15085 0.16958 0.11212 0.06080 0.02480 -0.06653 -0.04207 -0.14270 -0.02952
0.09810 0.02779 -0.27215 0.24021 -0.03160 -0.04311 0.05349 -0.08886 0.15296 0.28606 -0.04516 -0.19130 0.03916 0.10390 -0.06946 -0.02101 -0.07134 -0.12396 -0.12018 0.03080 0.04102 -0.20128 -0.10955 0.09973 0.26305 0.08473 -0.01061 0.01504 0.26312 0.06765 0.03898 -0.15974 -0.03706 0.03930 -0.04788 0.29848 -0.16582 0.13882 -0.20236 -0.04858
0.08845 0.08463 0.03854 -0.07341 -0.20764 0.12733 0.06006 0.33145 -0.30000 -0.01327 0.23514 0.26391 0.16203 -0.10896 0.04599 0.01123 0.08582 -0.09377 -0.22566 0.19586 0.08907 -0.01531 -0.10836 0.18979 -0.02881 -0.02758 0.20572 -0.07143 0.27541 -0.20421 0.06422 -0.04163 0.00564 0.23897 -0.00708 0.12793 -0.17098 -0.10499 0.23633 -0.25493
0.18917 0.00879 -0.03079 0.12975 0.05400 -0.26821 -0.06604 0.10873 0.07979 0.15659 -0.12916 -0.05254 -0.00197 0.14963 -0.14887 0.10968 0.12250 -0.15744 0.10754 0.05765 -0.01621 0.00896 -0.06660 0.11008 0.10202 0.05480 -0.13939 0.13007 0.08445 0.12877 -0.10776 -0.14281 0.08217 -0.13930 0.14720 0.19611 -0.13513 -0.16703 -0.17678 -0.11882
-0.33172 0.13796 0.17145 0.13602 -0.24680 -0.12185 0.14862 0.40182 0.19668 -0.09086 -0.08288 0.07073 0.17840 -0.33914 -0.05917 -0.01703 0.08553 -0.25401 -0.17613 -0.09340 -0.01709 -0.10103 0.20817 0.23469 0.04542 0.05831 0.18222 0.15194 0.05516 0.01352 -0.20700 0.12267 0.08582 -0.03148 -0.00800 0.23648 -0.05027 -0.10227 0.05131 -0.23639
-0.16341 -0.01965 0.12090 0.10698 -0.08119 0.01484 0.01775 0.00700 0.06342 -0.13665 -0.10006 -0.03724 0.04697 -0.18668 0.01240 -0.05739 -0.19358 0.23839 0.12168 0.07415 -0.02160 -0.08670 0.07602 0.04982 -0.21075 0.31347 0.19240 0.07924 -0.14365 0.01308 -0.08359 0.31679 0.14832 -0.09436 -0.18286 0.02680 -0.05565 -0.01081 -0.08924 -0.13414
-0.07602 0.13810 -0.11011 -0.17332 -0.13190 0.15485 0.02025 0.26062 0.02414 0.06360 0.24687 0.30436 -0.07662 -0.11449 -0.08266 -0.03592 0.10594 -0.11047 0.06018 0.20792 0.04231 0.06007 0.29865 -0.02510 -0.08835 -0.15602 0.09383 0.03129 0.06111 0.10937 -0.08745 0.13863 0.12902 -0.08031 -0.08687 -0.11405 0.25956 0.26941 0.05775 0.16891
-0.17055 -0.17213 0.20271 -0.12582 0.04227 -0.03186 0.24537 0.18760 -0.12028 -0.19783 0.06053 -0.12227 0.17813 -0.01018 -0.07572 0.02659 0.02207 0.25023 0.08579 0.07940 -0.16312 0.19485 -0.00566 0.21658 -0.20732 0.04447 -0.04212 0.15676 0.02409 -0.29244 -0.04366 0.03266 -0.12685 -0.14078 0.03078 -0.04367 -0.16861 -0.23961 -0.12938 0.00711
0.07533 -0.02242 0.17818 0.05568 -0.13903 0.06869 0.32838 0.23927 -0.15224 0.00133 0.07613 0.15893 0.05334 -0.04230 0.05349 0.11506 -0.31347 0.38073 -0.20306 -0.08430 0.03570 -0.06354 -0.04369 0.17979 -0.20223 0.21290 0.24404 0.04907 -0.22578 -0.22444 -0.05842 0.29476 0.01408 -0.13087 -0.00884 0.14265 -0.02229 -0.16872 0.09861 -0.04702
-0.18215 0.26749 -0.16462 -0.04126 -0.02286 -0.05670 0.03139 -0.19907 0.16562 0.01497 0.03862 0.01536 0.12049 -0.12970 -0.03426 -0.13301 0.03039 0.01027 -0.22333 0.01524 -0.10650 0.14587 0.19370 -0.07772 0.10274 0.00703 0.22544 -0.16256 0.06050 0.13582 -0.02056 0.09611 -0.10923 0.24902 -0.06038 -0.15716 0.02631 0.21726 -0.29226 -0.05052
0.02912 -0.00151 0.23301 0.13243 -0.07317 -0.01803 0.00142 0.24079 -0.13489 0.14640 -0.13214 0.17293 -0.12459 -0.06124 -0.03234 0.10680 -0.11748 0.21908 0.13350 0.08716 0.14278 0.02857 -0.10128 -0.14104 -0.23739 0.24131 0.19998 -0.14015 0.11330 -0.24047 -0.16638 0.07044 0.22588 -0.17848 0.05222 -0.03827 -0.22283 -0.27074 -0.01838 0.03336
0.01217 0.22444 0.01174 -0.09573 0.02684 -0.10216 -0.01266 -0.06993 0.09929 -0.13628 0.25064 -0.06128 0.09855 -0.15045 -0.13175 -0.01988 0.20313 0.23600 -0.24078 -0.00997 0.00479 0.28861 -0.06354 0.13586 -0.11979 0.14216 0.10450 -0.00556 0.07459 0.12346 -0.03079 -0.13786 -0.17921 0.05389 0.03201 -0.26046 -0.06271 0.08111 -0.09642 -0.26934
-0.12948 0.01462 -0.12437 0.07831 -0.05865 0.07272 0.10639 0.11393 0.20991 -0.10551 0.14959 -0.06946 0.03418 -0.21806 0.03566 -0.11629 0.05154 0.06312 -0.15660 -0.17511 0.08695 0.22806 -0.09870 0.15841 -0.05436 0.20807 0.16120 0.12379 0.19793 0.14223 -0.05121 -0.23750 0.11191 0.22865 -0.07140 0.07864 -0.18914 0.16334 -0.20412 -0.22622
-0.29825 -0.07036 -0.00699 -0.17655 -0.09659 0.12307 0.27115 0.10165 0.00894 0.15150 0.07305 0.24937 0.00194 -0.03338 -0.01252 -0.07549 -0.16828 0.09099 0.09775 0.06998 0.02093 0.01493 0.06691 0.10133 -0.24306 -0.07911 0.17059 0.11361 -0.33538 -0.21110 -0.15238 0.34512 -0.02110 -0.01032 -0.09806 0.00163 -0.10337 0.06779 0.03630 0.15594
-0.23719 0.00973 0.16811 -0.18466 -0.05885 -0.04452 0.03391 -0.17434 0.12855 -0.05844 0.05881 -0.00207 0.22619 0.11082 0.05455 -0.21196 0.17849 0.27185 -0.03303 -0.20911 0.09043 0.24991 0.03351 -0.05073 -0.11511 -0.00375 0.21259 -0.03215 0.14896 0.25986 0.12544 -0.11450 0.04166 0.02257 0.13597 0.01075 0.08626 0.23782 -0.12483 -0.15436
0.01764 -0.08876 0.12728 -0.09176 -0.03493 0.31914 -0.22312 -0.23626 -0.00844 -0.20493 -0.09777 0.10325 -0.00423 0.01423 0.00900 0.11302 -0.01020 0.17794 -0.25180 -0.12654 0.02416 -0.10160 -0.09393 -0.26845 0.07861 0.10765 0.14000 0.01101 0.14807 0.04220 0.08880 -0.03792 0.05328 -0.20788 -0.09536 0.11972 0.08878 -0.13898 -0.05144 0.28516
0.25191 -0.06039 0.00699 -0.23482 0.22506 0.13497 -0.19832 -0.16348 0.03508 -0.11555 -0.07819 -0.05315 0.14302 -0.24387 0.28255 0.19226 -0.00575 -0.27441 0.33643 0.03197 -0.07012 -0.15819 -0.06195 -0.27573 -0.20887 0.14815 0.10297 0.12094 -0.14169 -0.10611 0.12404 0.06451 0.16657 0.23081 0.14697 -0.23527 0.22409 -0.17702 -0.19466 0.10755
0.19702 -0.09644 -0.15294 0.09547 -0.17099 -0.16460 -0.11178 -0.20654 0.16405 0.22711 0.03281 -0.33825 -0.10318 -0.09225 0.04272 -0.23682 -0.18049 0.11204 -0.06359 0.16227 0.00917 -0.06126 0.07723 0.01194 0.18445 0.21030 -0.24275 0.06718 0.24099 -0.09998 -0.19828 0.10194 0.23118 0.06924 0.10334 0.29030 -0.18334 0.13347 0.11718 0.06624
0.16720 0.03293 -0.16265 -0.03123 0.02814 -0.14275 -0.01472 -0.01313 0.09615 -0.09580 0.00874 0.02620 -0.01085 0.06184 -0.04206 -0.01853 0.03264 -0.16142 -0.00147 0.14674 0.18222 0.11358 0.04647 0.08202 0.19389 0.12352 -0.06306 -0.10596 0.11173 -0.16083 -0.10624 0.03310 0.03193 -0.16444 0.06154 0.15849 -0.18494 -0.07475 -0.07805 -0.11615
-0.08515 -0.00217 -0.14756 0.03537 0.05640 -0.28507 0.08899 -0.05609 0.15901 -0.03607 -0.21835 -0.00667 -0.02570 -0.01772 0.15445 0.03219 0.16357 0.10654 0.14198 0.27636 -0.01864 0.03293 0.07926 -0.12053 0.25727 0.13790 -0.11387 -0.18488 -0.10843 0.04806 -0.03793 -0.03841 0.11112 0.12378 0.19923 0.17660 0.08900 0.05898 -0.12980 -0.20405
0.26562 0.20951 -0.22139 0.29896 -0.24936 0.30745 -0.22428 -0.14793 0.11877 -0.04199 -0.14674 -0.27201 -0.17564 -0.01734 -0.08451 0.11354 0.29620 0.26353 -0.08534 0.29633 0.18784 -0.14449 0.17628 -0.15841 -0.22457 -0.08357 -0.09405 -0.14815 0.21144 -0.19284 -0.36389 0.23034 -0.00675 -0.31463 0.00677 0.07411 -0.19073 0.22177 0.07665 0.02545
-0.16731 -0.04804 0.07717 0.01724 -0.08718 0.22856 -0.07715 -0.17473 0.11644 -0.18233 -0.11924 0.11548 -0.07348 0.10245 -0.06724 0.08241 0.05375 0.06531 -0.31173 0.07775 0.06219 -0.11870 -0.09738 -0.02692 -0.10830 0.11410 0.32678 0.24364 -0.01429 0.02764 0.04442 -0.22028 0.06292 -0.38081 0.02478 -0.06597 0.04478 -0.10469 -0.11140 -0.01611
0.00942 0.11558 -0.16678 -0.02862 -0.05752 -0.09934 0.15859 0.22891 -0.23644 -0.04307 0.00325 0.17402 -0.05414 -0.13870 -0.06401 0.15374 0.18859 0.09124 -0.18841 -0.00536 -0.03926 -0.05959 0.14407 -0.09642 -0.12773 0.06341 0.15209 -0.18333 -0.01135 0.12264 -0.00813 0.10434 -0.09128 -0.09394 -0.03342 0.16502 0.03087 0.14220 0.05406 -0.10150
0.11887 -0.11564 -0.27811 0.20966 -0.05412 0.22845 0.21933 0.02765 -0.34460 0.08170 0.17920 0.29906 0.06887 -0.10070 0.14835 0.18812 0.12206 0.02684 0.07825 0.27702 -0.08360 -0.13175 -0.06972 -0.03272 -0.00543 0.08515 0.00686 -0.26718 0.14620 -0.06728 0.12621 0.12508 -0.14980 0.06313 -0.03886 0.18859 -0.13154 0.15065 -0.13738 0.17548
0.06338 -0.14141 -0.11973 0.14066 0.02572 -0.00587 -0.12354 0.28161 0.01737 0.00510 0.06794 -0.07956 0.05140 0.05148 -0.11934 0.14832 -0.07781 -0.02319 -0.24109 0.17869 0.14042 0.00356 -0.13267 0.04639 0.23061 -0.24294 0.04930 -0.14621 0.21448 0.05886 -0.22618 0.00287 0.09259 -0.10594 0.12430 0.11912 0.03967 0.15671 -0.00874 0.03860
0.00382 -0.22934 0.20198 -0.03029 0.00670 0.31234 -0.15772 -0.11543 0.03068 -0.17104 -0.14741 -0.01084 0.08475 0.07341 -0.16220 -0.05634 -0.13473 -0.14360 0.13075 -0.01070 -0.06461 -0.07664 -0.23607 -0.08805 0.09771 0.16730 0.14351 -0.05484 0.09158 0.03262 0.13021 -0.15062 0.00160 -0.27027 0.03231 -0.06100 -0.23896 -0.17391 0.05588 0.07091
-0.01823 0.07089 -0.11217 -0.08128 0.19218 -0.19070 -0.06054 -0.06673 -0.20963 0.09998 0.08302 0.16571 -0.11163 0.26282 -0.19511 -0.16194 -0.30150 0.07782 -0.11236 0.21655 -0.11308 0.17609 -0.17218 -0.17081 0.22101 -0.12500 0.07216 -0.09096 -0.16955 -0.15400 -0.00931 -0.18078 -0.09460 0.26834 0.07802 -0.35337 0.26046 0.10085 -0.06706 -0.16791
0.02035 0.03040 -0.07820 0.11496 -0.08730 0.15146 -0.11605 0.36166 0.04909 0.09190 -0.11913 -0.13744 -0.00091 -0.29278 0.04266 0.14447 0.10807 0.25198 -0.24365 0.19659 -0.09555 0.17115 -0.07262 0.21709 -0.02127 0.13608 -0.10192 -0.04825 -0.18492 0.02589 -0.00798 0.17314 0.03236 0.06269 0.02869 -0.01304 -0.35942 0.11143 -0.05523 0.04719
0.28848 0.09105 -0.20052 -0.09588 0.22933 -0.27427 -0.06372 -0.00505 0.11142 -0.01142 -0.06437 -0.10101 -0.07154 0.05212 0.11113 0.17953 -0.03459 -0.17549 -0.12535 0.27339 0.08747 -0.21386 0.00479 -0.05772 0.19509 0.23791 0.07442 -0.14317 0.08990 0.11925 -0.08593 0.09061 -0.02323 0.02317 0.04068 0.20739 -0.19229 0.05920 -0.09848 -0.07798
-0.06945 -0.15065 0.10592 -0.03325 0.11992 0.07120 0.18363 -0.09523 -0.03824 0.01997 -0.14082 -0.05988 0.13218 0.10008 -0.31940 -0.17116 -0.24720 0.10733 0.02471 0.20142 0.00139 0.16920 -0.11195 -0.09456 0.21308 0.01744 0.16051 0.15293 -0.25067 0.07958 -0.09564 -0.15985 -0.23302 0.44097 -0.12857 -0.22527 0.13369 -0.03414 -0.22548 -0.15908
-0.17297 -0.08160 -0.05669 -0.04866 -0.17570 0.21190 -0.05956 0.38531 0.05949 0.05321 -0.17122 -0.13381 0.04319 -0.24780 0.10012 -0.08124 0.11357 0.14943 -0.18364 0.13514 -0.09818 0.15399 -0.04619 0.09829 -0.00664 0.04845 -0.15285 -0.11220 -0.21427 -0.03001 -0.14578 0.28192 0.02414 -0.06384 -0.22768 -0.12908 -0.41041 0.15734 -0.11518 0.04952
0.09108 0.00421 -0.01146 0.00457 -0.16212 -0.15654 0.15827 0.04147 0.12861 0.07264 0.03951 -0.14763 -0.25835 0.23824 0.02544 -0.04707 -0.03654 -0.17805 0.10319 0.17173 0.02611 0.00875 -0.00498 0.11350 0.09504 0.06992 0.01820 -0.23065 0.27415 0.01792 -0.27645 -0.09375 0.08178 0.18402 0.09499 0.20173 -0.11910 0.15589 -0.14970 -0.10653
0.27121 -0.19610 0.16359 -0.07059 0.00393 0.38465 -0.25606 0.21736 0.07751 -0.18610 0.24129 0.17824 0.02528 0.01207 0.38265 0.00330 -0.11393 -0.09461 0.32680 -0.00732 0.07209 0.24947 -0.22018 -0.18132 0.26261 0.28238 0.04639 0.12889 -0.35800 -0.38536 -0.24408 -0.21540 0.25294 -0.13290 0.31048 0.19688 -0.03727 0.02869 -0.05487 -0.20074
-0.09341 0.17937 -0.06933 0.07151 -0.01585 0.13498 -0.06173 0.02552 0.15176 -0.06509 0.07837 0.00319 0.13634 -0.18688 0.09660 -0.24657 0.12958 0.19374 -0.15581 -0.16383 0.00243 0.18778 0.13209 -0.01411 -0.07342 -0.11878 0.04695 0.03739 0.07906 0.08229 -0.02546 -0.17269 -0.06251 0.01256 0.05145 -0.06127 0.01373 0.19956 -0.16684 -0.26330
0.03251 -0.27953 0.30004 -0.17806 0.05797 0.25132 -0.02185 -0.06246 0.13206 0.21751 -0.14766 -0.21405 0.09148 -0.21305 -0.06756 -0.16254 0.06237 -0.16799 -0.01568 0.31365 -0.06855 -0.17676 -0.03257 0.18338 0.01031 0.30726 -0.16787 -0.07014 0.18611 0.20244 -0.29151 -0.14409 0.00033 0.28053 -0.30332 0.27039 -0.11842 -0.09645 -0.07456 -0.03963
-0.07863 0.04468 -0.14440 -0.11429 0.09292 -0.29185 -0.01820 -0.05500 0.05325 -0.23741 0.08681 -0.18251 -0.10664 0.22433 0.21510 -0.03614 0.08469 -0.08234 -0.18133 0.17558 -0.20092 -0.18736 -0.06824 0.05770 0.04844 0.11032 -0.10836 -0.15957 0.14387 -0.09133 0.06864 0.27472 0.11606 -0.02822 0.17888 -0.15978 -0.04757 -0.14938 0.01301 -0.28237
-0.01072 0.06729 0.11716 -0.03127 0.16945 0.06014 0.16821 0.03437 -0.02423 -0.23763 0.13710 0.32978 -0.13099 -0.24836 -0.19681 0.02115 -0.29802 -0.06693 -0.03641 -0.00594 0.15063 -0.18156 0.20512 -0.12663 -0.08635 -0.12745 0.11675 0.00007 0.06431 -0.12925 0.29215 -0.08334 -0.11365 0.04168 -0.17174 -0.16945 -0.26018 0.08813 -0.02228 -0.37777
-0.16304 -0.06109 -0.02299 -0.12695 0.23910 0.10552 0.24708 0.09070 -0.01558 -0.18945 0.01160 0.25262 -0.12189 -0.06870 -0.23524 0.09246 -0.29370 -0.19843 0.06680 -0.20617 0.19761 -0.28745 0.17005 -0.08434 -0.12027 -0.13076 -0.04946 0.19389 0.01921 -0.08869 0.33772 0.01973 0.02584 -0.10276 -0.32519 -0.18168 -0.16197 0.02814 0.02712 -0.45883
0.02431 -0.21093 0.13327 -0.03217 -0.18401 0.00352 0.19508 -0.11935 -0.05107 0.12831 0.16574 -0.05250 -0.21594 -0.23708 -0.31125 -0.06928 0.07101 0.11239 0.25409 -0.28219 -0.11869 -0.08927 -0.16018 -0.12609 0.33007 -0.13276 -0.25531 -0.24930 0.07910 -0.16993 0.30798 -0.19630 -0.14474 0.31937 0.03726 -0.03437 -0.02041 -0.07468 -0.13856 0.12016
-0.07144 0.18322 -0.16610 0.10956 -0.04317 0.09438 0.08184 0.14223 0.22081 0.13797 -0.21046 -0.23966 -0.14070 -0.01337 -0.07657 0.02250 -0.17011 0.09610 0.27202 -0.30770 0.21064 0.13303 -0.08337 -0.01482 0.14620 -0.03267 -0.11425 0.15506 0.09175 -0.36665 -0.16786 -0.08488 -0.09810 0.04493 0.19535 -0.04760 0.23973 -0.20343 -0.15861 0.00775
0.13272 -0.18864 -0.25633 0.09256 0.06956 -0.07224 0.12059 0.30166 -0.26169 0.01625 -0.02181 -0.15356 -0.10438 0.05293 0.24551 -0.10486 -0.18505 -0.15496 -0.05312 0.12664 0.15068 -0.25916 -0.26661 -0.10782 0.26991 -0.11084 -0.05024 0.02493 -0.23809 0.01536 0.15890 0.00069 0.19763 0.15149 -0.00807 -0.12902 -0.08190 -0.05382 -0.11133 0.02638
0.05835 -0.06854 -0.16216 -0.07550 0.04849 -0.12036 0.03411 0.03296 0.10292 -0.11592 0.06589 -0.09235 -0.02330 0.10841 0.18301 0.07592 -0.01938 -0.07233 0.05577 0.23212 0.12181 0.13372 0.03171 -0.01678 0.11331 0.01975 -0.08251 -0.07731 0.12078 -0.05086 -0.17355 0.21073 0.14685 -0.07890 0.12364 0.00029 -0.04290 0.00830 0.00591 -0.07558
0.00281 -0.09735 -0.11954 0.09815 0.06125 -0.12253 -0.04978 -0.00146 -0.37049 0.10782 0.02912 -0.15480 -0.18861 0.02200 0.23286 -0.01334 0.02692 -0.26430 0.04684 0.04214 -0.17884 -0.17171 -0.04568 -0.03204 -0.22530 -0.14813 -0.05453 -0.02428 -0.04747 0.05522 0.11113 0.21353 0.10523 0.10513 0.17985 0.22872 0.08197 0.16794 0.15866 0.37970
0.20980 -0.13681 -0.16107 -0.11454 0.33736 -0.05545 -0.21872 0.19774 -0.10059 -0.21554 0.08123 0.18198 -0.25902 -0.11650 0.15978 0.20914 -0.32919 0.19630 -0.34842 -0.29878 0.26850 -0.09894 0.00685 -0.14972 0.24690 0.02726 -0.07482 -0.12490 -0.37225 0.19101 0.06219 -0.31584 0.26560 -0.18919 -0.13793 -0.24921 -0.14856 -0.31243 0.22140 0.06758
0.33843 0.18118 -0.21182 0.10350 -0.12981 0.15858 -0.17994 0.05329 0.20108 0.13536 0.01195 -0.06723 -0.04826 0.16308 0.03411 -0.10976 0.12554 0.21617 0.22736 -0.05880 0.28121 -0.03092 0.01973 0.00105 -0.31996 0.03684 -0.02948 -0.18803 0.09671 -0.05636 -0.22043 0.15811 -0.01395 -0.27407 -0.15742 0.17316 -0.11306 -0.01242 -0.12054 0.19936
0.26396 0.12058 -0.23784 0.16886 -0.19580 0.03024 0.01838 -0.10375 -0.12565 0.11162 -0.15015 0.01423 -0.03886 0.16662 0.17486 -0.11442 0.19389 0.23810 0.13913 0.01282 0.17864 -0.05314 0.03180 -0.05858 -0.08092 -0.04449 -0.03736 -0.00315 0.05848 -0.06090 -0.02823 0.01327 -0.22734 -0.17129 -0.16818 0.13206 -0.07821 0.01871 -0.06744 0.05566
-0.26411 0.01103 0.13715 -0.13530 0.16792 -0.09518 0.21174 -0.09155 -0.18136 0.07899 0.21517 0.29974 -0.09630 0.06573 0.19596 -0.00949 0.18177 -0.19549 -0.19704 -0.03461 0.11284 -0.16798 0.01582 0.18692 -0.28220 -0.07834 -0.01583 0.08643 -0.21140 -0.20050 -0.04420 -0.30493 -0.25487 0.08157 -0.28340 -0.25798 0.14743 -0.13426 -0.13005 0.06392
-0.17265 0.02547 -0.06532 -0.00854 -0.07554 -0.01129 -0.08267 -0.11487 -0.14180 -0.01839 -0.06349 0.08172 -0.07270 0.18501 -0.22334 -0.22157 -0.13102 -0.08353 0.00458 0.05140 -0.15159 0.25359 -0.15683 -0.24034 0.11535 -0.06893 0.12592 0.21901 -0.38366 -0.01839 -0.09127 -0.14127 -0.16072 0.24862 -0.10320 -0.22980 0.09850 0.21342 0.08920 -0.12321
-0.11296 0.02570 0.01153 -0.13528 0.08154 -0.15569 0.13570 0.05031 -0.10538 0.08837 -0.05224 -0.12845 0.22289 0.14352 -0.21397 -0.12383 -0.04170 -0.01519 -0.15537 0.08008 -0.12764 -0.01130 0.18193 0.07415 -0.01817 0.29641 0.08126 -0.06506 -0.21780 -0.17465 0.00750 -0.04515 -0.00782 0.12140 -0.16730 0.13080 0.06126 0.17485 -0.04759 0.14914
-0.33483 0.06011 0.00270 0.16945 0.02003 -0.21526 -0.07179 -0.29546 -0.19041 0.03250 0.05459 0.05662 -0.09516 0.08624 0.19216 -0.15858 0.13794 -0.17057 0.09683 -0.18705 0.14960 -0.13325 -0.04322 -0.28240 -0.03126 -0.03483 -0.00465 -0.14886 -0.18932 -0.25941 -0.10321 -0.32055 -0.23431 0.04172 -0.06077 -0.08309 0.26608 -0.17803 0.02812 -0.06365
-0.11695 -0.20940 0.19095 -0.11548 -0.14309 -0.12491 0.03842 -0.23718 0.07803 0.11212 0.09377 -0.05761 -0.19864 -0.11750 -0.32811 -0.01554 -0.07462 0.09926 0.13386 -0.29091 -0.19454 -0.27688 -0.13137 -0.20644 0.32092 0.01141 -0.18641 -0.10610 -0.05033 -0.14036 0.37669 -0.12134 -0.12421 0.30978 -0.08387 -0.16157 0.18574 0.08472 -0.22803 -0.09328
0.21994 0.07075 0.31309 0.05413 -0.14296 0.25655 -0.01574 -0.06972 -0.11909 -0.18046 -0.18952 0.38560 -0.15950 -0.12443 -0.19013 0.11237 0.14216 -0.05789 -0.07054 -0.14119 0.29312 -0.11510 -0.12284 0.14223 0.05672 0.32787 -0.13215 -0.22249 -0.19523 0.02210 0.13819 -0.10836 0.24691 0.08829 0.20563 0.16272 -0.16343 0.09130 0.05713 -0.26110
0.19951 0.01846 -0.19886 0.16548 0.24830 -0.28521 0.00857 0.16410 -0.33943 0.14537 0.14413 -0.16827 -0.09511 -0.18441 0.15138 -0.00229 -0.04461 -0.39399 0.20169 -0.16723 0.03078 -0.29944 0.04010 0.01038 -0.09260 0.07198 -0.26370 -0.13408 -0.10087 0.09024 0.19382 0.07458 -0.08570 0.12604 -0.11678 -0.12394 0.09760 0.10243 -0.11459 0.38959
0.10628 -0.22934 0.08410 -0.16772 -0.22103 0.00389 0.24611 0.30886 -0.08004 -0.05331 0.05183 0.00903 0.22603 -0.16839 -0.18004 0.10615 -0.23780 -0.10142 -0.19379 0.06188 -0.21090 0.17570 -0.01308 0.13468 -0.03855 -0.20886 0.15387 -0.14709 -0.34985 0.03238 -0.23978 0.34894 0.13154 0.14380 -0.02144 0.05953 0.02079 -0.07605 0.02295 0.17110
0.17499 0.08351 0.13344 0.04462 0.05895 0.19531 0.17859 0.11841 0.23974 -0.21505 -0.02206 -0.12519 0.30418 -0.04797 0.22204 -0.10684 0.00563 -0.16197 0.17757 -0.10146 -0.06635 -0.24487 -0.24012 0.05635 0.00430 0.29437 -0.20504 -0.12092 -0.19331 0.00115 -0.10824 0.00606 -0.03520 -0.20188 -0.03828 0.01822 0.19464 -0.06388 0.24752 0.00165
