0.13571 -0.00324 0.13554 -0.11077 0.00365 0.11670 -0.21332 0.07580 -0.15913 0.07024 -0.14971 -0.01309 -0.11291 -0.32088 -0.29103 -0.07279 0.03568 0.20623 -0.02404 0.18613 -0.15782 -0.28463 -0.17454 0.27317 0.15549 0.05499 0.14889 0.06554 -0.27546 -0.08703 0.17524 -0.16804 0.15059 -0.11433 0.01023 0.06609 0.01523 -0.06267 -0.16841 0.17817
-0.08140 -0.14201 -0.11823 -0.22687 -0.07287 0.08901 -0.07765 0.03477 -0.03361 0.04259 -0.06188 -0.15922 0.26614 -0.09647 0.30125 -0.10040 0.00901 0.03672 0.23523 -0.30227 0.26250 0.27013 -0.00624 -0.08685 -0.00185 -0.20649 -0.26226 0.08516 0.01304 -0.12683 -0.08746 -0.14406 -0.07585 -0.06708 0.10442 -0.07721 -0.14545 -0.34694 -0.20883 -0.21881
-0.22610 -0.02921 -0.27142 0.06111 -0.17084 -0.06392 0.01350 0.14563 0.05162 0.05497 0.03862 -0.00677 0.17999 0.26689 -0.05768 0.06193 -0.02778 -0.30446 0.07496 0.00126 -0.01171 0.05610 -0.04021 -0.18959 -0.15433 -0.00293 0.09668 0.29107 0.01898 0.13924 -0.06807 0.04330 -0.03559 0.16057 0.04884 0.12656 0.26624 -0.08780 0.24268 0.13415
0.11951 0.10022 0.17721 0.00478 0.03386 0.13392 -0.25333 0.14525 -0.12531 0.10275 -0.13098 0.02805 -0.11089 -0.17370 -0.26436 -0.10020 0.01892 0.17713 -0.08305 0.16355 -0.21554 -0.24709 -0.26578 0.17185 0.16995 0.09749 0.24303 0.07546 -0.19369 0.00441 0.27294 -0.19087 0.12615 0.03606 0.01899 0.02739 0.13555 0.00378 -0.23674 0.23228
-0.02463 -0.04562 -0.01683 -0.17636 -0.01798 0.12137 0.08412 -0.00510 -0.14249 -0.03234 0.08616 -0.08741 0.17080 0.00942 0.28231 -0.03399 -0.15862 -0.02830 0.02480 0.01932 0.17476 -0.09177 -0.00591 -0.12574 -0.04779 -0.06443 -0.02922 0.00551 0.00976 -0.05926 -0.13771 -0.11361 -0.04152 0.08386 0.19104 -0.07887 -0.03767 -0.24155 -0.07661 -0.03145
0.09803 0.08862 0.26614 0.02636 0.01080 0.09864 -0.21721 0.05398 -0.05812 0.03684 -0.15542 -0.01907 -0.09210 -0.16478 -0.33137 -0.03951 0.05289 0.07500 -0.00864 0.09838 -0.19022 -0.09723 -0.15771 0.24930 0.14937 0.07654 0.24321 -0.02922 -0.24656 -0.08387 0.19430 -0.14645 0.02846 -0.08995 -0.04982 0.01648 0.13826 0.13096 -0.22895 0.04531
-0.07471 -0.01355 0.16190 0.12536 0.24479 0.03495 0.26332 -0.17653 -0.12476 -0.09983 0.22161 0.07037 -0.16137 -0.09237 0.23416 0.22856 -0.13278 0.13658 0.15928 -0.09631 0.10852 0.05186 0.08808 -0.17153 -0.02440 -0.03162 -0.09839 -0.18343 0.11618 -0.00152 0.04212 -0.05999 0.05466 0.13623 -0.00509 -0.15538 -0.11058 0.10380 0.15970 -0.26905
0.12796 0.00086 -0.22768 0.07932 0.17614 -0.05786 0.23767 -0.09041 0.05952 -0.01858 0.03413 -0.08407 -0.32605 0.09360 0.22023 0.13153 -0.19656 0.27439 0.17270 -0.16279 -0.02731 0.08617 0.08544 -0.01893 -0.02908 0.05072 -0.07859 -0.09388 0.33045 -0.10436 0.07037 -0.05423 -0.11643 0.22329 -0.01229 0.01239 -0.02927 0.11638 0.12994 -0.20803
0.11777 -0.08275 0.11670 0.06588 0.01087 -0.10592 0.06998 -0.11157 -0.11863 -0.00486 0.06034 -0.22295 0.09289 0.14301 -0.03647 0.09451 0.02568 -0.03685 0.09825 -0.11268 0.04509 0.03056 0.25947 0.02767 -0.11616 0.16247 0.00004 0.05574 0.01024 0.05712 -0.34378 -0.22041 -0.01224 -0.18731 -0.14595 0.19556 -0.06197 -0.05762 -0.16636 -0.29748
0.09230 0.03827 0.24445 -0.01993 0.04733 0.13006 -0.25356 0.05650 -0.09878 0.05084 -0.12286 0.00901 -0.09838 -0.28880 -0.31561 -0.09070 0.07533 0.14842 -0.09921 0.19524 -0.22197 -0.21905 -0.20980 0.24465 0.24169 0.00683 0.21378 -0.01623 -0.33846 -0.05922 0.21535 -0.08170 0.16455 -0.07605 -0.02853 -0.01604 0.11312 0.00204 -0.27705 0.16994
0.16370 0.10311 0.23287 -0.03761 0.10972 -0.02590 -0.20411 0.04309 -0.11298 0.04967 -0.18795 0.06281 -0.15912 -0.21113 -0.34351 -0.12358 0.08377 0.11926 -0.01801 0.15797 -0.16480 -0.18749 -0.14903 0.27915 0.14712 0.02649 0.12854 -0.11554 -0.31753 -0.08744 0.28752 -0.11191 0.05790 -0.08459 -0.02475 0.01555 0.10897 0.13747 -0.27847 0.09510
-0.26901 -0.01822 -0.31846 0.03307 -0.21249 -0.08749 0.05346 0.09220 0.09497 0.04464 0.11186 0.02169 0.24309 0.30370 -0.01334 0.07229 -0.01081 -0.37371 0.02844 -0.01526 0.06298 0.10259 -0.00543 -0.23846 -0.17460 -0.03443 0.04761 0.32070 0.07801 0.16790 -0.13973 0.08191 -0.04089 0.17998 0.03467 0.10265 0.22983 -0.15252 0.27159 0.10085
0.14355 0.01104 0.17204 -0.02206 0.04408 0.13829 -0.23498 0.08448 -0.11413 0.07074 -0.13219 0.03041 -0.10436 -0.24108 -0.24980 -0.05824 0.05606 0.15700 -0.03880 0.14328 -0.17154 -0.24133 -0.21423 0.18085 0.20848 0.03753 0.20108 0.04332 -0.24450 -0.01623 0.23353 -0.13691 0.15531 -0.02600 -0.02402 -0.00511 0.06819 0.00083 -0.21048 0.16247
0.13179 -0.23487 -0.30599 -0.20102 -0.04210 0.09101 -0.02681 0.15748 0.01310 0.06321 -0.07121 0.04461 -0.15167 -0.26257 0.16401 0.11192 -0.10646 0.18767 -0.02684 0.08881 -0.02511 -0.04692 0.01565 -0.08204 -0.01605 0.06193 -0.10079 0.04217 -0.01516 -0.11743 0.18231 0.07766 -0.10391 -0.06038 0.20200 0.17006 -0.13243 -0.07062 0.27675 0.00151
-0.02335 -0.00302 0.02780 0.10648 -0.01543 -0.05866 0.07368 -0.06334 0.23011 -0.08653 -0.07197 0.01465 -0.06882 0.01264 0.12437 0.00260 -0.10742 -0.14193 0.15693 -0.09469 0.05167 0.39822 0.03569 -0.04115 -0.21214 0.02672 -0.17592 -0.32923 0.03570 -0.23075 0.11588 0.08647 -0.24526 -0.03823 -0.12717 0.05946 -0.08843 0.33369 -0.07121 -0.40323
-0.25944 0.02122 -0.30645 0.02492 -0.20406 -0.01397 0.01425 0.13176 0.05317 0.03446 0.11443 -0.01345 0.23971 0.33222 -0.00285 0.07958 -0.03245 -0.39744 0.04343 -0.00753 -0.02142 0.07049 -0.07473 -0.32387 -0.14939 -0.01254 0.10757 0.32496 0.04916 0.17213 -0.12791 0.02986 -0.08375 0.25204 0.06151 0.10077 0.27602 -0.17442 0.22942 0.06774
0.05438 -0.02199 0.06652 0.11372 0.00131 -0.10102 0.29597 -0.03178 -0.02326 -0.13772 -0.11782 0.17875 -0.13271 0.27036 0.09894 -0.04757 -0.13183 0.01701 0.24626 -0.04908 0.01796 0.06537 0.13619 0.09031 -0.03237 0.03600 -0.16200 -0.34907 0.23175 -0.11654 0.09971 0.03797 -0.24769 0.11275 -0.11772 0.02099 0.01903 0.18700 0.00066 -0.19964
0.00559 0.04159 -0.06871 -0.13364 0.06560 -0.16728 0.00085 -0.14845 -0.00606 -0.04244 -0.00945 -0.05672 0.00489 0.09390 -0.04283 -0.09442 0.04277 -0.09195 0.16577 -0.05988 0.11629 0.21305 0.21422 0.00544 -0.23368 -0.02250 -0.07961 -0.24331 -0.10840 -0.19139 0.04942 0.06877 -0.18774 -0.00775 -0.01432 0.06903 0.05101 0.25942 -0.15875 -0.24252
-0.09708 -0.03549 -0.03169 0.20226 -0.08173 0.10537 -0.07161 0.11070 0.03262 -0.13709 -0.08799 -0.20957 0.07719 0.16841 0.21001 -0.07530 0.03569 0.02491 0.02485 0.02564 -0.15756 -0.00167 0.18402 -0.24677 -0.13748 0.06401 0.07878 0.05155 0.01381 -0.07300 -0.17214 -0.16446 -0.28930 -0.01281 0.03812 0.00799 0.17875 -0.04745 -0.20604 -0.33886
0.05356 -0.21734 -0.01304 -0.06929 0.01847 0.05397 0.08381 0.04440 0.11222 -0.13272 -0.16172 -0.20021 0.05254 0.08363 0.25735 -0.03766 0.01619 0.35386 0.09327 -0.14660 0.03120 -0.00871 0.17257 0.20619 -0.02949 0.24228 0.02140 0.08380 0.12981 -0.14154 0.07037 -0.10711 -0.10222 -0.20221 0.01799 0.08533 -0.09510 -0.02368 0.05876 -0.21896
