0.21574 -0.13697 -0.50956 0.11107 0.25083 0.10178 0.02925 0.12531 -0.00037 -0.05813 0.12633 0.29386 0.30064 0.17887 -0.03889 -0.10957 0.08479 -0.03316 0.15047 -0.09329 -0.19768 0.03868 -0.09748 -0.13195 -0.13634 0.01619 -0.08150 -0.27343 -0.09623 0.10304 0.24405 -0.11963 0.00481 0.09935 0.07835 -0.08913 -0.15967 -0.03705 -0.05558 -0.29506
0.20427 -0.10302 -0.45164 0.04970 0.23265 0.01573 0.09452 0.05494 0.01050 -0.07671 0.09343 0.29672 0.15798 0.08946 -0.02675 -0.01719 0.06281 -0.13690 0.12461 -0.02335 -0.18413 -0.04106 -0.08635 -0.12071 -0.11179 0.05711 0.04152 -0.29824 -0.09461 0.17512 0.21536 -0.13285 0.05121 0.09509 0.10868 -0.02739 -0.13243 -0.03334 -0.07348 -0.30494
-0.09394 0.08417 0.29869 -0.30868 -0.20132 -0.11658 -0.21778 0.18102 -0.09811 -0.23426 0.01672 -0.11865 -0.16774 -0.24747 -0.10717 -0.08591 0.26628 -0.23510 -0.06999 0.12392 -0.00757 -0.18438 0.03281 0.03120 0.19435 -0.00295 0.28869 -0.05446 0.19132 0.09102 -0.00387 -0.07356 0.21346 0.09243 0.12410 -0.00751 -0.19424 0.12844 -0.28587 -0.01647
-0.05367 0.09956 0.23216 -0.26292 -0.21260 -0.07876 -0.22582 0.15754 -0.09968 -0.29238 0.08948 -0.10258 -0.18736 -0.22404 -0.12071 -0.01496 0.28934 -0.27679 -0.05502 0.09713 -0.10016 -0.18360 0.00670 -0.02629 0.21878 -0.08012 0.20033 -0.09386 0.22023 0.19116 0.14000 -0.06572 0.29065 0.15144 0.15313 0.03232 -0.22352 0.13693 -0.25238 -0.04453
0.22235 -0.13636 -0.44976 0.00524 0.30646 0.09065 0.02317 0.08830 0.05716 -0.06477 0.10296 0.30389 0.22482 0.18283 -0.10719 -0.17896 0.15777 -0.02092 0.18805 -0.02193 -0.08022 0.01024 -0.09823 -0.11026 -0.17831 0.10689 -0.04759 -0.26117 -0.14520 0.09263 0.22925 -0.01310 -0.01163 -0.00833 0.03891 -0.02998 -0.03472 0.03624 -0.03933 -0.28750
-0.09413 0.02748 0.13094 -0.16320 -0.02174 -0.01194 -0.01305 -0.12431 0.03792 -0.20147 0.28377 -0.07099 -0.22201 0.08756 0.09756 -0.04558 -0.18712 -0.21532 -0.14511 0.27887 0.14635 0.14111 -0.18741 0.10444 0.14314 -0.21948 0.14478 0.26047 -0.08823 0.16487 0.14605 0.09412 -0.14178 -0.01578 0.06912 -0.02978 -0.13766 0.03666 0.10647 0.15078
0.18824 -0.12693 -0.46123 -0.07125 0.22641 0.08892 0.07006 0.07091 -0.03718 -0.08086 0.27665 0.24731 0.19461 0.16841 0.01453 -0.14785 0.18631 -0.14830 0.19158 -0.03911 -0.12075 -0.07228 -0.05217 0.01363 -0.06935 -0.01676 -0.01585 -0.22976 -0.10743 0.04900 0.29831 -0.12327 0.01022 0.09978 0.12627 -0.05055 -0.21332 0.04581 -0.02647 -0.38126
0.11982 -0.03956 -0.41321 0.09113 0.20968 0.17491 0.07326 -0.07962 0.01502 -0.03762 0.17222 0.21145 0.22169 0.19572 -0.02049 -0.07430 0.04899 -0.04388 0.17885 -0.00974 -0.12990 -0.04452 -0.09805 -0.02971 -0.12852 -0.03619 -0.05714 -0.16907 -0.15576 0.09433 0.23999 -0.03818 0.02202 0.08859 0.04304 0.05180 -0.13465 -0.05734 0.01072 -0.25446
-0.10117 -0.08761 0.17950 0.05711 -0.15689 -0.14115 0.02324 -0.26580 -0.12550 0.19829 0.14381 -0.38097 0.02918 0.24628 0.19376 -0.02672 -0.01745 0.14699 0.02915 -0.01212 0.05892 0.11629 0.10581 0.17273 -0.06971 -0.00874 -0.15519 0.28491 0.12864 -0.39198 -0.12892 -0.16243 -0.19285 -0.06332 -0.05406 -0.07036 0.28261 0.08897 0.30493 0.24526
0.02837 -0.17933 -0.13134 0.13375 -0.16250 -0.13871 -0.13608 0.09495 0.00492 -0.10325 -0.08356 0.14980 -0.00728 0.08149 -0.04622 0.12817 -0.21656 0.05336 -0.22285 -0.23112 -0.02926 0.24504 0.06121 0.08902 0.00649 -0.05006 0.18738 0.07580 0.04874 0.09819 -0.29689 0.05623 0.20402 -0.33467 0.01825 0.01465 0.16485 -0.12483 -0.07279 0.30800
0.21417 -0.12737 -0.50945 -0.00776 0.21673 0.13552 0.10941 -0.00599 0.08822 0.01496 0.14538 0.20720 0.21502 0.15304 0.01153 -0.14172 0.10149 -0.07702 0.16415 -0.10478 -0.03106 -0.03130 -0.05877 -0.12498 -0.14225 0.10488 -0.12067 -0.19985 -0.12964 -0.01575 0.25526 -0.10490 0.06618 0.07375 -0.01036 -0.07372 -0.15367 -0.00700 -0.11475 -0.22934
0.04614 0.15673 0.31973 -0.03688 0.04378 -0.25215 -0.01309 0.07705 -0.10022 -0.10659 0.02940 0.13939 -0.02969 -0.28563 0.21417 0.02734 0.02007 -0.02197 -0.19446 -0.11387 -0.03205 0.01532 0.20518 0.24249 0.22974 0.28126 -0.05179 0.03942 0.19816 0.01191 -0.36194 -0.10276 0.21503 -0.15687 0.17010 -0.00132 0.05489 -0.13690 -0.15364 -0.01408
0.14281 0.04809 -0.07592 0.18278 0.11806 -0.29761 -0.07152 0.21839 -0.09777 -0.04504 -0.07454 0.20591 -0.06814 -0.06122 -0.10078 0.21120 -0.00286 -0.02750 -0.10017 -0.02404 -0.11147 0.00347 -0.16502 -0.21676 -0.13465 0.10066 0.23712 -0.17388 -0.03729 0.18804 0.21961 -0.05649 -0.08110 0.06049 0.30377 -0.11380 0.20355 -0.10443 0.00358 -0.26312
0.15286 -0.12962 -0.06130 0.16624 -0.09428 -0.09460 0.09159 0.09044 0.04183 0.06849 -0.25240 0.13292 0.02556 0.00196 -0.08144 0.20879 -0.00985 -0.13466 0.02541 -0.00106 -0.14843 0.04428 0.01222 -0.07022 -0.05302 -0.08733 0.32466 -0.17965 0.06376 0.15463 -0.01956 -0.18914 -0.06612 -0.17692 0.17055 -0.06915 0.03730 -0.14478 -0.01164 0.11212
-0.00650 -0.07508 0.30555 0.19040 0.11974 0.02712 0.18990 0.18250 0.22644 0.03207 -0.02521 -0.05768 0.05297 -0.06784 0.25056 0.30950 -0.14611 0.21070 -0.00992 -0.00494 0.07984 0.07335 0.10731 -0.04175 0.23646 0.08246 0.17725 0.23118 -0.04327 -0.28346 -0.16970 0.10286 -0.29205 -0.00687 -0.04895 0.02300 -0.10116 -0.17480 0.09010 0.12872
0.15194 -0.01704 0.04578 -0.05183 0.03233 -0.29798 0.03518 0.15195 -0.06278 -0.04427 -0.09535 0.13681 -0.00534 0.03012 -0.08412 0.21923 0.18403 -0.03814 -0.09127 0.01395 -0.10447 -0.02648 -0.00590 -0.03279 -0.06260 -0.03867 0.27821 -0.20657 0.14058 0.10696 0.08737 -0.07864 0.03150 -0.09431 0.18286 -0.08449 -0.05214 -0.06809 -0.00782 0.15494
0.12867 0.09959 -0.01785 0.08794 -0.10687 -0.13840 -0.01068 0.21647 -0.04283 -0.09868 -0.11143 0.21851 0.05717 -0.07457 0.04642 0.07537 0.03190 -0.00469 -0.01303 0.12400 -0.08530 0.02470 0.02239 -0.19280 -0.04109 -0.06417 0.17097 -0.18674 0.09508 0.16909 0.01563 0.02635 -0.02201 0.02624 0.10139 -0.08156 0.12654 -0.17701 -0.02647 0.00312
0.03860 0.10869 0.11426 -0.02388 0.05349 -0.36468 -0.18905 0.24004 -0.15431 -0.05318 0.02627 0.17988 -0.03419 0.01425 -0.02888 0.21130 0.14309 -0.00711 -0.13088 0.07625 -0.14041 -0.06195 -0.10131 -0.18135 -0.12464 0.10490 0.10403 -0.32261 0.04086 0.25576 0.12965 -0.07343 -0.16532 0.06810 0.08314 -0.00120 0.14789 0.04112 -0.09459 -0.11486
-0.05184 0.05803 0.24587 -0.31518 -0.24087 -0.00944 -0.21731 0.14878 -0.12421 -0.24930 0.07102 -0.15493 -0.16229 -0.24411 -0.10946 -0.09991 0.29566 -0.21345 -0.03489 0.06871 -0.07195 -0.17650 0.04315 0.04509 0.20977 -0.04541 0.20600 -0.05969 0.17708 0.10651 0.06555 -0.07614 0.24502 0.12048 0.13141 0.01121 -0.22904 0.11574 -0.25750 -0.04470
-0.10895 -0.11932 0.19107 0.02791 -0.16724 -0.08679 0.00908 -0.23776 -0.10889 0.16681 0.14864 -0.31768 0.03382 0.24652 0.18418 -0.03227 -0.00426 0.12357 -0.00168 0.03583 0.02917 0.10185 0.02948 0.14366 -0.13531 -0.01862 -0.24272 0.27804 0.09878 -0.38804 -0.10830 -0.11916 -0.12393 -0.03108 -0.09108 -0.05929 0.25010 0.04043 0.30050 0.19176
0.07502 0.02085 0.08524 -0.13414 0.01328 -0.09796 -0.12154 -0.06478 0.01918 0.14969 -0.37021 -0.14096 -0.32892 -0.07750 0.02559 0.22096 0.02059 0.11248 -0.03702 -0.20922 -0.06334 -0.03717 0.06139 -0.09853 -0.07443 0.11560 0.09156 0.07224 0.00356 0.12462 -0.08130 0.10024 0.10380 -0.13656 0.00224 -0.14193 0.32559 -0.19499 0.00605 0.22197
0.10409 0.03423 -0.54486 0.09112 0.23121 0.17243 0.02655 0.00522 0.01915 0.09823 0.16375 0.28900 0.31488 0.10081 -0.10218 -0.17905 0.01057 0.14469 0.12953 -0.01674 -0.15913 -0.00395 -0.21136 -0.01394 -0.11331 0.03131 -0.22929 -0.17879 -0.10859 0.13443 0.15462 -0.01619 0.01084 0.19992 0.08599 0.01212 -0.20120 0.06469 -0.05793 -0.23169
