0.25407 0.17929 -0.11407 -0.04787 -0.03285 0.10664 0.11876 -0.30573 -0.12456 -0.03030 -0.02252 -0.13895 -0.08556 0.22800 -0.10640 0.19044 -0.08252 -0.00631 0.14193 -0.12366 0.05458 -0.11537 0.25169 -0.01933 -0.09815 -0.09087 0.14898 0.03049 0.05016 -0.00374 -0.19502 -0.07730 -0.22302 -0.15637 -0.20742 0.39854 -0.11558 0.16176 0.10190 0.04504
0.20806 -0.14558 -0.04019 0.04819 0.04029 0.11813 0.08559 -0.16138 -0.25218 -0.13082 0.12206 -0.17094 0.23122 0.12031 -0.13372 -0.05302 0.09164 -0.13534 0.12915 -0.17436 -0.06199 0.10131 0.35061 0.05910 0.11914 -0.14370 -0.06906 0.15419 -0.03824 -0.10161 -0.03572 0.05188 -0.27469 0.00870 -0.14856 0.27058 -0.04908 -0.01922 0.14112 0.01064
0.15423 -0.02767 -0.33477 0.18421 -0.02486 0.15311 -0.01602 -0.22030 -0.14043 -0.17800 0.02761 -0.05206 0.01887 0.23838 -0.11705 -0.02136 -0.08769 -0.10502 0.07643 0.01326 -0.39979 -0.05563 0.15225 0.11719 -0.00327 -0.05145 -0.04772 0.15575 0.14969 0.07679 -0.29477 0.08486 -0.34108 -0.05804 -0.21630 0.39792 -0.06830 -0.05128 -0.04000 -0.13921
0.02043 0.03046 -0.03409 -0.04951 0.12389 0.18832 0.08343 -0.26760 -0.12034 0.02507 0.07269 -0.11574 0.09363 0.19156 -0.14876 -0.21382 0.02084 -0.15715 0.08275 -0.00616 -0.16110 0.11226 0.24000 0.28335 -0.04059 -0.16632 -0.01304 0.12244 -0.16958 0.06243 -0.09258 0.15575 -0.26177 -0.02547 -0.28114 0.41664 0.06353 0.05367 0.00527 0.01433
0.18413 0.16780 0.02470 0.10118 0.00567 0.11856 -0.06751 -0.31326 0.06003 -0.06190 0.05232 -0.15286 -0.07137 0.21768 -0.24623 0.19607 -0.05090 -0.07408 0.10885 -0.12163 -0.19608 -0.04164 0.18663 0.24753 0.05294 0.01239 -0.05599 0.03684 -0.06915 0.01251 -0.05413 -0.05893 -0.08819 -0.22402 -0.19064 0.23320 -0.17329 -0.07643 -0.05598 -0.00467
0.26422 0.15959 -0.09582 0.06937 -0.06167 0.23191 0.05814 -0.30619 -0.12771 -0.17877 -0.01848 -0.22594 -0.00260 0.14264 -0.12195 0.13181 -0.17060 -0.24996 0.12620 -0.00327 -0.07625 -0.13915 0.08234 0.24564 -0.02354 0.02161 -0.06705 0.17193 -0.10758 0.08504 -0.11694 -0.09114 -0.22951 -0.11569 -0.08548 0.33242 -0.04114 0.00902 0.02355 0.04538
0.20230 -0.11111 -0.06531 0.17681 0.07432 0.35302 -0.03080 -0.16529 -0.21216 0.00795 0.07577 -0.16349 0.01870 0.26002 -0.21553 -0.04124 -0.05762 -0.15454 0.03703 -0.09881 -0.23710 0.16878 0.09315 0.08074 -0.10035 -0.15148 0.10129 0.16661 0.00055 0.14565 -0.23259 0.14050 -0.18349 0.01164 -0.26995 0.26036 -0.09065 0.09656 0.20655 -0.24106
0.24020 0.09236 -0.06578 0.19393 0.09384 0.18673 -0.09874 -0.22477 -0.05120 0.10039 -0.01968 -0.24790 -0.10555 0.11784 -0.20697 0.06863 -0.09792 -0.12080 0.14119 -0.11248 -0.13458 0.17545 0.12638 0.04621 -0.12553 -0.15129 0.07222 0.08575 0.10970 0.06022 -0.09914 0.10499 -0.18800 -0.09929 -0.07778 0.34274 0.01599 -0.09048 0.02728 -0.09195
0.07461 -0.03007 -0.07531 -0.19206 -0.16193 -0.18076 0.02372 0.00986 -0.13430 0.07436 -0.01278 0.22449 -0.02167 -0.18612 0.09132 0.06123 0.03310 -0.24439 0.17201 0.22460 -0.30962 -0.15094 -0.11235 -0.04265 -0.17222 -0.18402 0.24460 0.00446 -0.36951 -0.02221 -0.01915 0.02635 0.36312 0.17098 0.19095 -0.11892 0.03386 -0.20339 -0.05681 -0.12968
0.26368 0.17914 -0.11257 -0.31674 0.32648 -0.40853 0.18331 0.19714 0.22409 0.13973 0.35326 0.02695 -0.20234 0.31082 -0.33606 0.26242 0.18516 0.21675 -0.30401 0.36815 -0.25310 0.32617 -0.17170 -0.09099 0.01904 0.01773 0.26700 0.15370 0.13619 0.15744 -0.20605 -0.11684 0.39680 -0.07908 0.22642 0.15175 -0.22817 -0.29546 0.11433 -0.02756
0.03793 -0.14914 -0.08709 0.29698 0.18396 -0.13946 0.10196 -0.12090 0.17905 0.28036 -0.01283 -0.30652 0.12148 0.28730 0.03018 -0.19653 0.08215 -0.30387 -0.02760 -0.06774 -0.04540 -0.17269 -0.13042 -0.00704 0.05357 0.13436 0.16844 0.02300 -0.18079 -0.15027 0.38180 0.13564 0.13118 -0.18621 -0.03279 0.00137 0.02216 0.15451 0.13313 -0.11326
0.23339 0.14003 0.15452 -0.15322 0.16189 -0.05242 0.01007 0.12193 0.29786 -0.24193 -0.06609 0.15320 0.05127 -0.08562 0.22742 0.32477 -0.02563 0.08372 0.03640 0.05696 -0.01612 -0.04289 -0.14046 -0.03525 -0.08863 0.25553 0.23844 -0.23280 0.23366 0.10249 0.16358 -0.02846 -0.14553 0.25906 -0.20499 -0.06364 0.18999 -0.44340 -0.20211 0.12911
-0.14094 -0.30436 0.33331 -0.04697 -0.13273 -0.03443 -0.25402 0.29274 -0.17967 -0.05309 0.17977 0.25111 -0.26402 -0.13463 -0.25727 0.13273 -0.23395 0.09356 0.03724 -0.32318 0.07538 0.03969 -0.30715 -0.08132 0.16466 0.15025 -0.15927 -0.13711 0.18381 -0.08273 -0.22439 -0.09027 0.25902 -0.08279 -0.04475 0.06818 -0.15746 0.31387 -0.06641 0.17798
0.19437 0.12541 0.12342 -0.08035 0.17270 -0.05706 0.00738 0.03253 0.15490 -0.20631 -0.01963 0.05499 0.02129 -0.10082 0.22686 0.28460 -0.16686 0.01913 0.09344 -0.01078 -0.00545 -0.05679 -0.07976 -0.03468 -0.11151 0.15474 0.27013 -0.15654 0.01322 0.03171 0.22318 -0.03420 -0.11852 0.22050 -0.08283 -0.04919 0.14304 -0.36471 -0.10903 0.07333
-0.17755 -0.08804 0.30208 0.07415 0.21751 -0.25566 -0.12317 0.21728 -0.10900 -0.07413 0.23858 -0.00165 -0.05989 -0.18459 0.22981 0.07990 0.05868 -0.05961 -0.14370 -0.17859 0.00688 0.16105 0.15587 -0.10934 -0.06523 0.20835 -0.01935 -0.02642 0.32466 -0.23398 -0.08113 0.17288 0.09508 0.18439 0.32555 -0.43263 0.20674 -0.25466 0.22604 0.09034
0.08383 0.13825 -0.06612 0.17135 0.06960 0.03953 0.21620 0.16456 0.27436 0.17746 0.06080 0.10306 -0.14039 -0.04592 0.12718 -0.00181 -0.22348 0.00787 0.24113 -0.09729 -0.08000 0.08531 -0.34722 0.10513 0.20279 0.00903 -0.05495 -0.11909 -0.27547 -0.06084 0.15980 0.00637 -0.06984 -0.08034 0.31352 -0.09581 0.00894 0.13779 0.03699 -0.06116
0.23428 0.00172 -0.05621 0.10707 0.11241 0.16804 0.05732 -0.27974 -0.23375 0.06092 0.15987 -0.10863 -0.08292 0.04738 -0.02494 0.07612 -0.05966 -0.13922 -0.09798 -0.07322 -0.19860 0.16976 0.18292 0.14830 0.00335 -0.05421 0.01058 0.15869 -0.01190 0.13440 -0.11003 0.16106 -0.14031 -0.09930 -0.14112 0.21632 -0.24138 0.08081 0.08521 -0.10816
0.12619 -0.07808 -0.12747 0.15583 -0.06990 0.21521 -0.04460 -0.12978 -0.12181 -0.05953 0.12485 -0.01958 0.12667 0.21860 -0.16697 0.01794 -0.00143 -0.04258 0.07018 -0.01647 -0.20222 -0.21503 0.18592 0.02954 0.07403 -0.07693 -0.12486 0.24152 0.14205 -0.11050 -0.26489 -0.01580 -0.31939 -0.12089 -0.13144 0.23766 -0.21886 0.02976 0.03281 -0.06352
0.28424 0.04601 -0.04169 0.19960 0.08303 0.04051 -0.00248 -0.30812 -0.06606 0.04851 0.01417 -0.29040 -0.07459 0.18008 -0.17491 0.18059 -0.13729 -0.17202 0.08407 -0.10465 -0.12796 0.01020 0.03928 0.24978 -0.13716 -0.02973 0.12632 0.27905 0.15023 0.07945 -0.08584 0.02263 -0.20697 -0.11878 -0.03450 0.41546 -0.21484 0.04023 0.13628 0.01845
0.18593 0.03154 -0.18682 0.17789 -0.00442 0.15006 -0.11552 -0.15396 -0.14781 0.04991 0.09424 -0.14594 0.12317 0.30468 -0.13308 -0.17812 -0.00753 0.01305 0.01629 -0.11686 -0.14569 -0.11300 0.11671 0.02887 0.03153 0.00122 -0.03422 0.36902 0.06564 -0.02447 -0.11809 0.05177 -0.31049 0.04273 -0.29298 0.28324 -0.15187 -0.13298 0.04061 -0.03164
0.08169 -0.05928 -0.15190 0.15182 0.06011 0.25203 -0.03479 -0.17778 -0.20769 0.02332 0.03792 -0.02293 0.12381 0.25933 -0.17715 -0.14513 -0.08162 -0.02373 0.05897 -0.09655 -0.16745 -0.00963 0.17961 0.00603 -0.08265 -0.05431 0.00664 0.08824 -0.02987 -0.11384 -0.15513 -0.01234 -0.25281 0.01540 -0.20567 0.34417 -0.07241 0.02865 -0.05474 -0.00314
0.11673 0.03663 -0.23162 0.05536 0.03803 0.11908 0.07301 -0.28560 -0.05767 0.08952 -0.02140 -0.11262 0.07842 0.30174 -0.24525 0.02913 -0.10939 0.00341 -0.02012 0.14055 -0.18380 -0.05802 0.11009 0.20807 -0.13056 -0.12149 -0.00423 0.10861 0.04720 -0.02281 -0.21301 -0.11280 -0.23698 -0.11147 -0.20125 0.39287 -0.10915 -0.00115 -0.04010 -0.03961
0.12125 0.15024 -0.08486 0.10919 -0.02608 0.11936 0.10119 -0.29466 -0.04594 -0.08916 0.05150 -0.12227 -0.03484 0.22478 -0.15966 -0.00038 -0.09880 0.16782 0.01048 -0.06691 -0.11806 -0.06514 0.13314 0.17223 -0.01955 -0.12599 0.01692 0.11330 -0.04595 -0.11436 -0.10892 0.09792 -0.10269 -0.11349 -0.14491 0.32799 -0.17812 0.08789 0.10323 0.11834
0.06877 0.02028 -0.13137 -0.09842 -0.12268 -0.16053 0.01634 0.07169 -0.05749 0.08130 -0.12274 0.05222 0.03392 -0.07529 0.03352 0.20627 0.07048 -0.35064 0.16558 0.23142 -0.33719 -0.04793 -0.16098 0.03155 -0.12942 -0.12563 0.22261 0.01896 -0.30271 0.08644 0.02962 -0.05942 0.28167 0.18084 0.20714 -0.03306 0.03585 -0.23796 -0.09097 -0.13377
-0.14508 0.04075 0.25124 -0.09695 0.00838 -0.13625 -0.12773 0.07209 0.01683 -0.01606 -0.19565 0.12463 -0.13771 -0.02831 -0.06576 -0.16856 -0.20638 0.19226 -0.22713 0.03784 0.03040 0.29817 -0.11697 -0.02458 0.05643 0.17370 -0.20028 0.05528 -0.04384 -0.14466 -0.28472 -0.10375 0.28245 -0.21441 0.27357 0.07005 -0.07561 0.00058 -0.06763 0.11947
-0.16452 -0.27211 0.11718 0.00258 0.24750 0.15338 -0.18310 0.19049 -0.10328 0.27536 -0.08121 -0.33607 -0.22486 -0.27831 -0.01957 -0.03753 0.10905 -0.30286 0.15823 -0.26556 0.15847 -0.20184 -0.12563 -0.14802 0.15148 0.20556 -0.12768 -0.04576 -0.06342 0.21511 -0.07583 0.10176 -0.21873 0.28374 0.10263 -0.27351 0.15686 -0.05622 0.04258 -0.09968
-0.25937 0.15388 -0.03465 0.11718 -0.04122 0.12014 -0.13540 -0.00458 0.11350 -0.09415 -0.04790 0.14828 0.21039 -0.29388 -0.17441 -0.33981 -0.22392 0.33226 0.09075 -0.18122 -0.02351 -0.22455 0.13787 -0.14152 0.00811 0.10678 -0.19914 -0.19932 -0.08995 0.28804 0.25707 0.31074 0.09613 -0.18809 -0.08835 -0.22789 0.10647 0.20121 -0.06807 0.02757
-0.36855 -0.10785 0.14428 0.03325 0.07905 -0.21317 -0.05030 0.10865 0.18821 0.26969 0.00466 -0.11366 0.05233 -0.09765 0.05732 -0.15055 0.02435 -0.09433 -0.04147 -0.09373 0.02419 0.11053 0.11039 -0.09928 0.25587 0.06243 0.14601 -0.12552 -0.09256 0.08484 0.16996 -0.20583 0.23859 -0.04481 0.28536 -0.18307 -0.24590 0.01865 -0.16144 -0.17541
0.13433 0.24662 0.19256 -0.17755 0.15579 0.08038 -0.12171 -0.15907 0.02075 0.12139 -0.13207 0.00427 0.06504 -0.23721 0.06276 -0.20554 -0.19115 -0.22174 -0.20935 -0.09595 -0.05815 0.11550 -0.22703 0.19196 0.00598 0.01822 0.03753 0.06097 -0.22728 0.03447 0.01957 -0.00098 0.11979 -0.03384 0.03384 0.15302 0.07182 -0.03232 0.30609 0.02945
0.01320 -0.02650 0.01494 0.05414 0.15140 -0.13780 -0.30031 0.01876 0.00772 -0.36523 -0.21225 0.15358 -0.06625 -0.04300 0.02714 -0.15027 -0.02661 0.23674 -0.13554 -0.29776 -0.07375 0.19463 -0.09373 -0.00476 0.07481 0.16502 -0.18656 -0.32464 0.02981 0.16576 0.09330 -0.15853 -0.03320 -0.16090 0.02931 -0.20819 -0.00220 -0.35927 -0.14591 -0.06298
-0.00222 0.01698 0.04412 0.08995 0.07495 -0.15180 -0.04946 -0.17074 0.05320 0.00800 -0.10651 0.08896 -0.23816 0.02581 0.23298 -0.19831 0.19872 0.28582 -0.10450 -0.20954 0.16971 0.14425 -0.06821 -0.16450 0.08248 0.02620 0.10524 -0.19986 0.15602 -0.19941 -0.00558 -0.06962 -0.05864 -0.02053 -0.12479 -0.05616 0.16906 -0.14292 -0.02735 -0.24123
0.25971 0.01825 -0.18167 0.27677 -0.04791 0.38148 0.01901 -0.07137 -0.17767 -0.11687 0.04254 -0.08764 -0.02112 0.33602 -0.16687 0.01616 -0.17526 -0.15049 -0.14809 -0.09933 -0.28240 -0.12620 0.12581 0.14274 0.05671 0.04514 -0.00910 0.24534 0.07602 0.02382 -0.17283 0.05696 -0.35440 -0.16997 -0.22115 0.24904 -0.10572 0.06838 0.00258 -0.04585
-0.07583 -0.13498 0.11825 -0.16920 0.07206 0.03852 0.13743 0.17051 0.05242 0.03962 -0.16633 0.16067 -0.06637 -0.31554 0.04581 -0.01767 -0.17783 0.24499 -0.14520 0.07231 0.10502 -0.12108 -0.08648 -0.11984 -0.08897 -0.10651 -0.02265 0.03278 -0.02913 0.00426 -0.06849 -0.22271 0.13998 -0.12725 0.07295 -0.15372 -0.03431 0.02401 -0.12042 -0.11380
-0.27082 0.14629 -0.03675 0.18389 -0.01837 0.17025 -0.21757 0.11358 0.28418 0.05444 0.21208 0.18720 0.13894 -0.11465 0.21218 0.16868 0.09385 0.00797 -0.15058 -0.14428 0.20955 -0.08363 0.23243 -0.25165 0.11224 0.02353 -0.23838 0.22900 -0.07685 0.18104 0.22383 -0.17345 -0.05500 0.00523 -0.23411 -0.03744 0.18369 0.15224 0.32174 0.16647
-0.06011 0.09840 0.08763 0.00562 0.09563 -0.07295 0.12288 0.13312 0.16805 0.00460 0.13661 -0.05706 0.02939 -0.05420 -0.00612 -0.19838 -0.02495 0.29073 -0.25763 0.11365 0.10085 0.20602 -0.24729 -0.31655 0.01128 -0.05200 0.11865 -0.23659 -0.01803 -0.00458 -0.24948 -0.04087 0.11297 0.21023 -0.02596 0.23211 -0.19180 -0.14636 0.11103 -0.09379
0.17965 -0.17390 0.02135 0.28679 0.01310 0.19505 0.08401 -0.07312 -0.07148 -0.00415 0.01887 -0.14486 0.23398 0.28869 -0.17609 -0.01893 -0.13509 0.08093 -0.13500 -0.16103 -0.23021 -0.18299 0.09254 -0.04555 0.21934 0.10727 0.04528 0.25871 0.08990 0.06867 -0.08280 0.21007 -0.22187 -0.03257 -0.14290 0.40996 -0.07387 0.04870 -0.05892 -0.15872
-0.18119 0.14619 -0.00126 -0.06959 -0.20134 -0.10160 0.17583 0.21239 0.01091 0.21790 0.13870 -0.09622 0.24169 -0.35585 0.14923 -0.08541 0.05455 -0.02045 -0.33490 0.00280 0.19166 0.09373 0.02751 -0.01302 0.07164 0.18930 -0.08005 -0.06080 -0.00777 -0.13381 0.30788 -0.06086 -0.03663 0.21351 0.22332 0.02662 0.06254 -0.00908 0.07639 0.09836
-0.01421 0.10732 0.11790 0.01740 0.11125 -0.12548 0.05132 0.10877 0.24566 -0.04318 0.09276 -0.12640 -0.00792 -0.04680 0.00475 -0.23993 -0.05377 0.28159 -0.23063 0.07552 0.13151 0.25471 -0.31254 -0.28350 0.02486 -0.02794 0.05457 -0.21709 0.03849 0.09582 -0.25711 0.02054 0.01868 0.20395 0.03004 0.24655 -0.20290 -0.16378 0.07202 -0.09315
-0.02388 0.24947 0.34007 0.12136 -0.22053 -0.04818 0.03174 -0.11081 -0.04599 -0.08563 0.20314 -0.11181 -0.28479 -0.35171 -0.18468 0.28403 0.12263 -0.23009 0.06197 -0.28753 0.02319 0.09102 -0.13020 -0.29627 -0.00518 -0.03617 0.19414 -0.21913 -0.17892 -0.09625 0.33675 0.20751 0.00710 -0.06533 0.05148 -0.15861 -0.06352 0.22871 0.25054 0.09705
0.25312 0.12492 -0.11252 0.20606 -0.04696 0.17417 0.05106 -0.27138 -0.11260 -0.13931 0.09531 -0.12810 0.00948 0.18450 -0.13855 0.12587 -0.04467 -0.04771 0.04753 -0.08567 -0.18756 -0.08127 0.10318 0.22977 -0.00968 -0.05456 0.04147 0.04728 0.03904 0.05987 -0.10322 -0.04350 -0.21021 -0.11245 -0.17095 0.38536 -0.10049 0.04215 0.11130 0.01815
-0.21579 0.17784 0.09614 -0.01111 -0.25344 -0.08862 0.16282 0.23919 0.05515 0.19337 0.05266 -0.09873 0.19907 -0.36743 0.09618 -0.00224 -0.02663 -0.00704 -0.35494 0.05390 0.09758 0.14071 -0.08667 0.04675 0.11938 0.12934 -0.04484 -0.02001 0.01602 -0.20686 0.23990 -0.11929 0.04803 0.19465 0.27510 -0.10589 -0.00526 0.04337 0.04499 0.08376
0.02781 0.01253 -0.04735 0.07889 0.18256 -0.08326 -0.25304 -0.04034 -0.04996 -0.22266 -0.14123 0.08833 -0.09922 -0.08458 0.01744 -0.16253 0.06987 0.11472 -0.10530 -0.22684 -0.07343 0.19378 -0.14574 -0.01640 -0.04132 0.18500 -0.04788 -0.25028 -0.02945 0.19381 0.16311 -0.11998 -0.02889 -0.08553 -0.04374 -0.09239 -0.01929 -0.34123 -0.10873 -0.06459
-0.22774 -0.12407 -0.18826 -0.17007 -0.13121 0.01190 -0.01467 -0.24605 0.24301 0.09402 -0.01104 0.29441 0.07306 -0.06421 0.21477 -0.06954 -0.09327 0.19326 0.12227 -0.03876 0.34522 -0.01922 -0.11792 -0.00919 0.23217 -0.06423 -0.17734 0.02194 -0.17884 0.00539 0.11060 -0.17429 -0.02139 0.30566 -0.25970 -0.19438 0.20542 0.13981 0.04894 0.20605
0.15199 0.02519 -0.03309 0.14879 -0.03177 0.27474 0.12417 -0.25488 -0.06659 -0.01045 0.05540 -0.06539 -0.00166 0.31884 -0.17930 -0.03175 -0.16252 -0.15037 0.08001 0.00387 -0.24404 -0.04867 0.05394 0.10056 0.08250 -0.05571 -0.02003 0.05734 0.05486 -0.08248 -0.05781 -0.05711 -0.14239 -0.06071 -0.11871 0.29952 -0.23310 -0.04839 -0.04219 -0.02892
0.07398 -0.16544 -0.16676 -0.19009 -0.19468 -0.02998 0.00767 -0.02175 -0.22850 -0.08685 -0.03821 0.14190 -0.08860 -0.21262 0.12211 0.19315 -0.00388 -0.29391 0.13646 0.21388 -0.33049 -0.04641 -0.11510 -0.04147 -0.22199 -0.14857 0.21676 0.03271 -0.26085 -0.06343 -0.08648 -0.00006 0.23249 0.22068 0.12412 -0.12601 0.13846 -0.27053 -0.08674 -0.06677
-0.11110 0.13351 0.15498 -0.23813 0.23451 -0.20725 0.08528 -0.00988 -0.26006 -0.17728 -0.05506 -0.07385 0.15274 0.11917 0.22541 -0.30260 -0.08125 0.04932 0.12635 -0.08362 -0.09358 0.11103 -0.14133 -0.18502 -0.12345 0.05041 0.03981 -0.23716 -0.07130 -0.18051 -0.04510 -0.13057 0.19169 0.20340 -0.18504 -0.03597 0.11042 0.08201 0.20962 -0.08239
