0.07726 -0.02735 0.07659 0.17298 0.12541 0.07447 0.15631 -0.08647 0.04638 -0.06728 0.16117 0.11569 0.30086 -0.40983 -0.00732 0.10490 0.05659 -0.12217 -0.07267 0.03011 -0.33954 0.06738 -0.04030 -0.17122 0.04094 -0.02177 -0.03390 -0.14771 0.24936 0.18329 -0.12880 -0.12359 0.02466 -0.09631 0.02577 0.25663 0.04245 0.16410 0.01812 0.23849
0.09415 0.10357 0.07500 0.10951 0.18056 0.06482 0.06244 -0.00305 0.00789 -0.11761 0.22092 0.00888 0.35106 -0.40860 -0.11003 0.04486 0.14037 -0.05452 -0.00662 0.09427 -0.27806 0.06188 0.03477 -0.12029 0.06135 -0.00219 -0.02686 -0.16560 0.30702 0.26228 -0.05695 -0.16213 -0.02225 -0.06737 0.09369 0.27326 0.07356 0.22890 0.08653 0.18140
0.04451 0.04428 -0.00627 0.20501 0.11764 0.08648 0.28653 -0.10555 0.12479 -0.15148 0.31190 0.12987 0.22665 -0.31044 0.02035 -0.00758 0.09919 -0.01857 -0.10335 0.02989 -0.42034 0.03446 0.05762 0.04005 -0.14464 -0.27235 -0.06330 -0.07991 0.07436 0.20677 -0.10660 -0.04003 -0.01172 0.09272 0.01640 0.17351 0.02475 0.06268 0.06257 0.34401
-0.05647 0.14548 0.04875 -0.16753 -0.17596 0.02486 -0.18075 -0.12601 0.23487 0.18581 0.06982 -0.13421 -0.00373 0.13828 0.09363 0.08212 -0.22658 0.18222 0.08328 -0.00568 0.13300 0.15830 -0.06155 0.12589 -0.20034 0.03058 0.01014 0.06682 -0.13852 -0.04233 0.36830 -0.07553 0.14657 -0.29007 -0.15487 0.02014 0.03303 -0.31290 0.16285 0.03932
-0.02992 -0.28976 -0.02500 0.08198 0.20202 0.07009 -0.06888 -0.11234 0.11285 -0.09650 0.09724 0.13002 0.07394 -0.12944 0.17975 -0.18024 -0.04274 0.06425 0.19624 0.20238 -0.21625 -0.22729 -0.27200 -0.08593 0.01845 -0.08349 0.13597 -0.24307 -0.06025 0.01464 -0.24095 0.26061 0.17311 0.10584 0.18595 -0.19122 0.23555 0.15246 -0.16505 -0.19677
-0.17036 0.06063 -0.13740 -0.24172 -0.17423 0.24057 0.02169 -0.07147 0.19915 0.09211 0.11666 -0.01414 -0.06609 0.16575 0.27105 0.07534 -0.23086 0.19472 0.04670 0.02371 0.21246 0.16468 -0.01995 0.11132 -0.04971 0.12995 0.13860 0.23094 -0.13104 -0.11747 0.32324 0.02214 0.09256 -0.19864 -0.18014 -0.00529 0.08607 -0.33117 -0.02104 0.07954
-0.13842 0.24806 -0.05852 0.03938 -0.18477 0.10895 0.06605 -0.03440 0.23343 -0.20074 0.11292 -0.20094 -0.09889 0.29456 0.30201 0.14808 -0.20473 -0.11370 0.11310 -0.19716 0.15030 0.30226 0.05998 0.16457 -0.08289 -0.27667 -0.12175 0.06963 0.07105 -0.01641 0.16188 0.13152 0.19467 -0.19298 -0.17634 0.05182 0.04791 -0.25870 0.23628 -0.12322
0.04213 0.12816 0.10434 -0.02173 0.34502 -0.10700 -0.15372 0.36778 -0.05702 0.05789 0.02656 -0.06893 -0.17950 -0.02266 -0.21316 0.07604 0.02811 0.17825 -0.09593 -0.04719 0.06990 0.20739 -0.14270 0.34367 0.14163 -0.01847 -0.16718 -0.02193 -0.08461 -0.01545 0.00342 -0.08264 -0.00484 0.17511 0.16489 0.03251 -0.20617 0.06240 -0.23396 -0.05235
-0.13614 -0.01244 -0.09231 -0.21955 -0.17153 0.11435 -0.00315 -0.02619 0.08393 -0.00885 0.09987 -0.19046 -0.06786 0.30652 0.16289 -0.02662 -0.29443 0.23593 0.01343 -0.11777 0.24988 0.21982 -0.19849 0.06719 -0.10960 0.09499 0.12186 0.16402 -0.10405 -0.00819 0.41317 0.06402 0.12360 -0.15241 -0.25087 0.06181 -0.05080 -0.22087 0.10848 -0.04386
-0.05623 -0.05304 -0.16633 -0.19952 -0.10185 0.21444 -0.11709 0.02532 0.19485 0.01292 0.04440 0.02229 -0.10186 0.28539 0.23237 -0.01029 -0.20991 0.14730 0.13319 -0.06395 0.09594 0.13477 -0.06552 -0.03411 -0.15319 -0.11870 -0.05708 0.12434 -0.15601 -0.11344 0.37600 0.04130 0.17535 -0.06357 -0.07406 0.06527 0.07725 -0.26453 0.14061 0.12060
0.07293 -0.14829 0.07132 -0.17023 0.16578 -0.03665 -0.07393 -0.04196 -0.14040 -0.07063 -0.16792 0.08967 -0.05820 -0.25311 -0.05932 0.03908 0.10123 -0.00460 -0.01412 0.02473 -0.31322 -0.28128 0.02940 -0.38827 0.00586 0.15591 -0.26755 -0.04466 0.26196 0.30343 -0.06573 0.07529 0.00853 -0.02776 0.10502 0.01260 0.16399 0.13083 -0.15611 0.19008
-0.01633 -0.22376 -0.13650 0.12662 0.14187 -0.04433 0.12080 -0.06014 -0.02819 -0.04905 0.02747 -0.10448 0.18491 -0.30295 0.03584 -0.00107 0.02910 -0.26044 -0.18251 -0.09594 -0.32449 -0.02894 -0.23441 -0.18951 0.13882 0.08554 -0.09413 -0.20660 0.05976 -0.01444 -0.09284 -0.19361 -0.01855 -0.11241 0.21010 0.36632 0.31549 -0.07957 -0.20480 0.22443
0.04582 -0.07908 -0.02038 0.20783 0.22332 0.11778 0.28515 -0.04221 -0.04032 -0.05692 0.24889 0.07203 0.30688 -0.41310 -0.00903 0.05902 -0.01383 -0.16649 -0.00356 0.01389 -0.32584 0.15208 0.04383 -0.14589 -0.06198 -0.00447 -0.11535 -0.01442 0.22892 0.17499 -0.13938 0.00271 -0.01811 -0.21151 0.01546 0.21242 0.00163 0.15863 0.13764 0.21221
-0.19575 -0.10191 0.02504 0.29867 -0.02281 0.06124 -0.08713 -0.11597 0.04090 0.14108 -0.14384 0.08934 0.00756 -0.06604 -0.11617 0.16506 0.25443 -0.10562 0.17122 0.30146 -0.02323 -0.09121 -0.08744 -0.00888 0.08828 0.04198 0.43225 0.01071 0.03318 0.17832 -0.13001 -0.34382 0.03448 0.23388 0.05278 0.01790 0.38837 0.07621 0.06863 -0.17910
0.24078 -0.22765 0.09132 0.19959 0.14751 -0.19866 0.18716 0.14668 -0.08419 0.27166 -0.11748 0.14486 -0.34225 -0.17066 -0.06949 0.19981 0.26368 0.28433 0.12350 0.22856 0.33388 -0.07460 0.06944 -0.22320 0.29154 -0.13397 0.37774 0.30022 -0.04332 0.01556 -0.21140 -0.26879 -0.10108 0.22745 0.31154 0.18727 0.32334 -0.30191 0.13929 -0.29973
0.13659 -0.01930 -0.01612 -0.02928 0.00910 -0.05114 0.08130 0.01258 0.22914 -0.06394 -0.04492 0.22550 0.24251 -0.19368 -0.09335 0.08714 0.24534 -0.11578 -0.00187 0.18012 0.20229 0.09388 -0.01863 -0.17689 0.20347 0.08970 0.01990 -0.23850 0.00373 0.15553 -0.26392 0.19755 -0.01810 0.08891 0.08546 0.09640 0.13209 0.34173 -0.22800 0.22871
-0.14478 -0.08054 0.06974 0.21518 0.02238 -0.02142 -0.11642 -0.15706 0.06055 0.09209 -0.09838 0.01154 0.06053 -0.23548 -0.01606 0.26526 0.12788 -0.16253 0.05165 0.18612 -0.14411 -0.02231 -0.09075 -0.04488 0.04093 0.08635 0.23706 -0.02982 0.04943 0.23921 -0.08068 -0.36617 0.07160 0.13887 0.04461 0.18993 0.38101 0.10125 0.05135 -0.05264
-0.03175 0.00256 0.03679 -0.31800 0.05906 -0.00604 -0.14182 -0.00972 -0.18427 0.01897 -0.22042 0.09541 -0.21243 0.07291 -0.09317 0.03512 -0.02090 0.06073 -0.06682 0.12785 -0.13293 -0.41437 -0.05523 -0.30591 -0.02229 0.06591 -0.26507 0.02130 0.21883 0.17868 0.18088 0.11577 -0.08384 0.17998 0.09588 -0.11985 -0.00168 0.02969 -0.24584 0.10823
-0.12950 -0.06467 -0.00961 -0.07233 -0.00448 -0.00883 0.01810 0.06203 0.13835 -0.07613 0.00081 0.04015 -0.02674 0.05724 0.27582 0.03740 -0.16002 0.11236 0.18868 -0.04814 0.19572 0.04421 -0.20223 0.14208 -0.20022 -0.02588 0.17792 0.03265 -0.18472 -0.19555 0.30258 0.02616 0.00077 0.02897 -0.12329 0.12115 0.02210 -0.28357 0.09049 -0.13785
0.02113 0.17085 -0.16730 -0.10973 -0.19094 0.07073 0.02058 -0.11985 0.20196 0.12741 0.18922 -0.19020 -0.02397 0.15205 0.14581 0.08168 -0.30069 0.19314 0.04672 -0.11586 0.17424 0.06510 -0.15322 0.02369 -0.05776 0.12010 -0.00384 0.19795 -0.15827 0.05848 0.43867 -0.13588 -0.00866 -0.17486 -0.22046 0.08586 -0.00772 -0.32369 0.03816 -0.09295
0.00659 0.11530 -0.15792 -0.06234 -0.28124 0.11875 -0.13898 0.08494 0.22896 0.12456 0.05589 -0.07853 0.01349 0.25663 0.02598 0.01986 -0.21207 0.09936 0.03720 -0.05253 0.27778 0.22238 -0.12152 0.18556 -0.17408 0.03233 -0.00641 0.08846 -0.12079 -0.02018 0.38156 0.05944 0.01999 -0.14757 -0.08360 -0.03892 -0.09533 -0.34020 0.08892 -0.12148
-0.12455 0.13683 -0.03842 0.04260 0.22611 0.18572 -0.03865 0.08774 -0.05503 0.16847 0.17779 -0.06015 -0.30050 0.10691 0.07021 0.01691 -0.24451 -0.05313 -0.08870 0.26288 -0.04560 0.07717 0.08013 0.27514 0.08244 -0.04470 0.19834 0.12374 -0.22523 0.08931 -0.09315 0.00164 0.25644 -0.18905 -0.16061 -0.12341 -0.15018 0.00367 0.07536 0.25896
0.08553 0.21123 0.10491 -0.01440 0.43773 -0.18405 -0.15561 0.41687 -0.06373 0.08974 -0.00031 -0.11913 -0.14287 -0.03613 -0.25717 0.09852 0.03918 0.15887 -0.04571 -0.04256 0.00621 0.24135 -0.18237 0.39998 0.17233 0.01870 -0.23408 -0.05756 -0.03562 -0.00447 0.00557 -0.10012 -0.03599 0.20279 0.13758 0.03282 -0.27342 0.07201 -0.24136 -0.06681
-0.21348 -0.08191 -0.00856 -0.09878 -0.07319 -0.02077 -0.12556 -0.01686 0.29285 0.06856 0.03419 -0.12875 -0.16436 0.17051 0.29695 0.00006 -0.26728 0.22853 0.13276 -0.02707 0.07453 0.22215 -0.07407 0.03829 -0.13666 0.17495 0.25994 0.24365 -0.15553 -0.01882 0.41282 0.01077 0.14692 0.07915 -0.25454 0.09562 -0.03570 -0.27724 0.07576 -0.08412
-0.00342 -0.19557 -0.11652 0.16617 0.05125 0.01888 0.07309 -0.00135 0.02426 -0.00033 -0.07396 -0.00003 0.23751 -0.29775 0.02738 0.19034 0.07108 -0.26705 -0.12489 -0.02666 -0.20732 0.15737 -0.02728 -0.15509 0.01316 0.07207 -0.16064 -0.12175 -0.05359 0.29533 -0.18610 -0.03588 0.13299 -0.20485 0.03656 0.21538 0.09322 0.17091 0.07032 -0.02200
-0.17715 0.10274 -0.01471 -0.08624 -0.06704 0.03433 -0.00896 0.08073 0.25091 0.16449 0.06076 -0.16064 -0.08478 0.13257 0.20676 -0.01002 -0.20109 0.20419 0.17142 0.05761 0.31393 0.29537 -0.00246 0.19392 -0.07163 -0.06152 -0.04555 0.05433 -0.19379 -0.01451 0.33147 -0.04767 0.03328 -0.20126 -0.17687 0.06046 -0.06416 -0.24644 0.21262 0.01883
-0.11323 0.18247 -0.13452 0.01409 -0.22507 0.12655 0.02252 -0.04564 0.35691 0.29908 0.16513 -0.19958 -0.03787 0.03966 0.19398 -0.02401 -0.28942 0.20702 -0.03239 -0.17465 0.05891 0.11932 -0.15655 0.02267 -0.26013 0.16617 0.09252 0.05154 -0.26594 -0.10847 0.19157 0.05617 0.12112 -0.05945 -0.24885 0.10354 0.01413 -0.18184 -0.04045 0.08249
0.20136 0.24545 -0.06299 0.07717 0.13879 0.18384 -0.22407 0.00200 -0.09453 0.24459 0.08477 -0.13319 0.13244 -0.02630 0.01045 -0.15840 -0.11204 -0.00795 0.04349 -0.12668 -0.09617 -0.21321 0.25332 -0.31457 -0.14247 0.18253 -0.13064 0.32912 -0.38191 0.27943 -0.24086 0.13335 -0.15084 -0.08030 -0.02101 0.09582 0.17353 -0.23707 0.03666 -0.04597
-0.05753 -0.17659 -0.00589 0.03666 0.12402 -0.17092 0.01008 0.10930 -0.06670 -0.08395 -0.08592 -0.12446 0.13939 -0.23954 0.20755 0.10041 0.27077 -0.17612 0.07701 -0.11994 -0.22146 0.20365 -0.03512 0.02854 0.17367 0.22251 -0.03731 -0.06932 0.14897 0.01563 -0.13065 -0.20065 0.05632 -0.37306 -0.04096 0.19441 0.07328 0.12369 -0.00866 -0.13236
0.03141 0.24023 -0.07184 -0.00810 -0.26719 -0.25607 0.17340 -0.13604 -0.22990 -0.02660 -0.14037 0.02018 -0.10375 0.04475 0.10383 0.00710 0.11386 -0.14802 0.01435 -0.18985 0.15728 0.18654 0.06776 0.05666 -0.23229 0.02986 0.02384 -0.02505 -0.22781 -0.15302 -0.33078 0.14767 0.06851 0.25657 0.06605 -0.26161 -0.15884 0.35748 0.02797 -0.18149
0.22777 -0.10162 -0.20685 0.10608 -0.29025 -0.11794 -0.06043 0.16894 -0.21055 -0.24168 0.08873 0.06891 -0.28064 0.17209 -0.28492 -0.21945 0.00744 -0.27046 0.17131 -0.28703 0.24160 0.24170 0.08147 -0.14061 0.09557 0.08571 0.01463 0.04947 -0.10241 -0.21337 0.05028 0.17267 0.06380 0.25225 0.26792 0.00370 -0.22310 -0.12700 -0.11043 -0.22136
0.23233 -0.20509 0.27938 0.01386 -0.23530 0.10025 -0.01212 -0.01465 0.07353 -0.20162 -0.14381 -0.11952 -0.16494 0.00835 -0.26243 -0.24245 0.13419 -0.24618 -0.10021 -0.28993 -0.14289 -0.04629 0.09443 -0.15255 0.01150 0.11665 -0.03865 -0.03314 -0.14896 -0.06173 -0.12857 0.08618 0.17899 0.29970 0.01237 -0.39637 -0.01119 -0.02179 0.03212 0.03686
0.21651 -0.00346 -0.06020 0.03215 0.09220 -0.18704 0.21908 -0.07613 0.20400 0.05906 -0.15432 -0.03308 -0.17886 -0.07142 0.00527 -0.21611 0.19660 -0.10044 0.10728 -0.28297 -0.11529 0.13191 0.10172 0.20922 -0.08731 0.07607 0.18514 0.04228 -0.04190 -0.03918 -0.16299 -0.11915 0.22406 0.12879 0.14031 0.00955 -0.18717 0.26824 -0.20210 -0.24824
0.27355 -0.27848 0.06426 0.00279 0.02718 -0.15929 -0.15151 -0.04113 0.09071 -0.23269 -0.27201 0.25031 -0.09475 -0.00142 0.17642 -0.30526 0.32401 0.08342 0.16039 -0.28860 0.01966 -0.09179 0.21707 0.05029 -0.03345 0.08684 0.00931 -0.15194 -0.03736 -0.21685 -0.36565 -0.05420 0.21505 0.28053 -0.08640 -0.36304 -0.05894 0.19572 -0.02811 0.04416
-0.02921 -0.19393 -0.21743 0.11025 0.06609 -0.00993 0.12728 0.04773 0.08231 0.03818 0.01809 -0.12143 0.12429 -0.25020 0.06803 0.01046 0.07422 -0.20226 -0.15158 -0.07064 -0.20922 -0.02778 -0.23991 -0.15255 0.12521 0.00439 -0.11537 -0.23532 0.00803 -0.02709 -0.06504 -0.19050 0.07999 -0.09404 0.16279 0.37798 0.30050 -0.02235 -0.15546 0.16337
-0.12436 0.08365 -0.05413 -0.06211 -0.09488 0.11736 0.05014 -0.16456 0.32020 -0.06268 0.07108 -0.08300 0.11389 -0.14808 0.27617 0.11697 -0.18538 0.06996 -0.07917 -0.06699 -0.08974 0.22697 -0.07702 0.06644 -0.04882 0.08713 -0.10795 0.03200 -0.02077 0.18753 0.25236 -0.12519 0.10247 -0.23037 -0.17735 0.23791 0.07564 -0.06902 0.02944 0.12782
0.01229 0.00148 0.10863 0.13920 0.13040 0.05614 0.10507 -0.11161 0.02125 -0.14238 0.15698 0.04094 0.40818 -0.46975 -0.03883 0.12045 0.12444 -0.18624 -0.11464 -0.01737 -0.29306 0.09111 0.09495 -0.04980 -0.01454 -0.07683 -0.07101 -0.09836 0.17120 0.12528 -0.09909 -0.17278 0.06348 -0.18011 0.02565 0.25380 0.02188 0.15905 0.09423 0.24877
-0.03514 -0.03964 -0.06411 -0.31353 0.08284 0.04692 -0.11037 0.06657 -0.22244 -0.06014 -0.20194 0.12928 -0.17906 0.07633 -0.17136 -0.01262 0.17681 0.07262 -0.01067 0.03756 -0.11583 -0.39686 -0.02548 -0.33347 0.00478 0.15481 -0.20147 0.05640 0.19371 0.15423 0.03365 0.17237 -0.06592 0.11838 0.13751 -0.14940 0.12955 0.06342 -0.21880 0.09102
-0.11291 0.00337 0.21820 0.21264 0.22055 -0.20336 -0.20483 -0.12912 -0.24308 0.15020 -0.07020 0.13262 -0.25487 -0.29744 0.00993 -0.01473 -0.06179 0.23900 0.08908 -0.04732 0.19175 0.13042 0.14516 -0.00446 0.01072 -0.22527 -0.10330 0.19132 0.29321 0.14731 -0.29671 -0.06627 -0.13463 -0.01243 -0.14787 0.25216 -0.12025 -0.24953 -0.20848 -0.40408
-0.01801 -0.04754 0.01414 -0.27467 0.09476 -0.06619 -0.08146 -0.01600 -0.23685 -0.02692 -0.16964 0.05349 -0.21324 0.04188 -0.10977 0.01344 0.12608 0.14832 -0.02965 0.13098 -0.10435 -0.40806 -0.05602 -0.31818 0.00597 0.16820 -0.13838 0.01336 0.14944 0.17497 0.06818 0.17233 -0.07292 0.17700 0.10768 -0.17277 0.10963 0.05656 -0.19818 0.03484
