-0.02762 -0.05515 0.14069 0.13386 0.00233 -0.20035 -0.10536 0.16046 -0.19139 -0.12989 0.04097 -0.28720 -0.32055 -0.31207 -0.08345 -0.10833 -0.11575 0.00378 -0.00302 0.01366 -0.19852 0.19256 0.00978 0.06096 -0.27125 0.25820 0.16098 0.14915 0.12414 0.14067 -0.25886 -0.08031 -0.16771 0.13664 -0.03617 0.25818 -0.18598 -0.06359 -0.04699 -0.21406
-0.30274 0.21928 0.08544 -0.01541 -0.00214 0.08063 0.32425 -0.09937 -0.00228 -0.30126 -0.01893 0.07651 -0.03686 -0.38329 0.33090 0.13966 0.17317 -0.32330 0.19939 0.35712 -0.15223 -0.09883 -0.19108 -0.30924 0.07741 -0.26539 -0.14808 -0.23310 0.22766 -0.17658 0.29301 -0.24849 0.19683 0.35811 0.37845 0.22013 -0.34229 0.22532 -0.32699 -0.01626
-0.21014 -0.36292 0.29737 -0.19986 -0.10592 -0.24932 -0.12087 -0.10290 -0.07232 -0.35355 -0.36957 0.41583 -0.14614 -0.30487 -0.30696 0.39333 -0.03453 0.45163 -0.05097 0.27667 0.30376 0.11112 -0.04009 0.01325 -0.29636 -0.19670 -0.39368 -0.13284 0.03416 0.18415 -0.14585 -0.17227 0.21513 -0.09962 0.19597 0.13049 0.06616 0.31009 0.04288 0.15582
-0.12417 0.12421 0.15945 -0.21016 -0.18954 -0.02413 -0.03838 0.15230 0.11054 0.20431 0.00122 -0.09878 -0.08026 -0.23903 -0.02573 -0.16281 -0.20477 0.07758 0.05726 0.02050 -0.01152 0.27079 0.23081 0.07351 0.07741 0.14728 -0.13708 0.24005 -0.43250 0.17239 -0.01538 -0.00928 -0.11246 -0.01423 0.23211 0.30341 0.22957 0.11883 -0.20120 0.09471
0.08095 -0.03602 0.29338 -0.06583 -0.00739 0.17054 0.19947 -0.05890 0.11197 -0.08797 0.01388 0.33746 -0.29256 0.17751 0.22141 -0.04545 0.17457 0.04816 -0.23707 -0.09881 0.35170 0.10832 -0.10149 0.24976 -0.22075 -0.11120 -0.13295 -0.07457 -0.21025 -0.13450 0.22319 0.21011 -0.28757 -0.09172 0.10749 0.05969 -0.29885 -0.14894 0.16414 -0.03866
0.10650 -0.03125 0.10766 -0.20936 -0.13807 0.05579 -0.02424 -0.00130 0.08836 0.07813 0.30681 0.12007 0.20896 0.20444 -0.11424 -0.00868 0.28686 -0.04693 0.31431 0.08897 0.17885 0.26645 -0.20671 -0.04471 -0.00941 0.13327 -0.04820 -0.25926 0.16071 -0.12752 0.18818 -0.24265 0.24732 -0.02058 -0.00693 0.28831 0.22130 -0.00175 -0.25448 -0.20368
0.10841 -0.35481 0.01425 -0.00704 0.09215 0.27460 0.09610 0.04330 0.13448 0.20184 -0.14977 0.09928 -0.11320 -0.07665 0.22883 0.25387 0.07906 -0.13306 0.09481 -0.23416 0.09241 -0.29060 0.21786 -0.06781 -0.22183 0.12624 0.10631 -0.16040 -0.17841 -0.25707 -0.09517 0.03926 0.15667 -0.15726 -0.06665 0.13011 -0.12669 -0.04770 -0.30836 0.04965
-0.15700 -0.34314 0.25301 -0.03556 0.09230 0.01217 -0.00629 -0.07790 -0.07033 -0.04895 -0.07183 0.14033 -0.14950 0.07061 0.23002 0.33298 -0.05425 -0.23788 -0.03216 -0.27641 -0.15819 -0.27982 0.26980 -0.01996 -0.28963 -0.15366 -0.05566 -0.24394 0.15984 -0.06602 -0.20417 -0.07836 -0.22546 0.25336 0.22982 0.23395 -0.04551 -0.16583 -0.13141 0.36228
-0.06877 -0.20387 0.24876 -0.09196 0.07957 0.20600 -0.10135 -0.00087 0.04867 0.29901 -0.06193 0.30796 -0.03946 -0.06992 0.03740 0.01267 -0.06416 0.03064 -0.05496 -0.00020 0.19477 -0.00783 -0.00556 -0.04504 -0.02586 -0.12315 -0.26078 -0.02497 0.04199 0.17429 -0.16550 -0.07996 0.08525 -0.02504 -0.13075 0.12890 0.18876 -0.33873 0.02199 0.03080
-0.28332 -0.12911 0.28597 0.22022 0.13096 0.25592 -0.06597 -0.05080 0.09295 0.07960 -0.04575 0.05108 -0.16837 0.06993 0.01191 -0.28004 -0.04294 0.00222 -0.16449 -0.33937 -0.03485 0.08646 -0.07253 -0.20843 -0.14734 0.23950 -0.17531 0.08248 -0.30840 0.22774 0.09914 -0.08115 0.27063 -0.23192 0.26566 0.21931 0.07297 0.03230 0.12866 0.04080
-0.09824 -0.31575 -0.12934 -0.12264 -0.00427 0.29418 -0.39683 0.15989 -0.12635 -0.18982 -0.07509 0.31356 -0.13152 -0.18716 0.01649 -0.20408 0.26905 -0.41136 -0.23953 -0.04789 -0.22047 0.32063 0.10355 0.30516 -0.17383 -0.25475 0.09821 -0.24634 0.33429 -0.21351 -0.20134 0.29776 0.01977 -0.33178 -0.12197 0.28351 0.35248 -0.01379 -0.08259 0.01072
-0.01079 0.16886 0.22280 0.22311 -0.23644 -0.11553 -0.20539 0.24818 0.16187 0.09431 -0.12973 -0.21844 -0.30994 -0.08140 -0.11092 -0.17087 0.23464 -0.31122 0.24386 0.01234 0.21988 0.14533 -0.24692 -0.27807 -0.20672 0.20664 -0.33141 -0.11568 -0.14519 -0.27712 -0.27192 -0.31294 -0.04949 -0.11297 0.14430 -0.27698 -0.15389 -0.25946 0.22032 0.31191
0.16597 0.00944 0.25274 -0.32893 0.11212 -0.20050 -0.22897 0.01471 -0.17525 -0.16511 -0.13983 0.33990 0.10315 -0.16428 0.17753 0.09817 0.22819 0.27606 0.32612 -0.07660 0.07770 0.14840 0.13952 -0.11315 -0.10145 -0.13516 -0.08542 -0.04511 -0.10280 0.28506 -0.02857 -0.24800 0.05860 0.04153 -0.12900 0.05231 -0.13181 0.18402 0.20881 0.11752
-0.21224 0.05495 -0.03724 -0.09763 0.18829 -0.02181 -0.12955 0.08936 -0.00389 -0.06608 -0.06077 -0.14512 -0.02783 -0.22299 0.18841 0.01235 -0.08064 -0.06872 -0.19071 0.09549 0.32545 -0.28487 -0.29372 0.10491 0.01923 0.11771 0.01724 -0.27963 -0.20419 -0.07958 0.09771 0.06901 -0.02195 -0.20979 -0.15470 -0.29650 0.21142 0.22263 0.25683 0.22061
-0.03745 -0.08081 0.14405 -0.18318 0.21697 -0.00296 -0.15118 0.02700 0.00822 -0.01579 -0.07089 0.03993 0.16242 -0.18137 -0.04665 0.12361 0.16844 0.03012 0.11754 -0.09278 0.08940 0.22571 0.15119 -0.07597 -0.17063 -0.09891 -0.02780 0.26653 0.19866 -0.15498 -0.26795 -0.22665 -0.18323 -0.30849 -0.19448 0.11428 -0.03845 0.06036 0.15024 0.24309
-0.01062 -0.05419 0.21754 0.03061 -0.19658 -0.18656 -0.13964 0.10772 0.30973 0.11582 -0.05799 0.21390 0.07465 0.09843 -0.04414 0.08774 -0.30637 -0.26264 0.22773 0.09362 0.26129 -0.12804 0.23924 0.14315 -0.26717 -0.00209 0.02941 0.22239 0.03061 0.29408 -0.17067 0.07513 0.35675 0.10848 0.15950 0.21028 0.08301 -0.25301 -0.16353 -0.02514
0.18493 0.00208 -0.15050 0.01926 0.05262 -0.19509 -0.00372 -0.01742 -0.02708 -0.31901 -0.08288 -0.07512 0.06766 -0.23995 0.06977 -0.20474 -0.17716 0.06732 0.12320 0.32834 0.24457 -0.02414 0.02726 -0.00637 -0.22524 -0.34225 -0.17583 -0.10370 0.13083 0.06784 0.09588 0.14796 0.27092 -0.29115 -0.33675 -0.15595 -0.11736 0.07355 0.27666 0.07055
-0.27101 -0.07813 -0.14594 0.12543 -0.04848 -0.08670 -0.08263 -0.18790 0.21444 -0.10091 0.14676 0.07022 0.23994 -0.07845 0.10496 0.09053 -0.00669 -0.16912 -0.05562 0.24782 -0.08737 0.13754 0.37658 0.06233 -0.29527 0.11970 -0.20569 0.31369 0.12732 0.25901 -0.02983 0.25864 -0.18902 -0.03837 -0.21542 0.19250 -0.18401 -0.17689 -0.45629 0.26960
0.02036 -0.15017 0.03144 -0.01803 0.27978 0.09406 -0.08494 0.18410 0.08294 -0.00040 0.09496 -0.21437 0.18667 0.33074 0.24684 0.13389 -0.12027 0.04442 -0.25511 -0.00640 -0.04968 -0.12940 -0.06302 -0.06028 -0.15698 -0.17996 -0.30541 -0.19233 -0.26246 -0.01187 -0.10628 0.14749 0.13888 -0.21749 -0.13643 0.07279 -0.19955 0.30839 -0.07676 0.36631
-0.18038 -0.01648 0.03050 0.07447 -0.20776 0.04600 0.18800 -0.16197 0.21229 -0.17070 0.02099 -0.14641 0.23513 -0.28034 0.25825 -0.25302 -0.17253 -0.01108 0.05695 0.14159 0.26813 -0.15451 -0.14008 -0.11619 0.13226 0.09268 -0.19448 -0.22933 -0.24955 -0.08953 -0.25944 0.22625 0.06708 -0.17563 0.07668 -0.19181 0.12040 0.22374 0.00454 0.21507
-0.00067 0.09256 -0.33231 0.10317 0.03138 -0.14665 0.11109 -0.30840 0.06019 0.27376 -0.00271 0.08573 0.17326 0.25732 0.28244 0.20888 0.05362 0.07445 0.19511 0.08374 -0.23955 -0.34281 -0.05858 -0.18455 0.08079 0.07862 -0.26731 -0.16807 0.28391 0.30685 -0.02043 0.35741 0.34694 -0.04273 -0.21958 -0.33635 -0.04502 0.18329 -0.23567 -0.15850
0.21488 0.12460 -0.17738 0.10498 -0.26821 0.05277 0.07429 -0.16283 -0.09572 0.13555 0.24607 -0.03961 -0.04817 0.07336 0.26900 -0.22672 -0.01414 0.01962 -0.17967 -0.28659 0.13945 0.12146 -0.08250 -0.17727 0.04507 -0.06885 0.23373 0.21797 0.24727 0.16023 -0.26137 0.30401 0.10318 -0.47595 -0.09533 -0.26913 -0.32994 -0.05148 -0.03846 -0.24433
0.01153 -0.17023 -0.02299 -0.03497 -0.23051 0.19625 -0.02162 -0.09603 0.31237 0.14872 0.01345 0.30444 0.11052 0.15296 -0.12000 0.25285 0.17177 0.21784 -0.20833 -0.15731 0.25914 0.22092 0.08503 0.10847 0.12498 -0.13223 -0.22272 -0.03983 0.28594 -0.09688 0.05884 0.08351 0.27743 -0.07439 0.02271 -0.17481 0.28253 -0.10901 0.16048 -0.21403
-0.04253 0.27220 -0.15447 -0.04537 0.05914 -0.00104 0.02134 0.07658 -0.15567 0.22411 -0.10320 -0.04266 0.04840 0.01943 -0.13138 -0.03393 -0.23837 0.11643 0.15429 0.07442 -0.16911 0.14799 -0.00704 -0.04702 -0.17773 -0.06214 -0.03731 0.13036 -0.00201 -0.01381 -0.12660 0.12606 -0.14445 0.10575 -0.29508 -0.08625 -0.17225 -0.22749 -0.08478 0.32734
-0.02729 -0.02078 0.30003 0.03854 -0.24913 -0.01955 -0.12228 0.13188 0.09392 0.04978 0.04477 -0.12169 -0.06295 0.15730 0.14546 -0.14537 -0.03269 0.21612 -0.00425 0.22371 -0.11537 0.11567 0.29266 -0.16839 -0.21151 -0.04181 -0.12918 0.15315 0.22326 0.02510 0.33378 -0.32373 0.00566 0.22060 -0.07260 0.15730 0.01482 0.03500 -0.09100 0.16470
0.09664 -0.06359 0.15695 0.21155 0.02594 0.09649 -0.23293 -0.12772 0.26881 0.03533 -0.14776 0.10797 -0.03673 0.24018 -0.14746 0.00844 -0.14455 0.15154 -0.12546 0.27225 -0.16999 0.06680 0.41361 0.16936 0.02893 0.11827 0.02587 0.03097 0.18865 -0.05988 -0.01241 0.19019 0.08527 0.13482 0.37532 -0.18676 0.10147 -0.12937 -0.18467 0.05884
-0.02519 -0.27403 -0.09960 -0.09351 0.17307 -0.08481 0.11886 0.06471 0.07898 0.16972 -0.05660 0.00485 0.09796 0.04363 -0.15450 0.07503 0.09694 -0.16734 -0.19347 -0.20699 0.21864 0.13602 -0.25332 0.12277 -0.20426 0.02869 0.13123 0.05092 -0.05832 -0.06238 0.06792 0.22182 -0.17170 -0.26246 -0.19330 0.02015 -0.09133 0.03763 0.15828 0.06652
-0.02767 0.04266 -0.14949 -0.06323 -0.09366 0.04837 0.18283 -0.25920 0.22063 0.33333 -0.24618 -0.01829 0.09076 0.15126 0.19932 0.08081 -0.10282 -0.15635 0.02407 0.10746 -0.10540 -0.38735 0.04958 0.16772 -0.36334 -0.21545 0.08389 -0.32327 -0.26719 -0.23691 0.30911 0.18759 0.24472 0.04123 0.10164 -0.22478 0.21223 0.13924 -0.01608 -0.26042
-0.30285 0.00828 0.22812 -0.42806 0.26215 -0.20487 -0.34029 -0.08952 -0.06056 0.01658 -0.04125 -0.18769 -0.18608 -0.07201 0.34609 0.32918 -0.27414 0.07560 0.05188 -0.02397 0.22420 -0.10886 0.01867 -0.25433 -0.24463 -0.29075 0.03725 -0.02398 0.09011 -0.01161 0.05878 -0.32398 0.29508 0.04273 -0.08474 0.15714 0.06676 0.01841 0.03766 0.18334
-0.06604 -0.24903 0.07256 0.29149 -0.05900 0.23886 -0.00415 0.03102 -0.16033 0.05240 -0.08620 -0.15842 -0.20083 0.11140 -0.00710 0.23079 0.17168 0.10977 0.37791 -0.21612 -0.08081 0.24244 -0.01907 0.04743 -0.23286 0.25822 0.15349 0.01191 0.09578 -0.00662 0.00301 0.29643 -0.17530 -0.26329 0.01547 0.16985 0.17515 0.05354 -0.22024 0.19972
-0.15603 -0.21406 0.13854 0.04413 0.09738 0.26339 -0.36359 0.03371 -0.01269 0.15984 0.01922 0.04607 -0.15618 0.00532 0.07223 0.38422 0.25864 0.09408 -0.16115 -0.10648 0.10651 -0.14789 -0.02616 -0.21092 0.00306 -0.09956 0.14369 0.11745 -0.03479 -0.16772 -0.17307 0.25352 -0.10782 0.26131 0.22892 0.24776 -0.03157 -0.18552 -0.04698 -0.08226
-0.14803 0.22780 0.32873 -0.30780 -0.37310 0.24577 -0.02050 -0.04607 0.15744 0.27853 -0.09975 0.33919 -0.11452 -0.13763 -0.20887 -0.33532 -0.00279 0.01248 -0.29328 -0.10562 0.20154 -0.22969 0.14915 -0.21627 -0.19873 -0.04993 -0.35308 -0.00906 0.09315 0.11647 0.12235 0.00189 0.24695 -0.30090 0.09273 0.25509 0.29829 -0.33203 -0.16731 0.06278
-0.08185 -0.10332 0.20799 0.04809 0.01597 -0.02578 -0.33185 0.00183 0.24066 -0.10056 -0.10388 0.00979 -0.18446 -0.20523 -0.08885 -0.14669 -0.04705 0.36079 0.34079 0.05294 0.24790 0.26743 -0.19335 0.15157 -0.15281 -0.32891 0.22744 -0.10411 0.06842 0.01364 0.20134 -0.07795 0.12769 0.06813 0.04024 0.10254 -0.04164 -0.19890 0.06548 0.27337
-0.22002 -0.03383 0.29154 0.07112 -0.29283 0.36750 0.16749 -0.19713 0.26073 -0.04982 -0.16763 -0.02518 0.25470 -0.05006 0.15505 -0.22351 -0.21339 -0.29770 0.08544 0.29055 0.20874 -0.18958 -0.08465 0.05696 0.01881 -0.07044 0.17729 0.15865 -0.03518 -0.08733 -0.18986 -0.00214 0.08352 0.13834 0.08428 0.02312 -0.11593 -0.27907 -0.14236 -0.16014
-0.20386 0.17366 -0.23405 -0.12058 -0.00912 -0.08245 -0.07770 0.28652 -0.06410 0.13015 0.23122 0.15246 -0.15091 0.23095 0.28382 -0.17601 0.07144 -0.02610 -0.06176 0.28923 0.09507 0.09350 0.20209 0.17697 -0.16669 -0.06792 0.00420 -0.19030 0.06597 -0.04415 -0.08843 -0.15547 -0.29703 0.24326 0.26107 -0.14796 0.03642 -0.09499 0.05729 -0.20859
-0.28835 -0.25708 0.24952 0.25968 -0.13623 0.00062 -0.05501 -0.08062 0.13561 0.14242 -0.11904 -0.19197 0.12460 -0.05587 0.21998 -0.14755 -0.25262 -0.25638 0.26551 -0.13116 -0.10897 -0.04452 0.06935 -0.33861 0.10405 0.05594 -0.00401 0.31032 -0.08264 -0.20180 -0.06052 0.09254 0.08251 -0.05765 0.22729 0.03338 0.21122 0.37496 0.15657 0.06020
-0.02593 -0.00669 -0.09720 -0.21462 0.29053 0.01136 -0.27798 0.18584 0.02043 0.30158 -0.20836 0.05975 -0.06590 0.06459 -0.14001 0.13384 -0.18539 0.10962 -0.23280 0.00801 -0.21465 0.22031 0.36421 0.12509 0.13474 -0.03970 -0.15297 0.10114 -0.10485 0.05873 0.16122 -0.13974 -0.10625 -0.34696 -0.02298 -0.19914 -0.07903 -0.03582 0.00506 0.10736
-0.00009 -0.19335 -0.09328 -0.00750 0.19110 -0.06591 -0.27682 -0.19328 -0.22487 -0.23425 -0.11347 -0.15121 0.19949 -0.07111 0.25368 0.10156 0.20598 0.18002 0.04458 -0.09702 0.04183 0.05894 -0.02926 0.25358 -0.22626 0.09228 -0.25424 0.20150 -0.05392 0.03154 -0.09556 -0.13248 -0.25465 0.08900 0.26378 0.11453 -0.06793 -0.03641 0.03994 0.04606
0.05254 -0.02835 -0.07091 0.01356 -0.28758 0.03407 0.19756 -0.29020 0.16505 0.09345 0.29204 0.09271 0.17842 -0.30094 -0.08349 0.05311 -0.26525 0.08982 0.32980 0.00839 -0.02663 0.06991 0.27870 -0.19053 -0.13377 -0.05395 0.10985 -0.10278 -0.04412 -0.15107 0.15860 -0.13348 -0.25086 0.15335 0.24512 -0.23716 -0.19730 -0.00364 0.06782 0.11096
0.07915 -0.13555 -0.35783 -0.08044 0.24446 -0.05471 0.13870 -0.30039 0.02221 -0.08522 0.05480 0.09202 -0.02176 -0.01318 -0.06323 0.01616 0.04447 0.04542 -0.13880 0.01242 -0.30697 -0.36555 -0.04468 -0.07089 0.32798 0.16411 0.09626 0.05060 -0.15127 0.08846 0.01063 -0.11445 0.04546 -0.02142 0.10005 0.03184 0.12034 0.25083 -0.26352 -0.02502
-0.01564 -0.07440 -0.25838 -0.20877 0.31377 -0.07089 0.18014 -0.09630 -0.18802 0.04097 0.13378 -0.06130 0.20555 0.19773 -0.07156 -0.02511 0.05326 -0.01817 -0.23097 0.17238 -0.20428 -0.37459 -0.03568 -0.01767 0.13601 -0.29273 0.21041 0.03271 -0.10545 0.03353 0.06109 0.06809 0.04124 -0.10729 0.06359 0.18780 -0.12497 0.11760 -0.21897 -0.04192
0.02424 0.05029 -0.36670 -0.07569 0.10569 0.06217 0.05779 -0.22600 -0.17868 0.11445 0.14139 -0.09610 -0.05918 -0.03516 -0.17049 -0.08674 0.02869 -0.16359 -0.20402 0.12818 -0.20864 -0.39257 -0.12011 0.03541 0.14420 -0.23390 0.15499 -0.11545 -0.13489 0.05173 -0.10721 0.02583 0.18683 -0.08228 -0.05401 0.23388 0.06766 0.22195 -0.17048 -0.00568
0.06533 0.12796 -0.12467 0.18213 -0.06580 -0.23885 0.22114 0.05215 0.06862 0.05200 -0.23486 -0.36325 0.06410 0.01965 -0.19368 0.03820 -0.40609 0.22313 -0.14048 0.02434 0.24754 0.16333 -0.09323 0.18384 0.13580 -0.06724 -0.23216 0.20449 0.12236 -0.13300 -0.04773 -0.02277 0.01846 -0.20088 0.08924 0.10129 0.15131 0.21592 0.22307 0.08625
-0.19436 -0.04293 0.16895 0.23270 -0.04949 -0.04391 -0.20245 0.32511 0.11364 -0.14868 0.23600 0.03966 -0.12064 -0.05528 0.19177 -0.26419 -0.13306 -0.03780 0.16887 0.18229 -0.00857 0.14214 0.05200 -0.17569 0.00732 0.12741 -0.00379 -0.07234 -0.00579 -0.00376 0.03973 -0.11930 -0.01224 0.11629 0.21767 -0.27599 -0.16666 0.12018 -0.00947 -0.07149
0.02194 -0.20237 0.24819 0.15164 -0.08095 -0.11780 -0.10847 0.11904 -0.15448 -0.13045 0.15435 -0.20130 -0.08736 -0.22179 0.25513 -0.04330 0.05765 0.16410 0.07426 0.16589 -0.06500 0.18205 0.26289 0.02336 0.09462 0.15773 0.17011 -0.13212 -0.05002 -0.06907 0.01931 0.12187 0.07664 0.19839 0.11245 -0.23892 -0.08770 -0.04801 -0.08839 -0.28937
-0.13566 0.15168 -0.07123 0.04409 -0.16495 0.13757 -0.14764 0.07668 0.14052 0.28445 -0.35181 0.24590 0.27895 -0.19859 -0.08314 0.02196 0.27249 0.12138 -0.12476 -0.09216 0.01656 -0.15948 -0.15161 -0.24766 0.16005 0.24267 -0.22427 -0.10012 -0.01299 0.03247 0.02488 -0.23258 0.25703 -0.06588 0.11706 0.07832 -0.08612 0.10518 0.12241 0.28101
0.10115 -0.18316 -0.01400 -0.00985 -0.17082 -0.27691 0.12482 0.29296 0.01139 -0.11728 -0.20488 -0.05847 -0.01571 -0.12179 0.05993 -0.17370 -0.06519 -0.10063 0.02126 0.07766 0.02879 0.27708 0.11790 -0.01675 -0.05388 0.15295 -0.00491 -0.07171 -0.15274 0.08595 0.22485 -0.23674 -0.06875 -0.01577 0.20565 0.09262 0.23832 -0.18001 -0.02016 -0.19421
-0.20368 -0.19724 0.16852 -0.01322 0.17566 -0.10755 -0.10437 0.04420 0.09186 -0.12708 0.16672 -0.19777 -0.06358 0.14206 0.07831 0.27379 0.06647 0.24022 -0.04041 0.24556 -0.12258 -0.03979 0.16481 -0.01138 0.08501 0.17889 0.06882 -0.31277 0.05175 0.24132 0.12915 0.01591 0.08947 0.12727 0.10665 -0.04497 0.04599 0.02849 -0.03273 0.00411
0.09165 -0.04964 0.33335 0.10539 -0.24026 -0.02590 0.16106 0.24065 0.25279 -0.23282 0.05562 -0.20671 -0.07237 0.24890 -0.16591 0.04231 -0.08033 0.06068 -0.02524 0.14450 0.06136 -0.17850 0.22542 -0.09795 0.15686 0.25823 -0.11424 -0.28898 0.02362 -0.21670 0.12701 -0.07312 0.06599 0.24937 0.12327 -0.29466 0.09368 0.20045 -0.05923 0.22154
-0.10108 -0.13858 0.09642 0.10753 -0.18951 0.05547 -0.04554 0.07131 0.12551 -0.23503 0.11309 0.05976 -0.04893 0.05832 -0.18155 0.09590 0.06370 0.24800 -0.29745 0.16853 -0.10121 0.11473 0.16806 -0.02173 -0.09229 -0.04492 0.12023 -0.12131 -0.02914 -0.01361 0.14597 0.18870 0.14267 -0.05447 0.06957 0.13420 0.06371 0.19047 -0.12510 0.03355
0.17764 -0.14117 -0.00578 -0.32998 -0.06511 0.29265 -0.31867 -0.17917 0.12464 -0.24373 0.20212 -0.12979 0.17405 0.07637 -0.05060 -0.11070 0.07098 0.09753 -0.00689 0.15024 0.29650 0.06831 -0.20436 -0.21920 -0.00421 -0.29846 -0.19862 -0.09585 0.15317 0.32318 0.18940 -0.05418 -0.32752 -0.17603 -0.00134 0.10513 -0.30483 -0.36934 0.23492 -0.05396
-0.08630 0.33147 -0.43305 -0.04594 0.02888 0.23056 0.21998 -0.00262 -0.11026 0.34020 0.42397 0.19517 -0.13846 0.24830 0.13380 -0.30471 -0.16119 0.10532 -0.01577 0.26505 0.08163 0.25449 0.03375 0.19293 0.34103 -0.20977 -0.34428 -0.15195 0.10212 -0.26733 -0.20761 0.08957 -0.30678 0.06788 -0.28897 -0.13619 -0.20361 -0.10946 0.00712 -0.22960
-0.12848 -0.31701 -0.20930 -0.07124 0.14827 -0.16567 0.21242 -0.26699 -0.15549 -0.26410 0.25140 0.00246 0.34365 0.07183 0.05332 0.14813 -0.12202 0.00244 0.04797 -0.14003 -0.29776 0.25454 -0.41074 -0.23116 0.06764 0.27656 0.14764 0.32009 0.20515 0.18539 -0.34936 0.17224 -0.36181 -0.00589 -0.17847 0.25599 -0.31618 0.28846 -0.03671 -0.32821
-0.19587 -0.06847 0.21175 -0.05971 0.09071 0.18934 0.01151 0.14920 -0.06644 0.16673 -0.13966 0.18678 -0.14713 -0.23163 -0.25330 0.20158 -0.12490 0.18028 -0.06020 0.04162 0.02701 0.03039 -0.06784 -0.02491 0.28217 0.05346 -0.24288 -0.16999 -0.00617 0.26110 -0.07001 0.24158 -0.05454 -0.11976 0.25144 -0.40860 -0.15417 -0.22236 -0.13458 0.20706
0.10547 -0.11199 -0.46642 -0.01960 0.25058 -0.02344 0.17553 -0.17345 -0.11246 0.20509 0.13537 0.01559 0.13779 0.07040 -0.08168 -0.04554 0.17598 -0.00753 -0.28088 0.14322 -0.07134 -0.34751 -0.08183 0.09861 0.20880 -0.31614 0.13572 0.03431 -0.18913 0.03632 0.06935 -0.02663 0.16763 0.02292 -0.07420 0.12903 -0.05579 0.14929 -0.07185 -0.12302
-0.04519 -0.26553 0.05401 0.20812 0.14538 -0.13404 0.09430 0.15048 0.16079 -0.22678 -0.26000 0.06622 -0.17128 0.17662 0.01932 0.12722 0.00148 -0.13510 -0.17658 -0.10057 0.07231 0.24113 0.19029 0.16524 0.22566 0.07502 0.23409 0.21335 0.05637 0.01439 0.26753 0.05261 0.20813 -0.00211 0.31546 -0.02434 0.08605 0.04342 -0.08216 -0.26702
0.20618 0.00494 -0.21111 0.09471 -0.28265 -0.16566 0.12750 -0.24719 0.03055 0.29491 0.24054 0.11344 -0.30555 0.04685 -0.05312 -0.21796 0.00276 -0.17070 0.39660 0.27535 -0.13673 0.30207 0.15133 -0.08035 0.20799 0.05193 -0.25748 -0.00103 -0.25155 0.04570 0.31853 0.15819 -0.01522 -0.04703 -0.33517 0.12496 0.16977 -0.23807 0.08756 -0.17640
0.07405 -0.11851 -0.07398 0.09814 -0.16224 0.12942 -0.28705 0.01659 -0.05279 0.02059 -0.04224 0.03865 -0.16876 -0.14821 -0.28450 -0.37090 -0.01664 0.08523 0.19467 0.21424 -0.17240 0.15118 0.00318 -0.20635 -0.31435 -0.04574 -0.15003 -0.07636 -0.03349 0.12906 -0.18063 -0.13924 0.22877 0.30211 0.08138 0.08676 -0.11421 -0.02016 -0.06712 -0.23446
0.25513 -0.20370 -0.14888 0.24963 0.02529 -0.24664 -0.04870 0.11544 -0.13456 -0.24664 -0.11381 -0.22436 -0.26856 0.25832 -0.16980 -0.14799 -0.27555 -0.14786 0.11679 0.01613 -0.14926 0.11163 -0.10058 -0.12984 -0.04291 0.16682 0.16704 0.07292 0.18392 -0.08817 0.23090 0.02420 -0.00117 0.22085 0.02025 -0.03601 -0.15107 0.20221 0.24734 -0.11025
-0.03103 0.17782 0.14909 0.03685 -0.22380 -0.25830 -0.00158 0.20001 -0.12686 -0.26072 0.00527 0.20218 -0.03035 0.08228 -0.21363 -0.31955 0.10456 -0.02202 0.05823 0.05982 0.09290 0.24269 0.10572 -0.00762 0.21151 -0.13641 0.25039 -0.12547 -0.05957 0.05029 -0.04394 -0.01728 -0.05793 0.14097 -0.04088 0.11978 -0.05610 0.00559 -0.14361 -0.21628
-0.31286 -0.15011 -0.26270 0.11558 -0.13549 -0.11711 -0.13947 -0.13486 -0.01135 0.34775 0.08905 0.17751 -0.02241 -0.23030 0.15757 -0.02088 -0.19948 0.22229 0.16400 -0.18192 0.06694 -0.16110 0.13123 0.02488 -0.27985 0.18346 -0.29584 0.22815 -0.12062 -0.17431 -0.12773 -0.20283 0.15409 -0.22081 0.04677 -0.01597 -0.21301 0.04884 0.02418 -0.10288
0.17521 -0.02465 -0.30620 0.07685 0.20715 -0.15874 0.16927 -0.05327 -0.06191 0.08248 0.01689 -0.04188 -0.07013 0.07581 0.02003 -0.25721 0.23381 0.08969 -0.30244 0.19646 -0.30662 -0.18843 0.03376 0.00142 0.02979 0.02291 0.21353 0.00146 0.01948 0.07812 0.17763 0.06384 0.11008 0.00967 0.09763 0.29636 0.13369 -0.08872 -0.28186 0.02538
0.16350 -0.17286 0.09299 -0.08146 -0.03501 -0.09508 0.09091 0.10624 -0.02713 -0.15461 0.11407 0.02511 -0.21716 0.10795 0.14499 -0.04853 -0.07143 0.12677 -0.17343 -0.03350 -0.16771 0.07364 0.19036 -0.16393 0.00461 0.21838 -0.07431 0.08051 -0.06279 -0.21908 -0.04494 0.09018 -0.07363 0.20960 0.05681 0.14158 0.13417 -0.05831 0.00100 -0.05440
-0.25277 -0.07285 0.33965 -0.14950 0.11437 -0.10647 0.31624 0.22070 -0.28441 0.34928 -0.26768 -0.10069 0.16672 0.19478 0.18847 0.02769 -0.04073 0.18024 -0.26162 0.23132 -0.15797 -0.24343 0.20398 -0.12923 0.15857 0.33789 0.09730 -0.21765 0.09272 -0.36434 -0.00359 -0.34084 0.23026 -0.09308 -0.16139 -0.11797 -0.06201 0.04309 0.21105 0.32592
-0.13789 -0.02274 -0.02928 0.20815 0.02766 0.14415 -0.22160 0.15695 0.14240 0.09050 0.11588 0.32629 -0.28827 0.18046 0.33775 0.28455 -0.25607 -0.20650 -0.13502 -0.25029 0.22248 0.29788 0.21314 -0.16045 -0.19849 -0.07459 -0.37807 0.01596 -0.11350 -0.02527 -0.03609 -0.24315 -0.25823 -0.00782 0.04313 0.31737 0.24655 -0.19413 0.27588 0.01930
0.13077 0.15582 0.15243 -0.20964 -0.08287 -0.02752 0.10325 0.19200 -0.15610 0.06221 -0.20673 0.03841 0.10733 -0.11538 0.02893 0.04106 -0.22789 -0.05173 0.05324 0.29529 0.29197 0.12202 -0.00902 -0.12168 0.30580 0.04649 0.11165 0.36268 0.23250 0.06329 0.06260 0.37299 -0.18856 -0.05773 -0.07754 -0.14247 0.04431 0.09307 0.22701 0.15547
-0.18960 -0.07789 0.25413 -0.04756 -0.07860 0.11871 -0.26562 0.02246 -0.03422 0.33283 0.02417 0.13260 0.15817 0.26456 -0.04167 -0.27716 0.21672 0.13692 -0.26136 -0.09982 -0.15352 0.33319 0.08754 -0.35902 -0.11797 0.05320 -0.21327 0.17643 0.23647 0.00087 -0.11610 -0.16301 -0.01864 -0.22944 -0.36195 0.14229 -0.00382 -0.26821 0.24220 -0.17890
0.23015 -0.12065 0.13565 -0.25552 -0.08571 0.03244 -0.19641 0.28143 0.22200 0.22469 -0.31459 0.36870 -0.15587 -0.07889 -0.05925 -0.12621 -0.26587 -0.01041 0.05002 0.02162 -0.04363 -0.04071 0.26914 -0.08527 -0.15261 0.25808 -0.27919 -0.17367 -0.07711 0.06030 -0.17904 -0.05013 0.14898 0.16534 0.32368 0.19757 0.26856 -0.02737 0.13594 0.29928
-0.11424 0.18021 0.05257 -0.23753 -0.29643 -0.04398 0.19322 -0.16814 0.09145 -0.13246 -0.18328 0.09701 -0.27261 -0.16706 0.35492 -0.20515 0.00578 -0.28421 0.13419 -0.18141 0.15445 0.18886 -0.02857 0.10504 0.07725 -0.30936 -0.31598 -0.17702 -0.18402 -0.06951 0.05618 0.11305 -0.13431 0.06684 -0.10715 -0.05720 0.18717 0.07431 0.18901 -0.16215
-0.06119 0.10854 0.31461 -0.09642 -0.27889 -0.10836 -0.31715 0.00226 -0.08105 0.11368 0.27691 0.13275 0.17806 -0.23347 0.00391 0.06697 -0.07563 0.00730 -0.01284 0.13031 0.07336 0.16238 0.09220 0.13618 0.00440 0.01454 0.06645 -0.13091 0.06074 0.06793 -0.07527 0.00471 -0.20870 -0.03698 -0.17391 -0.26892 0.31722 -0.20272 0.08544 0.39978
0.26853 -0.30398 -0.08582 -0.06953 -0.02891 0.24934 -0.12494 0.09220 -0.19912 -0.14164 0.00782 0.04079 0.18156 0.02563 0.18011 0.00087 -0.11172 0.19976 -0.02218 -0.11593 0.09245 0.17825 0.10644 0.36253 0.34596 -0.03705 -0.20958 -0.07797 0.20693 0.04332 -0.20259 -0.18634 0.08319 -0.30407 0.15534 -0.02027 0.04648 0.16919 -0.32723 0.11996
0.19473 -0.09587 0.20339 0.06098 -0.05981 -0.28010 -0.13080 0.19548 0.09125 -0.17911 -0.01257 -0.09082 0.00421 0.16112 0.05460 0.12780 -0.07379 0.03708 -0.06018 0.27297 -0.00640 0.20914 0.26800 0.15857 0.02657 0.20385 0.01839 -0.24196 0.29343 -0.08567 0.12527 0.06423 0.04487 0.25831 0.19152 -0.03517 0.10124 0.04612 -0.01853 0.06173
-0.04722 0.08431 -0.26948 0.05653 0.17496 0.19304 0.04809 -0.23706 -0.13117 0.16237 0.22004 -0.15734 -0.03483 0.13161 -0.12406 -0.20035 0.13164 0.03123 -0.17229 -0.06558 -0.19259 -0.44027 -0.19538 -0.06038 -0.01154 -0.26611 0.21824 0.00914 -0.11350 0.07911 -0.02285 0.06149 0.12801 -0.15773 0.11503 0.09321 -0.01958 0.06825 -0.05629 -0.07086
0.10506 0.00672 0.18492 -0.00814 0.30597 0.14814 -0.19134 -0.11131 0.26270 0.02804 -0.26427 -0.04618 0.20657 -0.18703 -0.15663 0.26730 -0.34557 -0.16763 0.15827 0.13800 -0.28926 0.00322 -0.22478 0.03884 -0.13364 0.04923 -0.36786 -0.07257 -0.11060 0.25862 0.03559 0.01804 -0.21078 0.14587 -0.30482 -0.08954 -0.10511 0.32698 -0.02404 0.35376
-0.03972 -0.29786 0.11619 -0.02133 -0.20328 0.18287 0.27808 0.21451 0.02047 0.00131 -0.34801 0.22934 -0.18372 0.23211 0.30750 0.22135 -0.10928 -0.17561 -0.04571 0.17107 0.11761 -0.19001 0.09962 0.20843 -0.32878 0.27022 0.03908 -0.09022 -0.00647 -0.37374 -0.30957 0.08395 -0.06999 -0.21995 -0.31013 -0.24874 -0.08465 0.05074 -0.28995 0.19524
-0.16017 -0.10815 -0.07886 0.13582 0.06674 0.00275 -0.34298 -0.33527 -0.00751 -0.09700 -0.05952 0.01265 -0.01238 -0.10961 -0.15295 0.08615 -0.10992 0.02261 0.01997 0.17299 0.05483 -0.05719 0.07990 0.16407 0.01651 0.11990 0.33002 -0.29394 0.17240 -0.13160 0.00217 -0.14744 0.03725 -0.14711 -0.34122 -0.03778 0.15718 -0.21056 -0.12448 0.11291
-0.18582 0.21768 -0.09463 0.36072 0.19218 0.07699 0.04319 0.12296 -0.09819 -0.12798 0.24060 -0.01097 -0.14406 -0.01600 -0.03123 0.16902 0.11111 0.11353 -0.05147 -0.03707 -0.09017 -0.00185 -0.22373 0.39438 -0.24255 0.21115 0.14749 -0.08852 -0.07521 -0.05588 0.04834 0.11437 -0.38712 -0.27509 -0.24626 -0.02498 -0.23384 -0.01931 -0.21249 0.10233
-0.16806 0.27978 -0.09997 0.37106 0.23461 -0.00630 0.01369 0.10079 -0.05103 -0.20265 0.13707 -0.05610 -0.09945 -0.14694 0.05471 0.16266 0.16786 0.18023 0.10677 -0.15269 -0.17361 -0.17925 -0.24104 0.29705 -0.22058 0.31010 0.25975 -0.26639 -0.05178 -0.14294 -0.01501 0.19664 -0.27952 -0.25576 -0.17471 -0.08129 -0.21796 -0.17657 -0.11285 0.03573
0.19963 0.13232 -0.19555 -0.15924 -0.25321 -0.17708 0.22311 -0.12295 0.03073 0.10490 0.34096 -0.13499 0.09115 -0.00263 -0.26359 0.03717 -0.05228 0.00454 -0.17746 -0.18861 -0.03488 -0.18794 -0.18777 0.09656 -0.03540 0.08146 -0.07801 0.10764 0.13774 -0.14430 0.06290 0.20400 -0.18428 0.16254 -0.29139 -0.01346 0.05048 0.33419 0.10353 0.21617
-0.26741 0.26467 -0.07010 0.09259 -0.26824 -0.00040 -0.01106 0.13301 0.09188 0.08192 0.11080 -0.09544 -0.20705 0.27274 -0.07993 -0.02781 0.18873 0.20807 -0.24693 -0.18596 0.35108 -0.07756 -0.23027 -0.01188 -0.20583 -0.22493 0.25456 -0.04995 0.11145 0.14341 0.09599 0.32116 -0.12389 -0.16931 -0.29873 0.07492 0.34443 -0.29336 0.05507 -0.16656
-0.14021 0.17452 -0.01664 0.22271 -0.12026 0.03553 0.36700 -0.09031 -0.11857 0.04296 -0.12846 -0.14297 -0.10777 0.25566 -0.29206 0.05261 -0.14039 0.25795 -0.25449 0.12137 0.11499 0.05538 -0.08989 -0.13238 -0.09151 0.02089 -0.13655 0.16511 0.03016 0.04967 0.16121 -0.06884 0.12892 0.19547 -0.17843 0.33532 -0.04493 0.16503 0.20448 -0.06255
-0.31551 -0.16530 0.17198 0.20195 -0.29684 -0.10447 -0.23153 0.08658 -0.15640 -0.30777 0.06900 0.15012 -0.29528 0.28366 0.23928 0.09202 0.07053 0.40252 0.36881 0.32765 0.34888 0.33211 -0.27437 0.02992 -0.03444 -0.16870 -0.30953 -0.00856 0.00608 0.16684 -0.28072 -0.05665 -0.37161 -0.22495 -0.25681 -0.34446 -0.03762 -0.27517 0.08202 0.17265
0.03169 0.24893 0.28910 0.08658 0.11037 0.16665 -0.24952 0.29929 -0.27211 0.05061 0.06576 -0.31805 0.11866 0.26352 -0.13765 0.04816 0.18865 0.03243 0.11640 0.32430 0.16100 -0.08103 0.07528 -0.01185 0.21760 0.01482 0.05896 -0.01240 -0.28063 -0.26592 -0.01640 0.18767 0.20639 -0.24547 -0.19951 0.05341 -0.11705 -0.05992 -0.05203 0.02388
-0.36929 0.05334 -0.33180 0.34524 0.06476 -0.03629 -0.20217 0.32438 0.31978 -0.16231 -0.26077 0.30155 0.29368 -0.21578 0.38599 0.35212 -0.05816 -0.20399 0.09180 -0.41619 -0.25515 0.30412 -0.23753 0.28482 0.18680 0.24405 -0.28601 -0.34282 0.27902 -0.09555 -0.21311 -0.11629 0.18289 -0.07691 -0.28806 -0.27928 0.05445 -0.32448 0.13487 -0.29498
-0.03762 0.28136 -0.29451 -0.04935 -0.15029 0.27540 0.37718 0.21237 0.12213 -0.21913 0.18300 0.10113 -0.26201 0.12134 -0.05475 -0.16894 -0.30176 0.10873 -0.04282 -0.11607 -0.30722 0.15261 -0.06222 -0.02837 -0.08967 -0.06398 -0.30764 0.08074 -0.12882 -0.05136 -0.05765 -0.16862 -0.16994 0.29664 0.11667 0.09282 0.35462 0.12016 0.01250 0.06279
0.09501 -0.17889 0.14328 -0.19316 -0.13092 0.18223 -0.02602 -0.07538 0.20673 -0.01927 -0.17551 -0.14196 -0.04812 -0.07167 -0.11773 -0.25020 -0.30269 -0.19820 0.18790 0.22806 0.03890 0.10712 0.12825 -0.01195 -0.02514 0.05681 -0.19183 0.04553 0.05938 0.01814 0.15860 -0.02298 -0.02846 0.01870 -0.07500 -0.10073 0.16227 0.02966 0.00875 -0.30090
0.10156 -0.14856 0.15033 -0.28345 -0.05307 0.25921 -0.17547 -0.21346 0.30643 0.02034 -0.10000 -0.27989 -0.05983 -0.21053 0.01849 -0.19422 -0.33949 -0.22440 0.12332 0.21483 0.05630 0.22298 0.26481 0.12106 -0.00143 0.21578 -0.25005 -0.02083 0.26427 -0.06394 0.14758 -0.04215 -0.12315 -0.13816 -0.13452 -0.07108 0.16504 -0.19696 -0.00731 -0.27839
-0.25224 0.17016 0.26193 0.17309 0.26446 0.23988 -0.08997 -0.32359 -0.13707 -0.29541 -0.16830 0.10456 0.17373 0.19984 -0.30783 -0.24381 0.05786 -0.05787 0.27393 -0.23970 -0.18763 -0.11673 -0.17600 0.10555 0.38857 0.13360 0.16615 0.01813 0.14702 -0.28714 0.08640 -0.01439 0.09317 0.01718 0.00409 -0.16021 0.14244 -0.25746 -0.08732 0.01345
-0.04993 0.14309 0.00140 0.13234 -0.13908 -0.03758 0.10405 -0.06327 0.06721 -0.02308 -0.27800 -0.17605 0.14150 0.12261 -0.06569 0.21261 -0.11995 0.16955 -0.14127 0.00448 0.05108 -0.00782 -0.14389 -0.16561 0.17924 -0.16702 -0.01675 0.24205 0.02611 -0.04909 0.35763 -0.16203 -0.00003 0.16542 -0.19511 0.38238 -0.06507 0.00230 0.23056 -0.06235
0.07496 -0.00662 0.11697 0.11083 -0.12057 0.10292 -0.07365 0.11336 -0.03261 -0.19311 -0.00305 -0.20559 0.02777 -0.13797 0.00267 -0.33060 -0.19067 0.05552 -0.09876 0.18044 0.17500 0.22012 0.17721 -0.15418 0.06888 -0.08558 0.21339 0.00105 -0.09259 0.01407 0.18578 0.11716 0.15000 0.04855 -0.03240 0.12933 0.03629 0.29851 -0.04562 -0.22318
-0.16445 0.21376 0.04920 -0.04068 0.02077 -0.08600 0.21536 -0.11105 -0.03013 0.06332 -0.27816 -0.03242 0.09387 0.14472 -0.01146 0.12366 -0.20538 0.08864 -0.03450 -0.05667 0.10804 0.08197 -0.19032 -0.01099 0.06641 -0.14005 -0.06889 0.04972 0.12602 0.04370 0.38441 -0.23220 -0.10417 0.07651 -0.18442 0.41871 -0.10864 0.07030 0.18208 0.05223
0.29792 -0.15597 0.24059 0.08598 0.07758 0.03944 0.19883 -0.06717 -0.14713 -0.00804 0.22448 -0.07282 -0.35264 -0.26239 -0.16264 -0.03700 -0.16995 -0.16959 0.10823 -0.31581 -0.17250 0.06590 0.15516 -0.27646 0.15308 0.15521 0.18209 0.26371 -0.27553 0.02637 0.20456 -0.08202 0.00083 0.05316 0.28905 -0.02254 0.05896 0.05980 0.04820 -0.13151
0.01565 0.08677 -0.21398 0.00251 -0.10842 -0.08744 -0.14892 -0.07023 0.21565 0.24404 -0.38123 0.27958 0.20131 -0.16646 0.04286 0.05833 0.05927 0.12295 -0.16634 0.02370 0.12354 -0.12723 -0.34089 -0.20056 0.20621 0.22668 -0.18972 0.01850 0.07852 -0.16192 0.08602 -0.15865 0.36632 -0.20352 0.26304 -0.14059 -0.11927 -0.16825 -0.01529 0.25747
0.14045 -0.14080 -0.04400 -0.22400 0.16384 -0.00839 0.02795 -0.17467 -0.07738 -0.16172 0.11082 -0.16613 0.12434 0.24575 -0.12129 -0.10521 -0.15358 0.08462 0.04887 0.14803 0.05369 -0.21866 0.30882 -0.05415 -0.28155 0.16415 0.00315 0.36260 -0.15825 -0.22486 0.13256 -0.11721 0.29991 0.11091 -0.03989 0.17216 0.23861 -0.11996 -0.06855 0.22714
-0.10035 -0.28773 -0.37553 0.13476 -0.17224 -0.37172 -0.10536 0.29512 -0.42445 0.21178 0.25525 0.28054 0.25180 0.35769 -0.10814 0.04414 -0.22410 0.14052 -0.37169 -0.26725 -0.41533 -0.14246 0.37083 0.07791 -0.24847 -0.25192 -0.02280 0.24577 -0.37053 0.09865 0.39703 -0.27299 0.03759 -0.24638 0.16365 0.19441 0.21200 0.03588 0.43954 -0.06705
-0.27187 0.04809 -0.08980 -0.09129 0.11656 -0.11667 -0.07695 0.18766 0.03445 -0.02233 0.05123 0.06553 -0.16788 0.13659 0.31012 0.03732 0.06530 0.00435 0.09720 0.28286 0.07512 0.11052 0.18925 0.25391 -0.09869 -0.10884 0.15771 0.07642 0.08447 0.10429 -0.12959 -0.09888 -0.27650 0.28471 0.29498 -0.10781 0.09576 -0.08049 0.14031 -0.19308
