0.18407 -0.02470 0.20729 0.04463 0.05694 0.01073 0.10102 0.14690 0.22739 0.09743 -0.08850 -0.06403 -0.11490 0.08946 -0.04396 0.11799 -0.04270 0.18264 -0.21786 0.22943 0.18028 0.16657 -0.21689 0.17509 0.08019 0.07754 0.05180 -0.18169 -0.00562 -0.08778 -0.07988 0.12592 0.09027 -0.04070 0.16645 0.10015 0.09468 0.08353 -0.04863 0.06543
0.05463 -0.14194 -0.11183 -0.20005 0.05486 0.11967 -0.15592 0.18772 -0.02258 -0.03419 0.15475 0.03405 -0.08857 -0.26484 -0.30929 -0.09715 -0.03674 -0.15973 0.22279 -0.05710 -0.17860 -0.11572 0.07565 0.09164 0.04461 -0.33464 -0.05009 0.01253 0.16493 -0.16297 0.06046 -0.16836 -0.19367 0.09906 0.00332 0.07014 -0.15397 -0.07861 -0.10470 -0.20732
-0.19875 -0.07281 0.10707 -0.02698 -0.15299 0.19632 -0.20738 0.03737 0.01227 -0.17003 0.06239 0.08361 0.27534 0.03462 -0.27869 0.06400 -0.05832 -0.00697 -0.08181 0.22102 -0.09950 -0.04917 0.01124 0.07271 0.09630 0.07448 0.13119 0.09641 0.15966 -0.09451 -0.21892 0.27384 -0.26581 -0.11651 -0.09744 -0.26434 -0.04063 -0.07456 -0.03950 0.33715
-0.02761 -0.28247 -0.07207 -0.09729 0.13189 0.20510 -0.12394 0.15666 0.04618 -0.04024 0.09375 -0.01262 -0.02456 -0.23999 -0.33663 -0.03393 0.06727 -0.21362 0.22843 0.04267 -0.11793 -0.10830 0.09288 0.12405 0.13706 -0.27666 -0.05826 0.01175 0.19639 -0.10011 0.08610 -0.18245 -0.21871 0.07271 0.14102 0.09678 -0.14085 -0.12717 -0.07773 -0.14247
0.09566 -0.15882 -0.10094 -0.25138 0.12801 -0.01862 0.16196 -0.04580 -0.15893 -0.13786 -0.13181 0.17734 0.02664 0.22783 0.06068 -0.04434 0.02175 0.02132 0.02657 -0.03940 -0.00524 0.11253 -0.18875 0.11225 0.12367 0.06432 -0.14685 -0.03992 -0.11788 -0.16655 0.02089 -0.10945 0.10361 -0.13536 0.03236 -0.16627 0.04176 0.20810 0.21955 0.07864
0.24529 -0.04123 0.05416 -0.34532 -0.09236 -0.04878 -0.04039 -0.21638 -0.00391 0.00763 -0.10202 -0.04158 0.04466 -0.09193 -0.02764 0.26948 0.01330 0.18520 0.00239 -0.01629 -0.11274 -0.14096 0.12069 0.16758 -0.06179 0.06557 -0.27134 0.06246 0.07118 0.28293 -0.15080 0.07561 -0.01447 -0.24004 -0.24848 -0.13039 -0.13101 0.12229 -0.04383 -0.10385
-0.17069 0.13902 -0.13286 -0.09616 -0.01220 0.34807 0.04868 0.11516 0.13671 0.04008 -0.07756 0.10712 0.03349 0.09104 -0.23789 0.21037 -0.19829 0.18585 -0.06972 0.05901 0.06313 -0.08476 -0.04988 -0.00845 0.04152 0.22219 0.11228 -0.08338 0.27082 -0.14277 0.15619 -0.04973 0.23768 -0.00652 -0.19487 -0.00729 -0.03935 -0.19399 0.17482 -0.09250
0.24430 -0.13369 0.19873 -0.02061 0.03959 -0.19630 -0.31250 0.00022 -0.30298 -0.19001 0.03043 0.23333 -0.03360 0.31259 0.02342 0.03037 0.34844 0.24265 -0.02183 0.02822 -0.02266 -0.14297 -0.10167 0.06873 -0.03334 -0.13602 -0.13028 0.11006 0.17165 -0.00811 0.00966 -0.10119 -0.03064 -0.20991 -0.16844 -0.10283 0.23102 0.35138 -0.15115 0.02157
0.28539 -0.07547 0.21474 -0.05972 0.01797 -0.19032 -0.29977 0.04628 -0.19726 -0.09720 -0.00905 0.24761 -0.07370 0.33774 -0.06508 0.03891 0.39329 0.19215 -0.00014 0.06574 0.00582 -0.13582 -0.09918 -0.00269 -0.07745 -0.16060 -0.19670 0.12544 0.12946 0.03562 -0.00212 -0.10692 -0.01640 -0.15853 -0.10889 -0.11088 0.21738 0.29307 -0.14558 0.02583
-0.04261 -0.14574 0.23107 -0.27332 -0.00174 -0.12485 0.14789 -0.06327 0.21621 0.00842 -0.15059 0.29465 0.11565 -0.05725 -0.08436 0.07451 -0.33134 0.09139 -0.05677 0.20884 0.08303 0.13666 -0.05657 0.16787 0.30688 0.16101 0.16146 -0.23292 -0.01728 0.11346 -0.03935 0.17816 -0.02831 -0.03475 -0.14378 0.08925 -0.16846 0.06771 0.12327 -0.10041
-0.24993 -0.22902 -0.12668 0.17794 -0.09528 0.14410 -0.08056 0.20586 0.31616 -0.04826 0.33518 -0.05556 0.17412 0.14468 -0.23116 0.11226 -0.02342 -0.20482 0.04178 0.18215 0.00398 0.05367 0.19823 0.03462 0.25784 -0.13972 0.04037 -0.05749 0.11853 0.28961 0.00332 -0.09157 -0.18955 -0.27575 -0.02985 0.13554 -0.08114 -0.02446 0.10328 0.02952
0.14540 -0.00116 -0.03378 0.07786 -0.11363 -0.09567 0.02865 -0.29596 0.27556 0.02165 -0.00333 -0.21143 -0.18566 -0.13441 -0.01826 0.22236 -0.14284 0.23678 0.08576 -0.25090 0.38228 -0.26635 -0.21487 -0.27222 0.20667 0.04304 -0.22377 -0.15679 0.18892 -0.21393 -0.01796 0.12384 -0.16184 -0.00873 0.11839 -0.17021 0.05320 -0.19188 -0.00554 -0.05057
0.36725 0.04434 0.02814 0.13248 0.06982 -0.25275 0.18991 0.01369 -0.02474 -0.09528 0.13208 0.38381 -0.08710 0.13456 -0.08903 0.15571 0.11046 0.09846 -0.02912 -0.09486 0.05015 0.22543 0.15236 0.03623 0.03423 -0.08506 -0.11633 0.23131 -0.25393 0.16230 0.28320 -0.02381 -0.02393 -0.16502 -0.08429 0.07718 -0.02888 0.01140 -0.10706 -0.11952
0.01467 0.05589 0.07052 -0.10551 0.00377 0.06409 -0.24172 0.19701 0.02349 0.07077 -0.08847 0.07801 0.17523 -0.16175 0.34794 -0.00379 0.07155 0.15283 -0.18938 0.10467 -0.17025 0.11431 -0.14443 0.05217 0.05371 -0.31572 -0.16498 0.18444 -0.13452 0.01157 -0.28035 0.02736 0.09474 0.02743 -0.09463 -0.15265 0.09361 -0.03759 -0.08488 0.07304
0.32416 -0.00037 0.02035 0.07295 0.03964 -0.26514 0.16960 0.08501 0.04417 -0.10843 0.14341 0.38434 -0.03776 0.17770 -0.08834 0.22240 0.06486 0.02226 -0.03676 -0.06752 0.02784 0.23231 0.07840 -0.00834 0.02270 -0.11049 -0.15963 0.20195 -0.29479 0.18568 0.28024 -0.02457 -0.01308 -0.30614 -0.03947 0.11223 -0.03210 -0.00023 -0.10430 -0.06365
-0.04517 0.15078 0.01238 -0.12876 0.08069 -0.05489 -0.33011 -0.12452 -0.05462 -0.23880 0.08490 -0.12394 -0.30351 0.25949 0.06202 -0.17789 0.10079 -0.02726 -0.08507 0.29492 0.28971 0.28011 -0.22221 -0.05354 -0.36231 -0.07985 0.24734 -0.10098 -0.31548 -0.11571 0.01091 0.08487 -0.29760 0.09102 -0.02518 -0.14715 -0.07741 0.33816 -0.17978 -0.39770
0.12070 -0.03177 0.13214 0.08386 0.19837 -0.12830 0.07320 -0.14814 0.23963 -0.10625 0.07155 -0.24196 0.08170 0.19994 0.05018 -0.07046 -0.20686 0.12602 -0.09093 0.23260 -0.19523 0.11646 0.21293 -0.04970 -0.20242 0.05453 0.23223 0.12786 -0.01698 -0.16664 -0.14142 0.14646 0.15888 0.22916 -0.34741 0.05014 -0.15537 0.04659 -0.12951 -0.04118
0.17128 -0.13274 0.23228 -0.08040 0.01958 -0.11967 -0.24630 0.00104 -0.28231 -0.13968 -0.03108 0.19665 -0.04376 0.31250 -0.03862 -0.01874 0.33166 0.26350 -0.05484 0.06135 0.00283 -0.14022 -0.09062 0.04663 0.02536 -0.06696 -0.11113 0.11089 0.15170 -0.08174 0.00254 -0.08800 -0.01749 -0.13805 -0.13581 -0.12106 0.19101 0.18952 -0.03819 0.00003
0.22498 0.32587 0.16350 -0.14608 -0.14905 0.08965 -0.29802 -0.29361 0.04106 0.16156 0.02789 -0.02120 -0.11862 -0.16350 0.32556 0.27161 -0.20655 0.22953 -0.02411 -0.05094 -0.00159 -0.02115 0.14602 0.31197 -0.29865 -0.27195 0.14059 -0.27408 0.08660 0.19280 0.19538 0.18579 -0.31023 -0.06859 0.21611 -0.22749 0.22625 -0.13855 0.03644 0.08717
-0.09605 -0.04999 0.06868 0.24010 -0.13670 -0.35099 -0.34646 -0.06023 0.02833 0.22371 -0.00001 -0.08405 0.31807 -0.35362 -0.30336 0.18813 -0.01926 -0.16414 -0.08516 0.14833 -0.09805 -0.19586 -0.06148 -0.26975 0.13636 -0.23418 -0.01002 0.15769 0.12458 -0.00806 -0.15802 -0.13861 -0.13587 0.03679 0.06885 0.19343 0.21833 -0.15203 -0.19061 -0.14348
-0.18897 -0.22703 -0.13895 0.17782 -0.08224 0.09240 -0.05132 0.15960 0.25670 -0.06868 0.32882 0.04011 0.09259 0.19793 -0.23728 0.10088 -0.00378 -0.15265 0.09249 0.16260 -0.00265 0.05197 0.21329 0.09515 0.12718 -0.11122 -0.02860 0.01774 0.13232 0.20370 0.08162 -0.11027 -0.15072 -0.23758 0.01732 0.13099 -0.07211 -0.05661 0.06635 0.10816
-0.02010 0.14755 0.19247 0.01706 -0.20706 0.13242 -0.17479 0.24962 0.26265 -0.12516 0.06772 -0.04265 -0.07612 -0.07075 0.15937 -0.07386 -0.14661 0.14753 -0.01192 -0.02261 -0.12498 0.00804 -0.08864 -0.08564 0.05256 0.09568 0.15265 -0.02208 0.23870 0.05234 -0.11291 0.02949 -0.38837 0.16429 -0.05876 0.15326 -0.01099 -0.14507 -0.04353 0.36483
-0.07753 0.12233 0.11635 0.03928 -0.29730 0.15250 -0.11600 0.19781 0.29812 -0.23254 0.01945 -0.00376 -0.04055 0.01091 0.16286 0.01338 -0.18182 0.18390 -0.02682 0.10856 -0.17260 -0.01617 -0.09696 -0.14713 -0.04745 0.10485 0.08573 0.15680 0.29362 0.02129 -0.16525 0.04642 -0.42773 0.10663 -0.07309 0.11294 0.01963 -0.13937 -0.03910 0.43743
-0.27557 -0.03676 0.32744 0.01514 -0.16755 -0.06376 -0.25670 -0.04255 -0.08166 -0.21770 0.14117 0.13286 -0.04464 -0.07753 0.07354 -0.07246 0.10670 -0.27381 -0.06456 -0.45772 -0.08336 0.02270 0.13445 -0.07475 0.04704 0.13843 -0.28364 0.23357 -0.10575 0.05142 -0.08916 -0.03070 -0.05733 0.08702 -0.25116 -0.04388 -0.16696 0.14487 0.07259 0.16639
-0.03612 0.04313 -0.28478 -0.15991 0.19449 0.01625 0.31516 -0.18291 0.00145 0.19177 -0.26599 -0.02165 0.05104 -0.10908 0.01157 -0.07925 0.05289 -0.28382 0.10761 -0.06363 0.02185 -0.10223 -0.02198 0.04734 -0.03748 0.11977 0.13265 -0.18889 -0.33623 0.08104 0.15546 -0.17425 0.20336 -0.19433 0.09300 -0.02115 0.06957 0.13496 0.15231 0.06379
-0.08796 -0.13252 -0.26249 -0.14840 0.34311 0.16565 0.31397 -0.06946 -0.01524 0.22767 -0.26019 0.04149 0.00305 -0.17535 -0.20704 -0.04690 -0.02479 -0.40017 0.19922 0.11659 -0.05782 -0.20268 -0.11034 -0.00521 0.10827 0.01887 0.18176 -0.18330 -0.19077 0.03351 0.09879 -0.25288 0.05227 -0.26316 0.26729 0.14036 0.07032 0.00401 0.08095 0.07391
0.02282 -0.12700 -0.21880 -0.20512 0.32897 0.11016 0.34663 -0.09561 -0.00536 0.09090 -0.23466 0.04009 0.13227 -0.06804 -0.14061 -0.07355 0.09961 -0.27163 0.15573 0.01060 -0.01835 -0.04713 -0.18290 0.01913 0.01436 0.02208 0.18018 -0.31792 -0.34018 0.03767 0.07309 -0.09923 0.26985 -0.34655 0.17119 -0.06420 0.04550 0.20170 0.13003 0.05459
-0.00924 0.01759 -0.31074 -0.06123 0.34028 0.01747 0.34240 -0.09035 -0.09978 0.18923 -0.32505 0.07387 0.06299 -0.17940 -0.01315 -0.01304 0.00153 -0.33458 0.15654 -0.01986 -0.07004 -0.17985 -0.03842 -0.07886 0.07262 0.07314 0.16519 -0.15071 -0.37166 0.03318 0.14392 -0.19080 0.26444 -0.25436 0.12431 0.07036 0.07679 0.08592 0.13766 0.08226
-0.01809 -0.01127 -0.16676 -0.15475 0.36895 0.11405 0.34780 -0.06257 -0.03538 0.12286 -0.30437 0.00166 0.03237 -0.17585 -0.08255 -0.13304 0.02717 -0.19913 0.12636 0.08618 0.00789 -0.14833 -0.04668 -0.01238 0.07715 0.07087 0.21343 -0.25885 -0.27435 0.02290 0.06124 -0.15648 0.28392 -0.31741 0.17081 0.03795 0.04730 0.19452 0.16645 -0.08054
-0.04262 0.07606 -0.27021 -0.11047 0.34245 0.08056 0.32532 -0.12024 0.01017 0.17447 -0.21342 -0.06915 0.06150 -0.06979 -0.03090 -0.08376 0.00724 -0.29825 0.15532 0.00686 -0.04031 -0.15277 -0.05404 -0.04986 0.13402 0.03080 0.20902 -0.11498 -0.29113 0.16583 0.11076 -0.09402 0.20937 -0.24832 0.04528 0.06212 -0.02284 0.06032 0.21862 -0.08016
-0.05658 -0.02563 -0.30781 -0.07928 0.27767 0.04717 0.37571 -0.14239 -0.08069 0.20431 -0.30082 -0.04497 0.05037 -0.12301 -0.10619 0.10180 -0.10354 -0.10094 0.03987 0.03267 -0.12137 -0.23147 -0.01911 -0.03830 -0.09135 -0.02576 0.18640 -0.10771 -0.31735 -0.00724 -0.00958 -0.19926 0.30190 -0.34505 0.19031 0.14590 0.07714 0.15266 -0.01059 0.10512
-0.03734 -0.04305 -0.24235 -0.08828 0.18081 0.12925 0.32124 -0.14130 -0.09645 0.23355 -0.24537 0.05539 -0.00555 -0.13242 -0.06806 0.01309 0.05243 -0.28357 0.18100 0.08435 0.01292 -0.12489 -0.09295 -0.00524 0.06457 0.03720 0.14133 -0.15352 -0.38721 0.08235 0.10645 -0.20126 0.15448 -0.30067 0.12776 0.04683 0.02896 0.17164 0.08399 -0.01367
-0.03398 0.07450 0.19258 -0.25158 -0.01228 0.14830 -0.13269 -0.16958 0.11439 0.02408 -0.05992 0.32900 0.06831 -0.20737 0.01287 0.35258 0.08472 -0.05782 -0.08404 0.18771 -0.05597 0.00007 0.05995 0.08079 0.19912 0.02026 0.02733 -0.16391 0.38255 0.01129 -0.37182 0.07030 -0.13291 0.07184 0.02849 -0.29949 0.04805 -0.11784 -0.12998 0.03846
0.31609 0.20887 0.14430 0.07660 -0.30262 -0.25011 -0.04481 -0.00008 -0.14358 -0.11700 -0.02970 0.17944 -0.28437 -0.06557 -0.01272 0.04183 0.16838 0.23610 0.18409 0.08762 -0.09770 -0.01569 0.05675 0.22468 -0.20131 -0.10542 -0.02140 -0.02018 0.18716 0.08258 -0.17720 -0.03352 0.12108 -0.01779 -0.03666 -0.05321 0.18532 0.09636 -0.24995 0.03948
-0.03087 0.18715 0.05224 -0.11932 0.16625 0.08185 -0.04419 -0.27682 -0.01965 -0.04454 -0.09672 -0.40603 0.20305 -0.04110 0.05398 -0.23696 -0.17136 0.11860 -0.22368 -0.08991 -0.02022 -0.15865 -0.14565 -0.01106 -0.01966 -0.06956 -0.12808 -0.03234 -0.18778 0.00850 -0.14489 0.12884 0.22912 0.15405 -0.32448 -0.11316 0.00123 -0.00029 0.17229 -0.22772
