0.12665 -0.07523 0.22054 0.08231 -0.11117 0.07480 -0.10940 -0.12938 -0.08854 0.32910 0.07799 0.03487 -0.14507 -0.15956 -0.21290 0.11409 0.01835 -0.01269 0.03870 0.19367 0.13153 -0.08661 0.01510 -0.10004 -0.15495 -0.12458 0.02068 0.21265 -0.09835 -0.01733 0.06057 -0.07041 0.06884 -0.26046 0.02618 0.03166 -0.01505 0.09786 0.16940 0.08803
0.00712 0.17342 0.14149 0.05861 -0.03195 0.05329 -0.06044 0.27572 -0.01025 -0.13966 -0.11839 0.07043 0.13986 -0.08288 -0.04085 -0.29053 0.25014 0.08461 -0.03620 0.04261 0.02457 0.23229 0.08740 0.22725 0.21076 0.21854 0.01795 -0.13960 0.13703 0.05123 -0.22180 0.39154 -0.10356 0.08682 0.01895 0.15480 -0.07422 0.02976 -0.10052 0.09153
0.01268 0.24419 0.06045 -0.13255 0.06400 0.00777 -0.03505 0.16003 0.01293 -0.15518 -0.14715 -0.07852 0.22373 0.00899 0.12526 -0.09953 0.20230 -0.07356 -0.05125 -0.10870 0.03322 0.11129 0.04166 0.15768 0.34984 0.17411 -0.03031 -0.18642 0.13146 0.08532 -0.26120 0.29661 -0.11209 0.00961 -0.08065 0.01487 -0.11857 -0.06383 -0.01880 -0.04200
0.03974 0.25321 0.03806 -0.12559 0.16819 -0.08468 0.03888 0.10196 -0.00361 -0.10741 -0.18429 -0.16556 0.09347 0.03655 0.19059 0.06971 0.33108 -0.02952 -0.02098 -0.19823 -0.00490 0.05159 0.12537 0.29740 0.43061 0.11153 -0.06014 -0.22587 0.11260 0.12128 -0.19827 0.31770 -0.15222 -0.03370 -0.10527 -0.03182 -0.15447 -0.10126 0.01927 -0.14385
0.06275 0.21449 0.13616 -0.16195 0.10622 0.02008 -0.04572 0.14148 0.03412 -0.06138 -0.20145 -0.09660 0.20680 0.00935 0.15789 -0.12672 0.33555 -0.06424 -0.00663 -0.09528 -0.00595 0.11003 0.01075 0.20871 0.36545 0.15978 -0.03864 -0.21865 0.11267 -0.01394 -0.18204 0.21795 -0.13268 -0.03210 -0.14073 -0.00379 -0.07264 -0.12195 0.02974 -0.03812
0.03620 0.24496 0.12708 -0.10764 -0.02466 -0.03356 -0.04281 0.19813 0.00773 -0.07676 -0.13890 -0.01513 0.20740 -0.00466 0.05235 -0.16056 0.25158 -0.02369 0.01477 0.00502 -0.04264 0.23116 0.03991 0.10923 0.33084 0.17363 -0.02491 -0.22544 0.04857 0.13377 -0.24607 0.18867 -0.12726 0.04704 0.00121 0.03575 -0.08069 -0.05992 -0.09945 -0.05147
-0.01305 0.27362 0.07690 -0.13613 0.02886 0.02844 -0.10055 0.18884 0.03764 -0.04629 -0.15092 -0.07567 0.08190 0.01685 0.03652 -0.01160 0.28678 -0.01644 0.02528 -0.00055 0.13194 0.16641 -0.01178 0.27621 0.37466 0.18280 -0.04032 -0.13086 0.10874 0.02685 -0.23695 0.35167 -0.19135 0.07919 -0.03183 0.08516 -0.09046 -0.15842 -0.03145 0.01016
-0.02581 0.25966 0.06445 -0.08383 0.10745 0.00922 -0.01502 0.15147 0.09769 -0.14755 -0.19221 -0.09448 0.12820 0.00211 0.16003 -0.00381 0.30905 -0.01008 -0.00801 -0.06701 0.08265 0.09206 0.06538 0.33274 0.39360 0.10197 -0.02909 -0.17723 0.08198 0.07559 -0.20986 0.34029 -0.11432 -0.08474 -0.04910 0.01391 -0.14697 -0.14437 -0.01320 -0.08229
-0.06913 -0.22276 0.08199 0.12187 -0.19130 -0.00744 -0.01379 -0.10015 -0.05153 -0.03685 0.08909 -0.02599 0.05049 0.02001 -0.11529 -0.23102 -0.06549 -0.03638 0.03866 0.23067 -0.09852 0.04587 0.11951 -0.10780 -0.04817 -0.17482 -0.05898 -0.00980 0.00252 0.06302 0.01234 -0.01999 -0.03309 -0.16615 0.03176 0.12553 0.01418 0.06083 0.01997 0.01759
-0.10545 -0.24915 0.05989 -0.04409 0.11550 0.11899 -0.07554 -0.21204 0.01216 0.02397 0.08320 0.00197 -0.05530 0.25914 0.17558 0.11291 -0.06172 -0.17388 -0.02835 -0.00731 -0.06595 -0.14214 -0.23438 -0.06553 -0.10767 -0.08703 0.15914 0.19517 -0.13322 -0.04352 0.13996 -0.21461 -0.05846 0.11095 -0.02753 0.14617 0.02303 0.02874 0.09066 0.09763
0.01341 -0.14951 -0.02657 -0.01373 0.00937 0.05519 0.18882 -0.17128 -0.00680 0.04826 -0.02113 -0.09447 -0.05205 0.04794 0.08749 0.03755 0.00069 -0.09449 0.18336 0.41533 -0.11154 -0.20731 -0.06179 -0.25636 -0.23013 -0.32731 0.07130 0.09538 -0.11726 0.13778 0.05003 -0.18931 0.15833 -0.30743 0.11921 0.09971 0.12716 0.03883 0.01803 -0.01393
0.12430 0.08211 -0.08972 0.13696 -0.12872 0.08628 0.02959 0.00185 -0.09801 -0.05037 0.02086 0.26867 -0.17781 0.05547 -0.16433 -0.07552 -0.24686 -0.14502 0.04425 0.17807 -0.25869 0.10262 -0.11179 -0.35129 -0.19224 -0.05588 -0.15364 0.08711 0.03469 0.04750 0.19600 -0.24115 0.12283 0.09399 0.27054 0.09255 0.30328 0.19547 -0.23691 0.19869
0.10589 -0.18400 -0.06082 0.25435 0.09663 0.15635 -0.04474 -0.16242 0.12139 0.10226 0.10552 0.12604 -0.15583 0.02118 -0.03219 0.31083 0.04069 -0.01086 -0.16100 -0.03638 0.06642 -0.22681 -0.18218 -0.02908 -0.22150 -0.07194 0.24476 0.33105 -0.05287 0.00595 0.31355 -0.15316 0.08616 0.02435 0.04658 -0.28320 0.09218 -0.02679 0.26185 -0.09330
0.06749 0.26009 0.03294 -0.08116 -0.03771 0.03916 -0.06464 0.18213 -0.01019 -0.17138 -0.11411 -0.16745 0.18233 -0.04199 0.20896 -0.04394 0.31947 -0.06538 -0.04640 -0.11138 -0.00364 0.15417 0.04876 0.23591 0.43504 0.10460 0.02079 -0.23015 0.16057 0.04058 -0.17398 0.30097 -0.15811 -0.02755 -0.09914 0.04364 -0.07150 -0.13558 0.03557 -0.00647
0.12722 -0.14583 -0.05851 -0.01460 0.02670 -0.01429 -0.20751 0.11186 -0.09929 0.08223 0.10290 0.14537 0.18502 -0.07516 -0.08035 -0.07534 -0.34484 0.07613 0.02014 -0.00271 0.03449 0.01324 0.04018 -0.10651 -0.04282 -0.01807 -0.09629 0.29461 -0.02818 0.08372 -0.08380 -0.04873 -0.15122 0.01990 0.16836 -0.10972 -0.07772 -0.14610 0.04349 -0.02245
-0.00954 0.21194 0.04856 -0.07908 0.02311 -0.03162 0.03948 0.20198 0.05825 -0.10431 -0.21326 -0.16535 0.13948 0.01171 0.13789 -0.09849 0.28374 0.04379 -0.04263 -0.12567 0.05173 0.10341 0.12720 0.30207 0.34207 0.19443 0.00168 -0.22607 0.18018 0.08353 -0.29517 0.34625 -0.16527 0.02034 -0.07974 0.06039 -0.13345 -0.07007 -0.00255 -0.08045
0.01766 0.29146 0.09999 -0.14571 0.06027 -0.05174 -0.02195 0.17025 0.08040 -0.18985 -0.12253 -0.03893 0.06789 0.06116 0.14242 -0.06875 0.35686 -0.10026 -0.03877 -0.14224 0.10525 0.09928 0.14674 0.30280 0.31640 0.27535 -0.03636 -0.21601 0.13526 0.05144 -0.24938 0.29066 -0.12930 -0.02587 -0.07677 -0.02839 -0.11104 -0.13441 0.03341 -0.11929
0.11487 -0.13454 -0.05286 0.18677 0.09808 0.14808 -0.05710 -0.13669 0.09929 0.06269 0.04947 0.11028 -0.11324 -0.02790 -0.04494 0.23603 0.01668 -0.00236 -0.11900 -0.05079 0.03009 -0.15025 -0.16202 -0.03836 -0.18473 -0.10884 0.24047 0.26283 -0.02754 0.03567 0.26352 -0.14819 0.05083 0.00708 0.06819 -0.24483 0.07069 -0.00258 0.24135 -0.06264
-0.15552 -0.00914 -0.01167 0.10906 0.04472 0.01221 -0.10257 -0.05478 -0.04164 0.01280 0.01426 -0.00968 -0.11059 -0.01061 -0.08711 -0.01720 -0.28803 -0.05368 0.30033 0.29847 -0.13394 -0.10041 -0.09310 -0.14879 -0.05587 -0.11436 -0.09564 0.05963 -0.06783 0.02440 0.15515 0.00297 0.05804 0.22649 -0.03428 0.19446 0.09885 -0.11881 -0.05694 0.12377
0.05557 0.22690 0.20124 -0.04523 0.03636 -0.04224 0.00702 0.18366 -0.06766 -0.16174 -0.17130 -0.10432 0.00728 -0.05459 0.09078 -0.13655 0.21197 -0.00791 -0.10742 -0.06545 0.00385 0.06139 0.14683 0.23702 0.24690 0.09243 -0.17229 -0.17509 0.13332 0.04814 -0.18309 0.22330 -0.11459 -0.05161 -0.05817 0.06145 -0.00080 -0.09837 0.01082 -0.07922
-0.05151 0.18197 0.06005 0.03108 -0.07476 0.04947 -0.03944 0.14294 -0.03227 -0.21236 -0.17722 0.03114 0.23942 -0.06859 -0.01033 -0.27710 0.24194 0.04879 -0.00110 0.07296 -0.03090 0.19153 0.14490 0.19989 0.22424 0.13909 -0.03023 -0.29652 0.13472 0.05151 -0.24887 0.37865 -0.07807 -0.00711 -0.00996 0.09424 -0.08110 0.04493 -0.14277 -0.02829
0.00916 0.22014 0.11905 -0.06308 0.02547 -0.00694 -0.05560 0.11317 -0.01881 -0.11017 -0.13878 -0.07327 0.09435 0.00130 0.09042 -0.06078 0.23965 -0.03949 -0.03894 -0.04216 0.04159 0.11542 0.04458 0.18033 0.27111 0.16183 -0.04141 -0.12251 0.08786 0.05211 -0.17723 0.23221 -0.11079 0.00202 -0.03579 0.04572 -0.09616 -0.10491 -0.00412 -0.01944
-0.14115 0.24663 0.09056 -0.12739 0.10370 0.09793 -0.02543 0.04678 -0.02541 -0.10209 -0.17101 -0.15650 0.07537 -0.07198 0.08559 -0.13220 0.27749 -0.09104 0.00202 -0.11793 -0.00740 0.11553 0.03391 0.31323 0.32234 0.23392 -0.04408 -0.26861 0.22015 -0.00646 -0.23112 0.41108 -0.14165 0.11540 -0.07643 0.14110 -0.19058 -0.13331 -0.00026 -0.00935
-0.15694 -0.22050 -0.14657 -0.07272 -0.09416 -0.19609 0.03458 -0.21088 -0.03793 0.20810 0.12109 0.08433 -0.05405 0.00120 -0.07103 -0.17124 -0.33742 -0.10310 -0.14079 0.06236 0.00390 -0.19810 -0.17059 -0.31483 -0.33229 -0.06061 -0.18857 0.10605 -0.08672 0.08611 0.19845 -0.04923 0.11507 -0.00793 0.09236 -0.17398 0.00932 -0.08260 -0.15001 -0.05204
