-0.06642 0.18418 -0.26121 0.00292 -0.07434 -0.08290 0.09308 -0.13278 -0.10650 0.07552 -0.18918 -0.00058 -0.05600 -0.10047 -0.15876 0.30219 -0.10685 0.00679 0.17745 -0.05881 0.34526 0.18761 -0.06563 -0.13632 -0.13295 -0.04306 0.11459 0.28708 0.05129 0.04477 -0.13145 0.25951 0.34307 -0.03729 -0.13765 0.03149 -0.20157 0.17321 0.26429 0.08768
0.05506 -0.33947 -0.20752 -0.00321 -0.25241 0.29132 0.10053 0.21560 -0.19293 0.10085 0.12580 -0.09771 0.07706 -0.23489 0.15595 0.14374 -0.08686 -0.34679 -0.07719 0.12990 -0.04656 0.25225 0.02005 -0.33161 -0.27310 0.14236 -0.18479 -0.09699 -0.29406 -0.35324 0.04355 -0.02733 -0.03388 -0.18710 0.11337 0.14119 -0.22137 -0.23799 -0.09177 -0.12923
-0.16370 -0.17901 -0.22754 0.06952 -0.02727 0.28516 -0.22499 0.18941 -0.18814 -0.06955 0.29209 -0.06671 0.07108 0.09560 0.01505 -0.11027 0.14909 -0.11459 -0.00468 0.24771 -0.05868 0.04276 0.14174 0.07376 0.06153 0.21136 -0.04343 0.07135 -0.07691 0.12877 0.07032 0.10923 -0.12056 -0.06988 0.03668 -0.21533 0.17972 -0.05025 0.18186 0.29184
-0.02191 -0.15595 -0.10663 0.07337 -0.00383 0.15239 -0.09369 0.22388 -0.08044 0.00427 0.01387 -0.02675 0.04012 0.24847 -0.11010 -0.07971 0.06018 -0.03866 0.13687 0.40645 -0.18979 -0.18601 0.12960 -0.03667 0.15241 -0.17378 0.16680 -0.03531 0.04104 0.01216 -0.03179 -0.04007 0.07527 -0.00014 -0.13375 0.02252 0.12672 -0.17522 0.29852 0.30869
0.10958 -0.26133 -0.25994 0.14722 -0.12584 0.27761 0.06677 -0.03706 0.30637 -0.09937 0.05572 -0.23609 0.01820 -0.35910 0.31481 -0.00804 -0.23980 0.29893 -0.09788 -0.00337 -0.26792 0.03716 -0.11602 0.11415 0.18607 0.11146 0.23036 0.34080 0.07417 0.30499 0.35987 0.10635 -0.26045 -0.01818 -0.16611 -0.22040 -0.14124 -0.21109 0.11047 0.16439
0.12465 -0.00246 -0.18268 0.06373 -0.00166 0.20694 -0.25681 0.16013 0.02489 0.00770 -0.01542 0.09501 -0.01924 0.21763 -0.02535 -0.09427 0.19414 -0.01240 0.14931 0.31601 -0.09732 -0.20396 0.11249 -0.00715 -0.08893 -0.02145 0.09586 0.06725 -0.03830 0.13886 0.00898 -0.12192 -0.11224 -0.09938 0.00429 0.00743 0.04518 -0.23405 -0.05741 0.19634
-0.17558 0.07438 -0.38111 0.29471 -0.05083 -0.34661 -0.13799 -0.01717 0.08054 -0.17754 -0.25828 0.08495 0.18432 0.00137 0.32000 0.06878 -0.20155 0.05454 0.14528 -0.04162 0.04270 -0.26326 -0.26464 -0.09381 0.08527 -0.25703 -0.08769 0.16012 0.33259 -0.24899 -0.10887 -0.37708 -0.06754 0.35443 0.16275 -0.19685 -0.20238 0.23290 0.09073 0.32800
-0.01875 -0.23484 0.13954 -0.28069 0.04582 -0.09292 -0.06129 0.10461 0.02915 -0.16184 0.00286 0.13650 -0.13110 -0.07179 -0.16987 -0.06140 -0.25897 0.22513 -0.05985 -0.32628 -0.07146 0.02134 -0.21166 0.21889 -0.12949 0.17064 -0.03230 0.13665 0.01300 0.22908 0.12723 0.03125 -0.25060 0.03149 -0.08422 0.00325 0.09314 -0.37417 0.15977 -0.14373
-0.01460 0.30301 0.34857 -0.19293 -0.05632 -0.02822 0.16230 0.07695 0.02579 0.07157 -0.06419 -0.12099 -0.16077 -0.19534 0.20015 -0.18905 0.05551 -0.06967 -0.04509 -0.08838 -0.19189 0.08210 -0.04489 -0.10852 -0.06823 -0.04790 -0.09832 -0.08636 0.14596 -0.15369 -0.00957 0.32154 0.14564 0.09000 -0.15787 -0.02312 -0.07307 0.09724 0.12077 -0.02124
-0.09924 0.24827 0.13519 -0.09774 0.20783 0.00983 0.20052 -0.14307 0.14021 0.01455 0.01824 -0.27476 -0.14647 -0.17078 0.05153 -0.19723 -0.04152 0.10332 -0.02865 -0.00048 -0.20021 0.05364 -0.14638 0.00391 -0.02925 -0.08293 -0.07670 -0.10694 -0.01209 0.04718 -0.21441 0.20754 0.29850 0.02367 -0.28502 0.02952 0.00546 0.11368 0.07201 -0.11625
0.03204 0.32917 0.09679 -0.14336 0.06013 0.04116 0.08223 -0.05947 -0.08306 0.01039 -0.01804 -0.26196 -0.09168 -0.18874 -0.04735 -0.10537 0.16942 0.09007 0.07453 0.16373 -0.26420 0.09201 -0.02282 0.05258 -0.13903 -0.01617 -0.14159 0.13170 -0.14763 0.03366 -0.24009 0.15496 0.30118 -0.12158 -0.10096 0.01088 -0.12383 0.06935 0.15908 -0.21419
-0.15577 0.33713 0.19398 -0.03616 0.06251 0.11860 0.17368 0.11109 -0.02990 0.05734 -0.16355 -0.26166 -0.07316 0.00131 0.14042 -0.14319 0.04281 0.06125 0.20573 0.07392 -0.21319 0.12889 -0.09272 -0.07803 -0.04363 -0.16464 -0.17255 0.08862 -0.14673 0.06930 -0.32869 0.10511 0.22672 -0.01085 -0.25623 -0.01788 0.07398 0.03918 0.07412 -0.08384
-0.25475 0.11047 0.09339 -0.04378 0.07298 -0.12608 0.05807 0.02616 0.13735 0.16406 -0.11612 0.02394 -0.09658 -0.04050 0.01404 -0.14184 -0.00812 0.05598 0.10220 -0.05665 -0.16705 0.04394 -0.15393 0.10730 0.00769 -0.12605 -0.00743 -0.05439 -0.00851 0.08779 -0.24512 0.06570 0.30414 -0.05133 -0.19801 0.24571 -0.02041 0.17175 0.12888 -0.20485
0.07402 0.04914 -0.02853 0.16088 0.04915 0.18728 -0.03760 -0.02284 -0.07576 0.01527 -0.00540 -0.12450 0.14744 0.24007 -0.12606 -0.10737 0.07757 -0.10511 0.20214 0.14425 -0.11257 -0.19505 -0.10370 0.07330 -0.10344 -0.00987 0.08844 0.14381 -0.16750 0.13481 -0.03396 -0.09043 -0.12422 -0.06244 -0.03248 -0.07212 0.12915 -0.23039 0.04151 0.27538
-0.20301 0.22926 0.22416 0.14963 0.12111 -0.28914 0.25172 -0.11541 -0.21960 -0.05261 0.11107 -0.18128 -0.09003 -0.16665 -0.00876 0.20505 0.19486 -0.11066 -0.20646 0.16257 -0.17186 -0.13894 -0.11742 -0.09275 0.13726 -0.11568 -0.20274 0.20703 -0.06169 0.20209 -0.20284 0.27211 0.34800 -0.13569 -0.08074 0.02986 0.11014 0.28386 0.13524 -0.26732
0.10075 0.33364 0.15863 -0.09709 0.10134 -0.16245 0.04732 -0.25810 -0.00072 0.12053 -0.25600 0.10378 -0.11096 0.16219 -0.01771 0.20168 -0.29131 0.11276 -0.25339 -0.00193 0.24341 0.39901 0.08047 0.09659 -0.03556 0.30501 0.01811 0.25598 0.00196 -0.03562 0.04944 0.10839 -0.33633 -0.23040 0.07303 0.10549 -0.12705 -0.33453 -0.05546 0.09898
0.15412 0.12506 -0.15700 0.04545 -0.03288 -0.12965 -0.23239 0.06765 -0.10044 -0.06712 -0.28821 -0.12740 0.13263 0.07625 -0.05659 0.23528 -0.14510 0.02928 -0.04801 -0.02444 0.07054 -0.13000 0.09913 0.01329 0.20647 -0.04952 -0.41731 -0.00552 0.07150 -0.20719 -0.19083 -0.03697 0.21208 -0.14007 -0.11003 0.15100 -0.10863 0.23553 0.23469 0.15046
0.22524 0.22505 0.08143 -0.22864 0.20766 -0.33444 -0.25862 0.18499 0.01731 -0.04608 -0.09667 -0.04239 -0.29335 0.01901 -0.04530 -0.22203 -0.19601 0.03778 -0.23435 0.13487 -0.06767 -0.29162 -0.07109 0.01362 -0.03635 0.03662 0.02637 -0.35726 0.29768 -0.01022 -0.09608 -0.17485 -0.05411 0.26818 0.15642 -0.11503 -0.13093 0.06779 -0.19138 0.07765
-0.24416 0.22832 0.16948 -0.05906 0.19710 0.24411 0.08171 -0.08301 0.19974 0.11828 -0.02903 -0.05989 -0.02348 -0.15855 0.11991 -0.19832 -0.14758 -0.04816 0.05916 0.14422 -0.31763 0.16071 -0.04760 -0.02961 0.05410 0.00479 -0.03795 0.05756 -0.08826 0.14847 -0.22786 0.18110 0.05681 -0.15232 -0.14476 0.16177 -0.14192 -0.09400 0.02228 -0.11139
0.01932 0.23848 0.12179 0.01740 0.11551 -0.14532 0.14514 -0.35814 0.16794 -0.06670 -0.26453 -0.04309 -0.10877 0.01441 -0.01177 0.13555 -0.25133 0.13098 -0.06703 0.10911 0.29680 0.36783 0.10116 -0.02666 -0.02592 0.27254 0.14166 0.35708 0.03835 -0.10906 -0.06026 0.02820 -0.12142 -0.13254 -0.04137 0.02369 -0.14619 -0.29021 0.05365 0.00536
0.02781 0.15758 -0.29283 -0.05750 0.05237 -0.03765 0.08543 0.01421 -0.04806 -0.03119 -0.01697 0.03630 -0.19578 -0.10706 -0.10438 0.37794 -0.15783 -0.08300 0.04584 -0.15820 0.47723 0.20980 -0.08762 -0.00978 -0.11742 -0.13887 0.09599 0.07807 0.09231 0.01754 -0.14063 0.17228 0.14441 -0.08695 -0.12296 -0.08563 -0.19578 0.16994 0.21438 -0.00019
0.22705 0.18990 -0.13048 -0.04046 -0.03468 -0.01683 -0.23231 0.13140 -0.19552 -0.14104 -0.25467 -0.00523 0.10002 0.00029 -0.10638 0.22029 -0.15438 0.06142 -0.04784 -0.07486 0.10021 -0.11707 0.04603 0.07046 0.22542 -0.08052 -0.41101 -0.03497 0.08905 -0.26405 -0.20881 -0.07251 0.14674 -0.14191 -0.01988 0.08972 -0.09773 0.14266 0.19446 0.09114
-0.17641 -0.18070 -0.16323 0.15686 0.00331 0.29533 -0.00716 0.12068 -0.17680 -0.09190 0.19593 -0.09238 -0.10960 -0.14136 0.17335 0.16580 -0.04485 0.00408 0.01620 -0.05022 0.21137 0.05685 -0.00344 0.10282 0.10812 -0.01487 -0.19207 0.00753 0.06605 0.23138 -0.14343 -0.10051 -0.02057 -0.20933 -0.04185 0.20882 0.11440 0.27318 0.22717 0.16623
-0.23108 0.00322 -0.19707 -0.06017 -0.19253 0.10832 0.19238 -0.32825 -0.00561 -0.31241 -0.04006 -0.18261 0.04661 -0.04941 0.03774 0.22465 0.07406 0.17286 -0.06165 0.00030 0.11447 -0.34938 0.34625 -0.13069 -0.23275 -0.06160 -0.26203 0.08099 -0.32794 0.01696 0.02582 -0.03009 0.16765 0.09803 -0.21261 0.09415 -0.00655 -0.05181 0.06541 -0.01312
0.13379 -0.01970 -0.09204 0.04981 0.13394 0.07408 -0.11683 0.04114 -0.07816 0.17207 0.17086 -0.09735 0.24783 0.20245 -0.20316 0.01834 -0.01824 -0.19884 -0.02301 0.22341 -0.04032 -0.20968 -0.08279 -0.03704 -0.11838 0.16902 0.11530 -0.04373 -0.00245 -0.05843 0.20715 -0.14629 -0.21079 -0.03356 0.18326 -0.04915 0.03689 -0.40561 0.11830 0.13863
0.07060 0.00884 -0.28875 -0.26155 -0.25021 0.26348 -0.21479 -0.19641 -0.12363 -0.05203 0.25784 -0.37799 -0.01328 0.06576 -0.02543 -0.17541 0.30483 -0.14259 -0.14559 0.19685 -0.10574 0.24041 -0.12225 0.35426 0.06931 0.07055 0.06273 0.16650 0.16714 -0.19816 -0.17063 -0.03771 -0.12306 -0.08077 -0.00926 -0.23925 -0.19340 0.15699 0.20800 -0.14849
0.24313 -0.20793 -0.23918 -0.14685 -0.22294 0.00037 0.17678 -0.30419 0.20622 -0.25810 -0.04090 0.26830 0.04895 -0.39137 0.04371 -0.32687 -0.24212 0.05248 0.13326 -0.29586 0.25172 0.00112 0.07138 0.13443 0.06916 -0.29699 -0.02117 0.29091 0.15466 -0.31593 0.05286 -0.09080 -0.02904 -0.34636 0.00537 -0.03155 0.27758 0.26023 -0.32300 0.04738
-0.20284 0.24804 0.36317 -0.01541 0.12962 0.10838 -0.07167 0.04024 0.09795 0.20080 -0.04980 -0.15196 -0.03651 -0.07923 0.14540 -0.13168 -0.10921 -0.04511 0.16346 0.12801 -0.25336 0.09720 -0.00443 0.00481 0.01143 -0.15958 -0.14204 0.06386 -0.12864 0.14515 -0.17943 0.12423 0.27544 0.01502 0.00391 0.05211 0.05270 -0.00492 -0.00046 -0.09922
-0.35456 0.18356 0.14203 -0.09612 0.20106 0.00138 0.09217 0.10409 0.07189 -0.02769 -0.03507 -0.15732 0.04123 -0.02016 0.12442 -0.10395 0.02221 -0.03231 0.10405 -0.00463 -0.15483 -0.07973 0.07195 -0.22266 0.13480 0.03914 -0.20119 0.21310 -0.11926 0.10155 -0.10826 0.11762 0.20991 0.14279 -0.31131 0.12043 0.07923 0.13980 0.01849 -0.00748
-0.08145 0.31634 0.11473 -0.17868 0.16299 -0.13246 0.16848 0.00342 -0.28961 -0.05411 -0.21084 -0.01752 -0.09235 -0.32063 0.14329 -0.02526 -0.08671 0.19506 0.00425 0.27196 -0.22980 0.00812 -0.16978 -0.24927 -0.08305 0.01232 -0.02927 0.13432 -0.12935 0.11121 -0.07650 0.21339 0.19630 -0.04519 -0.02263 -0.04968 0.06479 0.16119 -0.00802 -0.11937
0.13145 -0.17698 -0.31793 0.17990 0.16904 -0.18771 -0.11835 -0.47327 0.00186 0.04090 0.00362 -0.00294 -0.10675 0.19419 0.37897 -0.37553 0.12724 0.13634 0.10130 -0.17922 -0.20764 -0.27519 -0.09016 -0.22238 0.05617 -0.25266 0.02667 -0.24506 -0.00253 -0.31361 0.12399 -0.09464 0.10715 0.23495 -0.06479 -0.10811 0.19293 -0.10315 -0.18490 -0.20549
-0.37602 -0.27439 0.00403 -0.15404 0.15286 0.13185 -0.32218 -0.28106 0.02822 -0.12959 0.38885 0.24897 0.26446 0.19072 0.33338 0.10310 0.02321 -0.02218 -0.01101 0.20222 0.30533 -0.27599 0.24106 0.25393 0.01872 0.18046 -0.21748 -0.24365 -0.28717 -0.34251 -0.00151 -0.35465 0.00082 0.02132 0.30060 0.07058 0.16449 0.20299 -0.05828 0.15344
0.04663 -0.16762 0.02528 0.26187 0.10334 0.28447 -0.17743 -0.08850 -0.13021 0.13381 -0.03966 -0.05848 0.00598 0.16482 -0.00668 -0.06388 0.17385 -0.20881 0.32306 0.37745 -0.02876 -0.13158 -0.11368 0.06786 -0.00372 -0.02316 -0.06157 0.01018 -0.04285 0.14489 0.00987 0.03579 0.00637 0.09212 -0.06496 0.10436 0.01159 -0.12619 0.06950 0.21374
-0.10154 -0.18387 -0.15172 0.02810 -0.04846 0.20929 -0.10812 0.24414 -0.30720 -0.05965 0.02924 -0.07063 0.11506 0.13754 -0.04492 -0.18192 0.00173 -0.07656 0.13952 0.27508 -0.00819 -0.22258 0.06385 0.16602 0.13283 0.17877 0.13223 -0.10764 0.00491 0.01702 0.20297 -0.12228 -0.02100 -0.18760 0.13818 -0.14105 0.20875 0.01024 0.07313 0.22542
0.02470 0.19800 0.02984 0.05676 0.23709 -0.03806 0.00503 0.07203 0.05409 0.16534 -0.04199 -0.03312 0.01907 0.29414 -0.13283 -0.20837 -0.06335 -0.08851 -0.02907 0.36487 0.01079 -0.26808 -0.05436 0.10058 -0.14093 0.12529 0.15574 0.05526 -0.16337 0.00035 -0.05043 -0.18120 -0.07753 -0.07538 0.09422 -0.04643 -0.12050 -0.07190 0.12796 0.32623
-0.03176 0.31368 0.09740 -0.13499 0.16550 0.06330 0.08295 0.18597 0.08759 0.08689 -0.01342 -0.10288 -0.15170 -0.18721 0.00448 -0.02147 0.16961 0.14388 0.04671 0.19620 -0.01872 0.02491 -0.04419 -0.10511 0.08894 0.02125 -0.12355 0.16140 -0.09223 -0.00326 -0.28037 0.27009 0.27294 0.06603 -0.09938 0.00164 0.04095 0.22580 -0.01728 -0.05902
-0.06990 -0.18495 -0.11387 -0.04855 -0.07400 -0.28687 0.06824 -0.03669 0.31668 -0.04222 0.24411 -0.04821 -0.08894 -0.10672 0.01082 -0.06906 0.15110 -0.06067 -0.11873 -0.08246 -0.37731 -0.21346 -0.13531 -0.05294 0.11331 -0.15133 0.03916 -0.18978 -0.13187 -0.05473 -0.26754 -0.04107 -0.00607 -0.03071 -0.18743 0.06776 0.35866 -0.02370 -0.22032 -0.02380
-0.15130 -0.04898 -0.08246 0.17034 0.07546 0.04395 -0.17138 0.24893 -0.26915 0.18346 0.17631 -0.07974 0.07830 0.21208 -0.13927 -0.14071 0.17174 -0.13263 0.09957 0.35712 0.00748 -0.06067 0.07106 0.10495 0.09009 0.20215 0.17416 0.02586 -0.02078 0.12063 0.21293 -0.08608 0.00528 -0.15052 0.05533 -0.11912 -0.00773 -0.28314 0.13719 0.22142
-0.29177 -0.08218 -0.06098 -0.06499 0.12113 -0.06952 -0.25586 -0.09852 0.20723 -0.19515 0.18341 0.00785 0.10965 -0.12025 0.07687 -0.35928 0.08262 -0.27154 0.24886 -0.17719 -0.30867 -0.01314 -0.05208 -0.20166 -0.14851 0.25377 0.00242 -0.07840 -0.13092 -0.14402 0.09133 0.13458 -0.03102 0.25393 -0.18721 0.20444 0.35525 -0.06047 0.10445 -0.18671
0.12693 -0.13091 0.06573 -0.34684 0.05740 -0.07014 -0.05395 0.11478 -0.01581 -0.16893 0.12109 0.08147 -0.05874 -0.02895 -0.21713 0.08785 -0.28819 0.14994 -0.13049 -0.32183 -0.04534 0.08323 -0.14625 0.09404 -0.06805 0.21792 -0.01255 0.10258 -0.02086 0.05543 0.20848 0.02875 -0.21227 -0.01994 0.02086 -0.06252 0.12156 -0.39896 0.17230 -0.05747
-0.13856 -0.05995 -0.17648 0.06042 0.23474 -0.01145 0.28144 -0.09636 -0.02039 -0.21456 0.00852 0.04509 0.17229 0.19792 -0.07088 -0.07651 0.36856 0.11888 0.01310 0.07515 0.08168 -0.28395 0.06114 0.04400 -0.08241 -0.20534 0.00456 0.16560 0.03152 -0.20773 0.18033 -0.09399 -0.05358 0.15566 -0.33467 -0.25830 0.07373 0.14565 0.16746 -0.05732
-0.02958 -0.10284 -0.02896 -0.06983 -0.06940 -0.27660 0.23356 0.06930 0.19136 0.05432 0.12342 0.03244 -0.19160 0.02880 -0.14247 0.27090 -0.00211 -0.08173 -0.09704 -0.05051 -0.25388 -0.10630 -0.03276 -0.14215 0.02431 -0.13753 0.10962 -0.10070 -0.33960 -0.10906 -0.27068 -0.28679 -0.25512 0.10329 -0.05596 0.11148 0.36704 0.01525 -0.29190 -0.04839
-0.02864 0.02953 -0.41152 0.07041 -0.07496 -0.29358 0.02330 0.01034 -0.11871 0.13245 0.22780 0.15965 0.24825 -0.21985 0.07297 0.28778 -0.10875 0.18950 -0.15576 -0.04717 0.24295 -0.05782 0.00363 0.41907 -0.05136 0.29579 -0.04497 -0.22678 -0.01477 0.26398 -0.16452 0.00522 -0.19991 -0.23063 0.15020 -0.22349 -0.41783 0.13304 -0.32349 0.23388
-0.03044 -0.14881 -0.09576 0.08906 -0.17999 0.22507 0.18439 0.16918 -0.17556 0.16721 0.03383 -0.19188 0.31283 -0.20807 0.14557 -0.05798 -0.09637 -0.17984 -0.15062 0.24688 0.05873 0.13976 0.25522 -0.30657 -0.16696 -0.13841 -0.16053 0.02950 -0.02737 -0.09198 0.06260 0.13867 -0.12161 0.11875 0.16433 -0.33698 0.12401 -0.08610 0.16328 0.19700
0.00973 -0.16270 0.02197 0.16851 0.24120 0.12526 -0.04278 -0.14706 0.21680 -0.35231 0.10516 0.32579 -0.10230 0.11246 -0.26028 -0.03107 0.04650 -0.09568 0.14259 -0.04321 -0.16749 -0.21588 0.14549 -0.13701 0.23698 0.13705 -0.02117 0.21753 -0.29371 -0.32879 0.05316 -0.06871 0.00739 -0.23735 -0.25992 0.27346 -0.23590 -0.21880 -0.30534 0.09020
-0.14692 -0.07319 -0.17489 0.02841 -0.23079 0.08049 0.17793 -0.38047 0.04868 -0.32030 -0.08129 -0.17085 0.03756 -0.04047 -0.04531 0.19634 0.07252 0.16224 -0.00812 -0.00646 0.22623 -0.31244 0.33059 -0.13806 -0.21790 -0.06581 -0.20785 0.01895 -0.25026 0.00401 0.07282 -0.00751 0.12174 0.07108 -0.20932 0.05514 -0.04167 -0.08313 0.05930 0.01657
-0.14251 -0.25282 -0.22191 -0.19395 0.27345 -0.05589 0.22535 -0.24377 -0.02664 -0.00811 -0.17367 0.27978 -0.02990 0.24584 0.09623 -0.01511 0.23713 0.12728 0.01505 0.29809 -0.21595 -0.26076 0.00352 -0.15651 -0.24715 0.20197 0.20683 0.12907 -0.08982 -0.23404 -0.05964 -0.24477 -0.27579 -0.18987 0.19095 -0.22319 -0.10054 0.18071 0.04997 -0.13261
-0.17582 0.23960 0.31935 0.05766 0.04325 0.16770 0.24539 -0.12158 0.17170 0.20010 0.03882 -0.33039 -0.02705 -0.03423 -0.08594 -0.02273 0.10185 0.13893 0.07456 0.06314 -0.03918 0.16377 -0.24828 -0.09908 -0.02644 0.04680 -0.15610 0.13306 0.13991 0.12524 -0.00439 0.02296 0.26430 0.07909 -0.04518 -0.06269 -0.19343 0.26197 0.15454 -0.01887
0.05521 0.25884 0.23031 0.04141 0.05026 0.13925 -0.06854 0.07956 0.02400 0.17668 -0.12289 -0.04196 0.07792 -0.11463 0.02881 -0.23205 0.10911 -0.01766 0.25345 0.01418 -0.25722 -0.01315 -0.08596 0.03179 -0.01279 -0.15955 -0.22917 -0.09874 -0.10829 0.20525 -0.22473 0.01184 0.23490 0.05589 -0.23157 -0.05660 0.09895 0.16665 0.04812 -0.07034
-0.08798 -0.12124 0.16040 -0.01052 -0.15678 -0.27602 0.30617 0.16528 -0.34789 0.04308 -0.00597 -0.03263 0.00810 -0.05936 -0.25202 -0.04345 -0.17307 -0.07564 -0.21322 -0.31911 0.28394 -0.01378 0.11196 0.31087 -0.29765 0.07827 -0.10731 0.19766 0.19667 0.09846 0.23720 0.06201 0.14550 0.07538 0.06094 0.10408 -0.00288 0.11349 -0.15935 0.24070
0.03250 0.22676 0.11165 -0.06789 0.16599 -0.12259 0.05716 -0.27120 0.12240 0.06238 -0.03829 -0.11770 -0.15733 -0.02003 0.03330 -0.07739 -0.21314 0.19577 -0.19455 0.06232 0.24991 0.35501 0.23741 0.01174 -0.11395 0.21082 0.21981 0.14330 -0.05345 -0.06296 0.00847 0.15679 -0.28234 -0.11677 0.08971 0.02773 -0.14125 -0.33002 0.15253 0.17880
0.25882 0.01438 -0.15263 -0.03336 0.05365 -0.08686 -0.18295 0.00658 0.22885 -0.30107 0.15621 -0.08077 -0.25157 -0.03255 -0.14302 -0.10981 0.22701 0.16911 -0.17126 -0.17578 -0.01500 0.13877 -0.10944 0.21597 -0.02144 -0.24766 -0.06912 -0.26138 0.09044 0.07525 -0.09291 0.18925 -0.03811 0.09996 -0.34202 0.23677 -0.17400 0.06315 -0.09605 0.22781
0.35801 -0.30346 0.27359 -0.16549 -0.35515 -0.34673 -0.04551 0.07669 0.10236 0.01011 0.08340 0.15664 0.09074 0.16713 -0.24852 -0.19215 0.36228 0.06786 0.29006 -0.31066 -0.31802 -0.20700 0.03888 -0.11916 0.19952 0.16667 -0.29988 -0.18235 0.35927 0.09919 0.26017 -0.04363 -0.14543 -0.38469 -0.06846 0.02260 -0.26751 0.33004 0.22905 -0.08956
-0.02318 0.06436 -0.06629 0.13752 0.17745 0.13791 0.10892 -0.10615 0.04183 0.02487 -0.23426 -0.23624 -0.06888 -0.24196 0.00372 -0.17612 0.12315 0.03622 0.04275 -0.00464 -0.08471 0.06601 -0.07166 -0.07691 -0.11866 0.00337 0.03776 0.00633 0.06815 0.20111 0.00745 -0.03573 0.33565 -0.03271 -0.16247 0.08124 -0.01841 0.26529 -0.14856 -0.11516
0.32919 0.01995 -0.03775 -0.01332 0.18796 -0.04736 0.17356 0.09728 0.06770 -0.22405 0.10201 0.06006 0.03947 0.06020 0.08864 0.19900 0.08847 -0.09331 0.09948 -0.14950 0.23010 -0.11864 0.24427 -0.08602 0.15428 0.15789 -0.00518 -0.01768 0.12222 -0.35031 -0.08053 0.15109 0.22209 0.10336 0.14126 0.15845 -0.14169 0.26500 0.16699 0.23594
0.08884 0.18611 0.17758 -0.16748 0.26970 -0.30947 -0.24149 0.11324 0.11977 0.11009 -0.12472 -0.12249 -0.34092 0.14208 -0.14084 -0.27234 0.00521 -0.10997 -0.19258 0.19241 -0.11193 -0.34830 -0.11945 0.18757 -0.13864 -0.03657 0.11437 -0.28501 0.20780 0.12750 -0.14026 -0.09044 0.00255 0.25427 0.19913 -0.06416 -0.24611 -0.01420 -0.10994 0.02146
-0.16779 0.21768 0.15937 0.10483 0.01736 -0.07028 -0.07505 0.09629 0.05409 -0.09007 -0.17177 0.12890 -0.12069 -0.01609 -0.01150 0.22276 -0.02041 0.19655 -0.16488 -0.09381 -0.07439 0.28044 0.03816 -0.18350 -0.05167 -0.12426 -0.12040 0.13470 -0.03215 0.11574 -0.25141 0.02176 0.24707 0.09492 -0.24382 -0.00076 0.11573 0.20941 -0.12098 0.02176
-0.18101 0.09825 0.33044 -0.09585 0.16476 0.18720 0.13156 0.13594 0.07935 0.05351 -0.04438 -0.20187 -0.10411 -0.07173 0.14665 -0.03721 0.00364 -0.20308 0.02914 -0.02179 -0.11897 0.24095 0.06954 0.06844 0.02404 -0.04320 -0.20254 0.13429 -0.00406 0.07520 -0.15132 0.23971 0.25260 -0.14076 -0.27668 0.05492 -0.05160 0.03178 0.00558 -0.14226
