0.08464 0.06061 -0.19810 0.20324 0.13649 -0.21068 -0.02705 -0.00627 0.03691 0.07641 0.17108 0.02545 -0.05888 0.12273 0.14899 0.06269 -0.05836 0.05753 -0.12259 -0.09829 -0.14458 0.08402 -0.20595 0.01588 0.11620 -0.13933 0.23726 -0.07546 0.21157 -0.07721 -0.02012 -0.20944 0.13995 0.04643 0.06172 -0.05948 -0.07643 -0.11717 -0.09582 -0.08847
-0.10046 -0.00694 0.14243 -0.18715 0.02093 0.06937 0.12081 -0.04028 -0.22323 0.05656 -0.09819 -0.06711 -0.02389 -0.21534 0.00701 -0.00088 -0.10607 -0.07843 0.02224 -0.02820 0.26127 -0.22868 0.22761 -0.21648 0.04965 0.24220 -0.06556 -0.08483 -0.11207 0.29303 0.13919 0.47215 0.01907 -0.20287 -0.22641 0.12914 0.11992 0.06315 0.09217 0.02856
0.09883 0.00371 -0.04502 0.17842 0.10127 -0.18910 -0.05440 0.12516 0.23416 -0.17477 0.10160 0.35118 -0.09212 -0.03087 -0.05327 0.14709 0.15959 -0.02102 0.03067 0.09851 -0.10756 0.08655 -0.18500 0.12393 -0.00581 -0.17727 -0.01335 0.16518 -0.01560 -0.07249 -0.19749 -0.12470 0.03420 0.04333 -0.02661 -0.20348 0.03881 -0.07545 -0.08976 0.01391
0.10782 -0.04073 -0.17085 0.02418 -0.00420 -0.12589 -0.29990 0.24527 -0.01068 0.12811 -0.07409 0.24784 -0.23067 -0.06238 -0.10338 0.15920 0.15069 -0.02023 -0.07277 0.19382 0.02502 0.13072 -0.06628 -0.07940 -0.02890 0.00605 0.04244 0.21379 -0.24142 -0.00317 0.06190 0.01394 0.00477 0.21946 -0.02912 0.11132 -0.24106 -0.03483 0.09854 0.10805
0.18121 -0.11060 -0.13826 0.19317 -0.12958 0.01883 -0.03746 -0.13318 0.04135 -0.16298 0.03503 -0.12565 0.11386 0.21779 0.05847 -0.14767 0.04127 0.06815 -0.04491 0.07325 -0.14702 0.06759 -0.22110 -0.11158 -0.05856 -0.06460 0.05153 0.02775 0.06930 -0.09395 -0.19296 -0.42409 -0.25086 0.20037 -0.00891 -0.00680 -0.04691 -0.07383 -0.10640 -0.10505
-0.18892 -0.12898 -0.15092 0.24809 0.13982 -0.05485 -0.04794 0.04037 -0.11403 -0.04963 0.00251 0.04518 0.00528 0.00262 0.08895 0.03287 -0.09847 0.23877 0.05654 0.02119 -0.23494 0.15104 -0.27167 0.02627 -0.01175 -0.13871 0.30297 0.02259 0.02471 -0.08323 -0.06925 -0.28772 0.04410 0.14289 -0.00849 -0.01665 -0.01646 -0.20787 -0.09553 -0.31130
0.06879 -0.03104 0.02870 -0.03492 -0.23175 -0.05185 -0.14507 -0.20397 0.14718 -0.06501 0.10960 0.02915 -0.01178 0.02981 -0.06038 0.12218 0.06180 0.00744 0.14002 0.04284 -0.26729 0.02506 -0.00135 0.17530 -0.14295 -0.15959 -0.13422 0.07817 0.02512 -0.11868 -0.05882 -0.04838 0.10548 0.16514 0.10718 -0.15594 0.06268 -0.17615 -0.06927 0.11127
0.03779 0.13913 0.07054 -0.03400 0.04642 0.04965 -0.13115 0.14530 -0.05767 0.03745 0.20262 0.04799 0.15578 -0.10191 0.07283 -0.15387 0.07149 0.11197 -0.11103 0.16589 0.01143 0.17527 -0.28123 0.17791 0.08487 -0.09903 0.21725 0.15624 0.04251 -0.21538 -0.13838 -0.07044 0.24086 0.08960 0.30877 0.17903 -0.05026 0.06721 -0.18160 -0.11698
-0.25829 -0.16565 0.01116 0.10153 0.23262 0.03668 -0.09660 0.09374 0.02423 0.01346 -0.02119 0.02170 0.22585 0.02699 0.02754 -0.10193 0.13615 -0.06911 0.06715 -0.07266 -0.48709 0.09301 -0.16781 0.01463 -0.02560 -0.25866 0.10854 -0.09937 -0.04070 -0.14837 -0.09072 -0.26833 -0.09745 0.05409 0.29177 0.08742 -0.11739 -0.05972 -0.10366 -0.11128
0.11505 -0.15491 0.08474 -0.04211 -0.24871 0.07330 0.06495 -0.09266 0.15887 -0.23885 -0.21395 -0.04187 -0.01697 0.23128 0.02640 0.09115 0.04807 0.17599 -0.09288 0.19721 0.20709 0.14197 0.04790 0.23988 -0.00954 0.08212 0.05253 0.22099 0.21334 -0.21538 -0.08566 -0.41823 -0.28455 0.04025 -0.00127 -0.24890 0.04241 0.16328 0.10398 -0.01193
0.20991 0.17278 -0.33961 -0.02907 -0.04644 -0.09284 0.14895 0.02702 -0.26301 -0.21940 0.00690 0.15353 0.15153 0.14505 0.19619 -0.00569 -0.02472 -0.08420 -0.03590 -0.15954 -0.17085 0.20510 0.00151 0.06961 -0.10107 0.00652 0.12830 -0.28190 -0.04355 0.01569 0.12453 0.02215 -0.20163 0.06472 0.14893 -0.12551 -0.07852 -0.04507 0.13404 -0.14940
-0.10953 -0.01999 0.14845 -0.18244 0.02743 0.06206 0.09988 -0.03984 -0.22293 0.05991 -0.10445 -0.05104 -0.03494 -0.23262 0.00073 0.02339 -0.10180 -0.08527 0.02776 -0.01866 0.24686 -0.25207 0.23471 -0.22702 0.03443 0.25686 -0.07718 -0.06928 -0.13681 0.31342 0.15128 0.49311 0.01892 -0.20366 -0.26016 0.13298 0.12520 0.04582 0.09143 0.02510
0.01899 -0.00883 -0.24880 0.14931 -0.24390 0.06991 0.09817 -0.13618 0.04601 -0.07668 -0.03081 -0.04103 -0.06378 0.07708 -0.05099 0.03540 -0.06767 -0.01231 0.10947 -0.10047 -0.14790 0.18377 -0.04117 -0.10010 0.10337 -0.28604 -0.04699 0.01439 0.05790 -0.08580 0.01434 -0.10546 0.06030 0.15970 0.17432 -0.21120 -0.25444 -0.08046 0.12469 0.15053
-0.14716 0.24589 0.04914 -0.03220 0.04786 -0.22633 -0.04207 0.03252 0.21745 -0.00823 0.22398 -0.00945 0.08694 0.02928 -0.06544 -0.00463 0.05091 0.08690 0.08421 -0.00823 -0.28226 0.10670 -0.25086 0.33818 -0.03544 -0.08462 -0.02694 -0.03722 0.05332 -0.32107 -0.04250 -0.19965 0.21490 -0.09427 0.13981 -0.08181 0.11036 -0.02557 -0.26221 -0.20058
0.24153 -0.08559 -0.35929 0.20974 -0.18250 0.09720 0.05819 -0.07503 0.07739 0.00790 -0.08999 -0.15051 0.02399 0.23931 -0.03696 -0.14155 0.15417 0.01084 -0.12294 0.02738 -0.06085 0.19769 -0.19441 -0.14047 -0.03090 -0.12420 0.08879 -0.00858 0.13815 -0.05474 -0.12222 -0.37967 -0.27973 0.26819 0.10163 0.04978 -0.11405 0.00938 -0.03750 0.01169
