-0.31575 -0.28856 -0.38030 0.39153 -0.07614 0.19739 -0.08273 -0.22591 0.36210 0.24999 -0.36625 -0.00925 -0.34015 0.34672 0.23937 0.38584 -0.10176 -0.15674 -0.19450 -0.16697 -0.42367 -0.05123 -0.29916 0.11398 0.35538 -0.27823 -0.16792 -0.04858 -0.21493 -0.10203 -0.38697 0.19046 0.06229 0.28990 0.26350 0.02999 -0.06262 0.48354 -0.09847 -0.31874
-0.05315 0.29771 -0.05250 0.39411 -0.27268 -0.03378 -0.39209 0.28612 -0.05136 0.22099 -0.38969 0.25527 0.20747 -0.01704 0.35973 0.06886 -0.28527 0.19878 -0.49356 -0.29247 0.16167 -0.01180 0.27122 -0.02434 -0.13676 0.04922 -0.16893 -0.23446 -0.27283 -0.07356 0.03133 -0.31840 0.24902 0.11099 -0.16965 -0.08351 -0.19264 -0.09421 0.14241 0.17877
0.12470 -0.21471 0.14862 -0.07486 -0.17160 -0.02375 0.15613 0.23487 -0.14602 0.30868 0.20605 -0.01119 0.10146 -0.30224 0.15224 -0.26240 -0.02503 -0.25635 0.10895 0.19891 -0.11201 -0.10720 0.20015 0.13492 -0.10282 -0.12496 -0.14974 0.04299 0.16818 -0.11580 -0.20039 0.15961 0.13559 0.24771 -0.13708 0.17651 -0.34987 -0.03799 0.23321 0.16664
-0.08308 0.24233 0.11885 -0.16138 -0.09124 -0.09717 0.34104 0.25081 -0.04101 0.28725 0.31288 0.14926 0.24273 -0.31445 -0.11267 -0.16970 0.02616 -0.00307 0.33245 -0.11338 -0.11549 -0.10055 -0.34376 0.28629 -0.20269 -0.24602 -0.02349 -0.03806 -0.22138 0.29822 0.26174 -0.12611 -0.35655 -0.05946 0.19899 -0.15648 -0.24138 -0.19356 0.02103 -0.32110
0.22452 0.27377 0.31356 -0.08902 0.19282 -0.25949 -0.29092 -0.11481 0.08797 0.07117 0.27879 0.31417 -0.40161 0.44168 0.14039 -0.32404 -0.15522 0.21253 0.05417 -0.38319 0.25305 -0.25978 0.24741 0.21592 0.24060 -0.11839 -0.42001 0.26029 0.37042 0.38173 -0.07729 -0.25464 0.24270 0.26048 0.27887 0.09603 -0.03317 -0.18480 0.08469 0.08561
-0.26009 0.24033 0.22713 0.29507 0.27411 0.13295 -0.13527 0.31989 -0.16716 -0.27093 -0.19749 0.08498 -0.02834 0.07562 -0.36050 0.02514 0.39394 -0.07309 0.06126 0.30508 -0.07395 -0.01782 0.35517 0.10742 0.15388 -0.10976 -0.19295 0.35785 0.11496 0.20201 -0.05817 -0.09162 0.26856 -0.03468 0.00294 -0.09662 0.15089 -0.06878 0.00416 -0.14872
-0.32543 0.02473 0.12440 0.23538 0.10418 0.04956 0.02695 0.37168 -0.07156 0.20477 -0.12947 0.33721 0.19727 0.14166 0.31357 -0.26340 -0.22163 -0.44254 -0.10829 0.31675 0.27747 -0.13600 -0.35357 -0.36810 0.07793 -0.43631 0.06549 0.36908 -0.28511 0.39342 -0.19398 0.07543 -0.25923 0.20495 0.26572 0.05078 -0.37989 0.36839 0.02728 -0.32061
0.15416 0.17516 -0.02085 0.31522 0.34880 0.24791 0.06024 0.39477 -0.11176 0.25085 -0.08990 0.27991 -0.35340 0.26166 0.07614 0.36847 -0.06410 -0.09555 0.18490 0.10615 -0.42654 0.10790 -0.04777 -0.35963 0.38096 -0.29399 -0.43061 -0.43420 -0.07993 -0.18946 -0.32356 -0.28397 -0.21087 0.32705 0.17964 -0.25732 0.44607 -0.08281 0.06363 -0.24432
-0.01770 0.02489 -0.04748 -0.02025 0.04799 0.10769 -0.01479 0.10234 -0.07947 -0.04340 -0.31731 0.03727 -0.26306 0.38501 -0.12001 0.10506 0.42141 0.01104 -0.16996 -0.29029 0.11170 -0.24674 -0.43957 -0.37572 0.37343 -0.04293 -0.08935 -0.22426 -0.30642 0.06012 0.28975 -0.05761 0.14896 -0.01949 0.00857 0.20492 0.20882 0.20425 0.12489 0.04134
0.00599 0.00369 -0.27330 0.11673 0.38497 0.24403 -0.05371 -0.13828 -0.02068 -0.19086 -0.34729 -0.37197 -0.31082 -0.02215 -0.36378 -0.27583 -0.37288 -0.15981 0.23605 -0.11152 0.40144 -0.19246 -0.13391 -0.29748 -0.29249 0.02215 0.38871 -0.21839 -0.38654 0.24059 0.34804 0.33047 -0.32924 0.28488 -0.34863 0.15803 0.27246 -0.26186 0.05811 -0.20098
0.30366 -0.32955 0.10992 0.13315 -0.26951 0.18890 -0.00269 0.31659 0.22834 0.25845 -0.26250 -0.00282 0.31643 -0.22897 0.10299 0.15825 -0.03239 -0.06072 -0.08925 0.38171 -0.11090 -0.02665 -0.24703 0.17990 -0.30069 -0.16692 0.15280 0.14318 -0.26804 0.20837 0.01957 -0.39754 -0.23497 -0.27250 0.12718 0.09719 -0.22600 -0.36253 -0.01205 0.20352
0.25902 0.08331 -0.30688 -0.32397 -0.06883 0.08226 -0.27318 0.27260 0.09187 -0.13053 0.17367 -0.12623 -0.10686 -0.12031 0.25189 -0.36088 -0.08793 -0.39720 0.37334 -0.39943 -0.28362 -0.03833 -0.07224 -0.29516 0.41302 0.27020 0.24234 0.15044 -0.32292 -0.03270 0.28637 0.19906 0.16498 -0.40893 0.39152 0.09703 -0.35245 0.37043 -0.26026 0.07818
-0.10183 -0.35323 -0.19471 0.23607 0.30877 -0.17596 -0.26465 0.09839 0.37213 0.34860 0.07951 0.33279 -0.38460 0.35331 -0.22590 0.40325 0.17627 -0.08790 -0.22506 0.35835 -0.24779 0.04060 -0.13570 0.24425 0.30597 -0.17266 0.27424 -0.05229 -0.20324 0.26850 0.33155 -0.09588 -0.39835 0.18074 -0.23656 -0.13452 -0.14025 -0.24359 0.40732 -0.24144
-0.44563 -0.13757 0.14810 0.09646 -0.32876 0.23438 0.31621 0.10439 0.03977 0.37231 0.19054 0.28299 0.36497 0.32690 -0.01754 -0.09568 0.06090 -0.35712 -0.11603 -0.33654 0.43478 -0.43781 0.09269 -0.01575 -0.45699 -0.27203 -0.27166 -0.36439 0.19833 -0.24721 -0.36917 0.10966 0.07942 -0.42263 0.01398 0.39793 -0.26465 0.07700 0.41362 0.15819
0.00233 0.24184 -0.32527 0.28151 0.24051 -0.23606 -0.21387 -0.22388 0.18273 -0.18206 -0.02386 0.30282 -0.12770 0.13172 0.08375 0.39115 0.00056 0.20395 -0.16717 -0.02388 0.24624 0.03072 0.23949 0.12537 0.01462 -0.03511 0.04014 -0.03307 -0.06109 0.28435 -0.37158 0.16838 0.29086 0.48122 0.18726 0.08626 0.32901 -0.00358 -0.09574 -0.34685
0.14568 -0.08982 0.09423 -0.09045 -0.22413 -0.29734 -0.38030 -0.12603 0.03141 -0.16461 -0.05102 -0.44606 -0.05393 -0.09303 0.39705 -0.36634 0.21882 0.17442 0.19365 0.01942 -0.19096 0.15914 0.16605 0.08531 -0.07028 0.25333 0.30463 -0.18662 -0.29792 0.17367 0.32457 0.39627 0.31519 0.39364 0.01650 0.18985 -0.03143 -0.22857 -0.28964 -0.03242
-0.01696 0.19180 0.40318 -0.00252 0.27469 -0.18308 -0.24751 -0.28689 -0.43663 0.24292 0.31408 -0.04366 0.14116 0.03342 0.02510 0.03685 -0.22893 -0.38494 0.30078 -0.10985 -0.33150 0.40984 0.14026 -0.19158 0.22699 -0.36269 -0.14475 0.23427 0.07842 0.20522 0.19598 0.35517 -0.06689 -0.26370 -0.10718 0.07999 -0.09184 0.15986 -0.11489 0.14770
0.16785 0.31019 -0.13520 -0.05028 0.25224 0.22016 -0.31030 0.33021 -0.00498 -0.00406 -0.10003 -0.19077 -0.17599 0.30830 0.12602 -0.17316 -0.22497 -0.03106 0.02373 -0.31967 0.20268 -0.06502 0.37442 0.22961 -0.19047 -0.29929 -0.29277 0.26004 -0.30569 -0.23800 -0.06260 0.21051 -0.49569 -0.07413 0.24502 -0.29413 -0.08708 0.10948 -0.05830 0.23850
-0.25059 -0.15866 -0.21311 0.26186 0.39072 -0.40033 0.08835 -0.00890 0.34949 -0.28636 -0.37458 0.29036 -0.24347 -0.07667 -0.20271 -0.16909 -0.01063 -0.32770 -0.11681 0.21643 -0.34809 -0.17964 -0.18442 -0.00821 -0.06003 0.12218 0.06520 0.31234 0.11084 0.10265 0.23073 0.05235 -0.02409 -0.29944 -0.23118 0.04893 0.15978 -0.26068 0.16568 0.31126
-0.38444 0.20014 -0.30354 0.09988 0.42452 0.08134 0.05176 -0.24366 0.07156 -0.29622 -0.45370 -0.37578 -0.11828 0.00474 -0.34037 0.25289 0.17904 -0.04884 -0.00975 -0.07763 0.46999 0.27505 -0.13672 0.22600 0.30290 -0.29067 0.25387 -0.41048 -0.04156 -0.07978 -0.36168 0.31855 -0.36279 -0.27141 -0.32152 0.11129 -0.26371 0.12365 -0.02913 0.45762
-0.13023 0.28762 -0.25934 -0.31746 0.30282 -0.16111 -0.18220 0.31730 -0.12111 -0.23472 0.10896 -0.31760 -0.26546 -0.08217 0.08150 0.20027 0.23719 -0.14113 0.31093 -0.28856 0.12357 0.07543 -0.30484 0.09936 -0.05672 0.03221 -0.24589 0.37397 -0.36959 0.00438 -0.00184 -0.20390 -0.15213 0.00074 0.00153 -0.15127 0.21427 -0.28155 0.41993 -0.02582
0.43498 0.35996 0.28823 -0.34526 0.42709 -0.12915 0.07993 0.02922 -0.21751 -0.16432 -0.07927 -0.29844 0.39941 0.11777 -0.31374 -0.12328 -0.11920 -0.47138 -0.04456 -0.20351 0.44576 -0.43449 -0.05173 -0.31088 -0.10976 0.25374 -0.03311 -0.43027 0.02469 -0.26630 -0.01099 0.00156 0.02148 -0.02762 -0.36997 -0.13778 -0.05518 -0.24145 -0.33678 0.19833
0.32886 0.38096 0.21633 -0.10573 0.34655 -0.31642 -0.20172 -0.13631 0.19915 0.08496 0.28371 0.28860 0.19256 -0.28684 0.24197 -0.05068 0.33369 -0.16529 -0.33344 0.09760 0.05425 0.04562 0.07711 0.21807 -0.04591 0.27477 0.10781 -0.23773 -0.39808 0.20710 -0.41415 0.00933 0.21026 0.31600 0.39328 0.32724 -0.45959 0.37744 -0.26055 -0.24839
-0.05796 -0.26470 -0.24967 -0.18896 -0.26827 0.19951 -0.07464 0.11736 -0.17106 -0.15356 0.04156 -0.12351 -0.15370 0.10736 -0.37754 0.06948 -0.26435 -0.10529 0.17947 0.10613 -0.18285 -0.09570 -0.05837 -0.16784 0.22642 -0.11742 0.35582 0.01698 -0.31741 -0.25425 -0.00747 0.28339 -0.21205 0.14263 -0.29281 -0.31314 -0.08790 0.23478 -0.31281 -0.14302
0.21650 0.24301 0.21571 0.06364 0.11183 -0.03588 0.22561 -0.34239 -0.30863 -0.07451 0.19730 0.15334 -0.13839 0.04221 -0.39654 -0.24963 0.23961 -0.22347 0.22531 -0.15030 0.08629 0.17910 -0.15311 0.04250 -0.03316 0.22089 -0.01058 0.08993 0.24582 -0.07852 -0.22430 0.24560 0.27804 -0.03177 0.10087 -0.06319 0.19521 -0.35613 -0.23925 0.28494
0.33923 0.13669 -0.14817 -0.32771 0.24044 -0.22177 -0.38281 -0.01544 -0.29585 0.31960 -0.19846 0.42082 -0.00293 0.31389 0.22196 -0.15019 0.40644 0.37751 0.22290 -0.15793 -0.32589 0.41935 0.02597 -0.17554 0.19381 0.24382 0.26639 -0.22388 -0.22537 -0.35743 -0.47774 -0.25513 -0.43447 -0.31811 -0.16771 -0.38719 0.20456 -0.04154 -0.21044 0.32948
-0.22000 -0.21156 0.23206 0.05030 0.41929 -0.25327 -0.24531 -0.16469 0.03389 -0.30703 -0.22665 -0.21906 -0.00380 0.24681 -0.13705 -0.23865 0.00276 0.16524 0.13903 0.12160 0.04392 0.28956 -0.05063 0.14104 0.26350 0.10793 0.22999 -0.13731 -0.30172 0.30914 0.09104 -0.08822 0.39070 0.25592 -0.31416 -0.18288 -0.18597 -0.04302 -0.23568 0.16139
-0.36414 0.29264 -0.21900 0.19878 -0.14102 -0.32575 -0.07648 -0.10179 0.30986 0.13129 -0.35014 -0.31046 0.30326 -0.34915 -0.10389 -0.15317 -0.20059 -0.16296 -0.21898 -0.05977 -0.10309 -0.26083 -0.36100 -0.21084 0.34931 -0.04749 0.00527 0.31226 0.15854 -0.15408 -0.29602 -0.20097 0.02714 -0.03394 -0.20641 0.23875 -0.47396 0.19209 -0.09426 -0.00336
-0.09152 -0.15143 -0.29208 0.03930 0.36434 0.38408 0.15519 0.25747 -0.12487 0.04536 0.37053 0.07647 -0.27367 -0.00553 0.15437 0.22286 -0.09101 -0.07991 -0.30389 -0.12648 -0.01672 0.34353 0.03317 0.20992 -0.04628 -0.15048 -0.03463 -0.25510 0.02453 0.13145 -0.21960 -0.22581 0.12358 0.21930 -0.31700 -0.35251 0.12453 0.03978 -0.07058 -0.21609
-0.25908 0.33124 -0.08024 0.20791 -0.27278 0.36270 -0.24699 0.34398 0.02408 -0.14152 -0.30162 -0.04906 -0.01519 0.12241 0.37363 -0.26331 -0.19670 0.13573 0.35530 0.35819 0.12586 0.01259 0.24412 0.36683 -0.22167 0.02246 -0.00186 -0.42664 -0.13710 0.23966 0.02178 0.33403 -0.31056 0.16443 -0.19034 0.17638 0.27051 -0.26383 0.03384 -0.07517
-0.29792 0.34243 -0.07047 -0.12965 -0.30080 -0.11066 -0.29138 -0.31690 -0.03992 0.20979 0.02296 0.15006 -0.36335 -0.27632 0.13616 -0.08297 0.28514 0.32565 -0.29175 0.28077 0.34282 0.29688 0.28191 0.21873 0.31438 0.25968 -0.05946 -0.21675 -0.20578 0.17603 -0.19548 0.16997 0.19927 0.27798 -0.15530 -0.15587 -0.21495 -0.14637 0.11921 -0.29974
0.46920 -0.20444 0.36033 0.30612 -0.45832 0.35158 -0.22043 -0.32351 -0.29162 0.12509 -0.15310 0.05096 0.06530 -0.39222 -0.00536 0.19774 -0.08633 -0.28795 -0.42532 -0.19472 -0.24396 -0.01332 -0.27450 0.37309 0.05646 0.05831 -0.03654 -0.35765 -0.23739 -0.21863 0.23675 0.17087 -0.32551 0.10320 -0.19277 0.21572 0.27203 -0.10959 0.11291 0.26001
-0.20620 0.11372 0.15751 -0.07599 0.43439 0.28114 -0.00511 -0.27742 0.33445 0.38879 -0.17158 -0.09797 -0.09036 0.05340 0.17108 0.18049 -0.09175 0.04159 -0.34064 -0.44170 0.38365 0.19692 0.28347 -0.02268 -0.21382 0.13517 -0.20227 -0.02851 -0.26682 0.07542 0.07558 -0.42367 0.14298 0.11442 -0.08703 0.37533 0.23794 -0.04745 0.04978 -0.17875
-0.14240 0.13684 -0.25511 -0.37655 -0.12582 0.31408 0.28854 -0.29921 -0.02539 -0.05998 -0.24566 0.14096 0.21884 -0.01686 -0.17907 -0.27779 0.38306 0.04945 0.14855 0.14375 -0.25544 0.10267 0.11883 -0.03160 0.16743 -0.35063 -0.29364 -0.28886 0.03971 0.17675 0.23727 0.13894 -0.00258 0.20398 -0.31481 0.37833 0.09896 0.12697 0.01838 -0.21921
0.28229 0.34215 0.35652 -0.35464 -0.22416 -0.26812 0.26012 0.33317 -0.18541 0.48009 0.14497 0.03590 0.30652 0.11970 -0.17462 -0.39129 0.25892 -0.05596 -0.02441 0.01739 0.24647 -0.45798 -0.14847 -0.09765 0.44092 -0.08116 0.02099 -0.37092 0.28974 -0.19784 0.36247 0.04767 0.01793 0.15249 0.12024 0.05503 0.08765 0.33398 0.34942 0.00370
0.17529 -0.25678 -0.31384 -0.38196 -0.17894 -0.10313 0.09240 -0.05118 0.05824 0.10001 -0.12059 -0.27375 -0.06893 -0.24875 0.05568 -0.09946 0.13621 0.41405 -0.13479 -0.10499 -0.14453 -0.21800 0.40519 -0.32827 -0.07224 -0.36291 -0.30714 0.07189 0.05270 -0.24282 0.19230 0.05430 -0.35573 -0.04851 0.19881 0.04611 -0.05946 0.01968 0.40552 -0.24002
-0.13070 0.00735 0.38856 -0.37479 0.30082 0.05574 -0.20776 0.13643 0.04351 0.21588 -0.26880 0.20327 0.39616 -0.24932 0.24652 -0.07995 -0.03475 -0.25706 -0.01181 -0.38884 -0.02045 -0.32810 0.18007 -0.26882 -0.26119 -0.38707 -0.27190 -0.27491 0.01787 0.08728 0.32076 0.19536 0.24546 -0.31222 0.17919 0.39934 -0.08016 -0.08843 0.09155 -0.02333
0.10930 0.23596 0.14601 -0.15634 0.10859 0.46053 -0.03470 0.12727 0.10211 0.09534 0.14858 0.32742 0.20188 0.41267 0.30638 0.36068 -0.07534 -0.26497 -0.18155 -0.19679 -0.15003 -0.32478 -0.18906 -0.30905 0.07766 0.22902 0.24439 -0.09132 -0.17152 0.02610 0.32915 0.00144 0.10961 -0.23272 0.11562 -0.01189 -0.00868 0.26745 0.03758 0.21022
0.25827 0.03332 0.23569 0.32649 -0.15912 0.02987 0.22251 0.19044 0.16636 -0.00206 -0.00391 -0.21552 -0.19725 -0.00396 -0.22248 -0.25489 -0.21049 0.08256 0.35984 -0.09800 -0.01810 -0.33236 -0.20475 -0.32805 0.13073 -0.07054 -0.16372 0.17478 0.35278 -0.13169 0.27310 -0.22254 -0.05718 0.11916 -0.32705 0.01353 -0.37570 0.04602 -0.32462 0.22441
-0.18117 0.29562 0.28513 -0.04613 0.10353 0.04864 -0.33792 -0.21781 0.08775 -0.11555 0.39689 0.13321 -0.35272 0.02466 0.34758 -0.26995 -0.18042 0.19859 0.00482 -0.14417 -0.24328 -0.25140 -0.42992 0.08241 0.18062 -0.35574 0.07021 0.41704 -0.30307 -0.13022 -0.33640 -0.26425 -0.30660 -0.27705 -0.05087 -0.14110 -0.38084 -0.36818 0.39696 0.37853
-0.03416 -0.24563 0.10026 -0.09642 -0.23554 0.30758 0.16646 0.28316 0.01510 0.16840 0.17184 0.22792 0.20052 -0.02580 -0.28465 -0.03931 0.06657 0.05281 0.07225 0.10336 -0.31397 0.06050 -0.01132 0.10052 -0.04100 0.05127 -0.19460 -0.18748 -0.29761 -0.07853 0.00851 -0.08846 -0.13264 -0.17082 -0.00354 -0.16391 -0.02030 0.21952 0.15897 0.19834
-0.19065 0.41985 0.28920 0.01097 -0.23182 -0.11842 -0.12746 -0.32060 -0.31915 -0.07411 0.32354 0.36187 0.24623 0.27684 0.32266 0.25939 -0.01164 -0.00377 0.31505 -0.18206 -0.11249 0.18912 -0.34503 0.25683 -0.29700 -0.04542 -0.29232 -0.24230 -0.23311 0.14178 0.28820 -0.24114 -0.23367 0.13291 0.22839 0.10730 -0.13159 -0.14690 0.34464 0.05250
-0.06603 -0.22928 -0.22676 -0.08754 0.29252 0.24588 0.00505 -0.26698 0.04568 -0.28392 0.04411 -0.21010 0.23537 -0.02454 0.18467 -0.17177 0.24667 -0.09868 0.28030 -0.04393 -0.21798 0.31241 -0.32987 -0.15218 0.01538 -0.16696 0.05801 0.01955 0.13064 0.21633 -0.02262 0.21078 -0.13611 -0.05477 -0.25017 0.08446 -0.09408 0.17082 -0.11296 0.24923
0.07892 0.29688 -0.35609 -0.32236 -0.11198 -0.32675 -0.23927 -0.30190 -0.06688 0.28573 0.23962 -0.08030 -0.21794 -0.06548 0.40153 -0.09603 0.28004 0.10986 -0.18882 0.14694 0.02017 0.32354 0.41316 -0.18614 -0.26551 -0.08508 0.01516 0.19562 0.12609 -0.33198 -0.32318 -0.19433 0.18581 -0.40773 -0.28634 0.36866 0.22316 0.11136 -0.09608 0.05320
-0.42964 0.24706 -0.23070 -0.05757 0.36470 0.04408 0.30400 0.05921 -0.10740 -0.11258 -0.19294 0.15243 -0.11512 -0.16460 -0.21092 0.28788 -0.20549 -0.19115 0.34824 -0.06203 0.08518 0.10002 0.20226 -0.09927 0.11930 0.23156 -0.41792 -0.02919 0.00659 0.30836 0.15494 -0.07133 0.02153 -0.08127 0.07669 -0.05490 -0.05452 0.22137 -0.30517 0.25219
0.12678 0.29372 0.28288 -0.25445 0.12797 -0.22201 -0.21543 0.28034 0.21520 0.38181 0.06225 -0.22609 0.04204 -0.43123 0.24129 -0.20674 -0.06490 0.01679 0.25944 0.14328 0.13727 0.06537 0.28522 0.13740 -0.00356 -0.12183 -0.07141 0.29973 0.19992 0.22972 -0.27459 0.29296 -0.06135 0.25538 -0.16663 0.12093 -0.19230 -0.29712 0.15579 -0.07337
0.32927 -0.43726 -0.14139 0.32001 0.02719 0.09289 -0.17450 0.03521 0.36352 -0.39910 -0.33023 -0.25651 -0.14357 0.41068 -0.04217 0.36961 0.25344 -0.26958 0.10359 0.39326 0.17907 -0.08127 0.31574 -0.29782 0.08156 -0.44150 -0.37243 -0.23280 -0.30389 0.40551 -0.16258 0.11761 0.21935 0.08249 -0.37772 0.32199 -0.18246 0.26853 0.26924 -0.38695
0.26540 0.15076 0.03616 0.23984 0.40465 0.15395 -0.19865 0.02517 0.45621 -0.34845 0.36050 -0.37758 -0.32503 0.03995 0.28465 0.33363 -0.13967 0.29062 0.03044 0.31396 -0.05607 0.10708 -0.23468 0.48376 0.35131 -0.27492 0.33234 0.15793 0.11738 0.18032 0.23837 0.20923 0.12174 -0.25138 0.29542 -0.17501 -0.00678 -0.29697 -0.44119 -0.12860
-0.14868 -0.16183 -0.38855 0.25658 -0.44028 0.03412 -0.24685 0.05999 0.43761 0.30153 0.06835 -0.01799 0.02827 -0.09408 -0.31192 -0.30164 -0.28096 -0.26282 0.27734 -0.07778 0.29289 -0.37763 0.02637 -0.42925 0.32614 0.01634 -0.36179 0.08957 0.35705 -0.27632 0.22792 -0.27449 0.05536 -0.34150 0.25566 0.28177 -0.01066 0.16086 -0.09809 -0.01253
0.06988 -0.43405 0.19138 0.16389 0.14714 -0.13203 0.35516 0.08304 0.15868 -0.01433 -0.08105 0.18017 0.36528 0.22036 0.19992 -0.00181 0.08656 -0.40673 0.05605 -0.10061 0.36513 0.31358 0.40737 -0.15430 0.23184 -0.07938 0.36176 0.40421 0.26921 0.31567 -0.20684 0.18031 0.06994 -0.02532 -0.00080 -0.35192 0.15375 0.33246 -0.29551 -0.35047
-0.29875 0.11598 -0.10188 0.41483 -0.35910 -0.04945 0.08564 0.41998 -0.00595 0.40099 -0.37733 0.05311 -0.12355 -0.48368 -0.22121 0.06577 -0.22616 -0.35197 -0.14664 -0.35031 -0.14308 0.30190 0.22039 0.37468 0.18546 0.04112 0.19347 -0.11592 0.05420 -0.00116 0.37011 0.40272 -0.03729 -0.04320 0.41642 0.40379 -0.19793 -0.47396 0.47519 0.15686
0.11798 -0.32164 -0.13618 -0.01025 0.25133 -0.32310 0.34714 0.03446 -0.29942 0.30356 0.38063 -0.00531 -0.15670 -0.21248 -0.11161 0.16956 0.28776 0.03065 -0.35232 0.23628 -0.31481 -0.22897 -0.01523 0.02950 -0.08349 0.29031 0.10799 0.24707 0.10546 0.24166 0.14125 -0.16000 -0.24062 0.07589 0.24130 0.18640 0.03315 0.14002 0.22508 0.29006
0.30281 0.07496 -0.39493 -0.21719 0.07635 0.21220 0.32796 -0.37424 0.07366 0.17004 -0.33717 0.26334 -0.17126 0.01520 0.42512 0.03051 -0.30568 -0.10261 0.22746 0.18753 0.18387 -0.34589 -0.34773 0.29531 -0.14652 -0.32366 0.12011 -0.31756 -0.34509 -0.38642 -0.39873 0.25937 0.32689 -0.27997 0.16802 -0.22396 -0.09370 -0.07303 0.32316 0.07193
0.04203 -0.21115 0.29785 0.14274 -0.20405 -0.07258 0.21223 0.14108 -0.02501 0.13815 0.20484 0.04582 0.34579 -0.16548 -0.14338 0.18688 -0.06615 0.15982 0.04875 0.32565 -0.14395 -0.04131 -0.13972 0.20341 -0.07501 -0.18447 0.18423 0.31036 0.31188 0.04178 0.01994 0.33644 0.14444 -0.01520 0.24517 -0.15963 0.10509 0.19296 -0.30236 0.00549
0.00988 0.01914 -0.08073 -0.46113 0.27694 -0.11810 0.17400 -0.47661 -0.13884 -0.22879 -0.24106 0.39735 0.11027 -0.46242 0.32480 0.35494 -0.40900 -0.37952 0.34937 -0.29112 -0.17696 -0.31874 0.19721 0.14270 -0.08990 -0.32392 -0.01170 0.23809 0.39707 0.13856 0.08099 0.25615 -0.01256 0.43811 0.05042 -0.05175 -0.35687 0.19374 -0.39675 -0.43744
0.00978 0.17811 -0.23410 0.42315 0.13596 0.37964 -0.19229 0.25028 0.36223 -0.32894 0.09758 0.25498 0.33108 0.26435 0.19905 0.29193 0.21564 0.07557 -0.35979 0.32137 -0.07730 -0.13076 0.18536 0.29282 -0.38252 -0.37140 0.19332 0.28327 0.18884 0.06728 -0.13083 0.04503 -0.21502 0.35601 0.25880 -0.22490 0.06910 -0.27351 0.08942 0.01081
-0.25252 -0.38705 -0.07776 0.42273 -0.20081 -0.00386 -0.38886 -0.16967 0.32477 0.08457 -0.05071 -0.07771 -0.20881 0.04872 0.21072 0.28281 0.12978 0.34825 0.39956 0.14642 -0.29912 -0.28714 -0.14736 -0.13839 -0.09871 -0.17073 0.01528 -0.28695 0.15810 0.07181 0.03263 0.21735 -0.29652 -0.28524 0.00782 -0.19081 0.37562 -0.15627 0.08103 0.17982
-0.30089 -0.21523 0.33754 -0.24882 0.08733 0.24567 -0.45773 0.03344 0.36215 0.26999 -0.15450 0.14560 -0.01533 -0.29805 0.25470 -0.23332 0.02382 0.09559 0.43558 0.05143 -0.14904 -0.13206 -0.07790 -0.24168 0.40819 -0.11532 0.12849 -0.04220 -0.13529 0.07848 -0.31999 -0.18661 0.11390 0.16205 0.06438 -0.17643 -0.19795 -0.32313 -0.04624 -0.10158
0.34527 0.29439 -0.23791 0.28028 0.22319 0.06634 -0.22185 0.23863 -0.01687 -0.10096 -0.16389 0.21409 -0.23674 0.29696 0.09038 -0.21891 -0.06491 0.18095 0.01361 -0.37961 -0.42401 -0.24331 -0.05211 -0.02313 0.12156 -0.19588 0.37189 0.01725 -0.08587 -0.26717 0.15066 0.15150 0.24321 -0.22395 -0.26305 -0.21171 -0.23150 0.24389 0.17808 0.25552
-0.14719 0.24813 -0.10463 0.19244 0.14488 -0.12857 -0.09546 -0.22569 -0.20319 -0.11923 -0.31579 0.20945 -0.41055 -0.27594 0.04203 -0.37292 -0.19295 0.36198 -0.01119 0.32114 0.25212 -0.31392 0.15554 -0.24972 -0.08105 -0.03723 -0.14149 -0.45131 0.36527 0.09250 0.27000 -0.43404 0.35586 -0.20111 -0.05648 0.16459 -0.07804 -0.29366 -0.06271 0.22877
-0.32797 0.00492 0.06011 -0.13543 0.36720 -0.19165 0.13716 -0.07423 -0.21340 0.19400 0.05252 0.33345 0.17435 -0.05764 0.20124 -0.04060 0.43652 0.08059 -0.33496 -0.17407 0.26281 0.13375 -0.10248 -0.26255 -0.27244 -0.23175 -0.28776 -0.27023 -0.41873 0.37386 0.31775 -0.35635 0.15683 0.15276 0.25135 -0.22831 -0.20973 -0.02163 -0.02628 -0.40725
-0.13979 -0.25805 0.26172 0.11505 -0.23572 -0.15662 -0.00450 -0.12630 -0.06735 0.26704 -0.05756 -0.24615 0.04993 -0.17914 -0.25477 -0.13335 0.14738 0.04896 -0.17579 -0.05485 0.22596 0.02105 0.43151 0.09309 -0.30390 -0.16559 0.13294 -0.21477 0.23041 0.27313 0.22144 -0.36355 0.24164 -0.30959 -0.28038 -0.24246 -0.09968 0.31454 -0.33861 0.37712
0.00604 -0.11899 0.25099 -0.03403 -0.27229 0.05989 -0.25610 -0.26964 -0.07908 0.22382 0.01492 -0.33394 0.42910 0.30712 0.10137 0.02191 0.30672 0.09684 0.46819 -0.06800 -0.09095 0.22121 -0.32879 0.30003 -0.01787 -0.26613 0.02586 -0.07740 -0.43002 0.31203 0.20252 0.03846 0.11481 -0.20130 0.11997 0.27542 0.36561 0.24014 -0.30791 -0.23170
-0.35770 0.02953 -0.34589 -0.41080 0.41169 0.12747 -0.36589 -0.04242 0.48063 0.19538 -0.24763 0.06182 -0.29451 -0.18880 0.18389 0.42248 0.25703 0.35401 0.07485 0.30336 -0.11186 0.14399 -0.30074 -0.05006 -0.13742 0.30859 0.00043 -0.29150 0.06531 -0.37900 -0.05147 -0.31669 -0.18401 0.20530 0.12082 -0.25706 -0.20233 0.36984 0.27269 -0.02651
0.10216 0.30984 0.22457 0.17607 0.05914 0.32547 -0.07955 0.29008 0.01856 -0.25892 0.24575 -0.22005 -0.13133 -0.03695 -0.05871 -0.29554 0.44386 0.37643 0.06440 -0.19681 0.17634 -0.16212 -0.12343 0.10728 0.32596 0.05859 0.01302 0.31980 -0.39385 0.26117 -0.24358 0.14552 0.18420 0.11325 0.07244 -0.18907 0.14768 -0.18536 0.00119 -0.30647
-0.10607 -0.10956 -0.10097 -0.08917 -0.13269 -0.24864 0.01915 -0.07864 -0.29271 -0.09419 -0.04607 0.21877 0.14850 -0.02415 -0.21048 0.03231 -0.06215 -0.28443 -0.29451 0.07958 0.36291 -0.07973 -0.11968 0.05960 0.02081 0.08253 0.17095 0.12666 -0.19451 0.00442 -0.12242 0.30326 -0.04106 0.26802 0.02403 0.10803 -0.03832 0.07601 -0.20473 -0.10165
0.27247 0.06915 -0.14247 0.23326 0.08031 -0.12240 -0.05142 -0.05098 0.16402 0.05437 -0.23913 -0.21215 -0.36337 -0.28953 -0.05472 0.04342 0.10205 0.21296 -0.30969 -0.21222 -0.20165 0.08447 0.10337 0.10285 0.22186 -0.00129 0.15584 0.03618 0.28013 0.24804 0.01791 -0.27747 0.30889 0.27812 0.11755 -0.07738 -0.33915 0.22644 -0.25044 -0.00810
0.27872 0.15134 -0.04104 0.34869 -0.13449 0.12666 -0.41184 0.20918 0.00395 0.09571 -0.12206 0.16103 -0.33793 0.34416 -0.12542 0.06103 0.03508 0.04982 -0.10368 -0.35283 0.09750 -0.28985 0.16922 -0.37058 -0.05479 -0.36318 0.23223 0.00938 -0.03991 0.28891 -0.12808 0.15800 0.23313 0.21659 -0.14321 -0.19022 -0.31828 -0.03618 -0.03069 0.37773
0.00752 -0.31215 0.31343 0.21846 0.24200 0.41911 0.05267 0.05654 0.29145 -0.01408 -0.14063 0.19378 0.00524 -0.38610 -0.07032 0.00934 -0.31752 0.07902 0.35548 0.04863 0.35308 -0.26531 0.26859 -0.11179 -0.37178 -0.37274 -0.21366 0.28354 -0.19364 -0.36437 -0.24131 -0.23286 -0.29061 -0.16903 0.12162 -0.20952 -0.34662 -0.24928 0.31353 -0.09717
0.32203 -0.26197 -0.30482 -0.43170 -0.30290 -0.26566 -0.26757 -0.06398 -0.13184 -0.26259 -0.31051 -0.28432 0.27488 -0.19936 0.43357 -0.42669 0.30684 -0.10050 0.04978 0.24407 0.26758 -0.18244 -0.03438 0.02753 -0.22050 0.32336 -0.24004 -0.19897 -0.29436 -0.04747 0.18824 -0.26335 0.32724 -0.27985 0.25544 0.29208 0.01456 0.06855 0.28539 0.03994
-0.34195 0.25628 0.10090 0.17693 -0.33609 0.35252 0.10242 -0.18146 0.04124 0.22970 -0.12800 0.05921 -0.05948 -0.35734 -0.43407 0.30664 0.11436 -0.26083 0.01574 0.14433 0.22978 0.26222 -0.17219 0.36742 0.28570 -0.11936 0.07353 0.21102 -0.24216 0.33911 -0.37199 -0.01343 -0.11049 -0.25391 0.11753 -0.35305 0.01517 -0.14137 -0.30064 0.16155
0.12063 0.11979 -0.12350 -0.25721 0.14358 0.28381 0.26566 0.03345 -0.10918 0.25433 0.28111 -0.35294 0.07601 0.10210 -0.17983 -0.13756 -0.26933 0.01145 0.02563 -0.07929 0.01085 0.19157 0.33159 -0.03698 -0.29390 -0.43193 -0.32702 0.08178 -0.13318 0.15775 0.12845 -0.24043 0.03527 -0.14474 0.34799 0.26302 -0.12984 0.31771 -0.32107 -0.20044
0.11700 0.33180 0.38280 -0.33233 -0.29189 0.27280 -0.15181 -0.28100 -0.23414 -0.15867 0.34491 0.31148 -0.10193 0.38426 0.00384 0.07075 -0.20524 0.18936 0.15870 -0.13438 -0.19749 0.30612 0.27993 0.33229 0.05764 0.15119 0.35621 0.12008 -0.27947 0.36306 0.02170 -0.22067 -0.27246 -0.45771 0.08973 0.03930 -0.03399 -0.37906 -0.15296 0.29432
-0.42552 0.06749 -0.29777 0.41006 0.03177 -0.28230 0.13109 0.35484 -0.16426 -0.20068 0.00747 -0.38713 -0.41573 -0.07508 -0.07575 0.09047 -0.12270 0.06013 -0.35294 -0.14121 0.33078 -0.03959 -0.27429 -0.06726 0.08228 0.31135 0.27725 -0.20468 0.14438 -0.04456 0.43756 0.06866 -0.10247 0.39412 -0.24008 -0.32144 -0.39577 -0.05015 -0.01712 0.19815
-0.01089 -0.25058 -0.09660 -0.16813 -0.17847 -0.16154 0.40852 -0.09942 -0.23881 0.15210 0.19801 0.30848 -0.00783 -0.13923 -0.14921 0.16312 -0.00908 0.03324 -0.22882 -0.06985 0.38305 0.00281 -0.05021 0.20853 0.02285 0.13650 0.19784 0.09026 0.04996 -0.25429 0.04047 0.24309 -0.04567 0.29978 0.16481 -0.19660 0.22878 0.27390 -0.02486 0.15846
-0.17260 0.01625 0.23135 -0.18974 0.16761 -0.02491 -0.03021 0.08690 -0.01003 0.03546 0.28343 -0.10483 -0.12630 -0.13407 0.31497 -0.13933 -0.09239 0.04837 -0.11768 -0.12514 0.09421 -0.18005 -0.06939 0.26652 0.04406 0.07586 -0.15868 -0.03805 -0.22844 0.07463 -0.13525 0.28583 -0.17237 0.01741 0.22720 0.06972 -0.14459 0.09746 -0.05043 -0.11929
-0.09119 0.27099 0.20339 -0.00211 -0.16766 0.17827 -0.12138 0.04133 -0.00930 -0.20832 0.20802 0.12595 0.10750 0.19840 0.23298 -0.26702 -0.18755 0.32481 -0.22109 -0.04770 0.25909 0.24994 -0.15620 0.27379 0.05146 0.17168 -0.03329 -0.25578 -0.04496 -0.19978 0.09956 0.06774 -0.18498 0.03898 -0.05551 0.04873 -0.11197 0.08292 -0.18716 -0.17466
0.11177 0.00825 -0.04382 0.30284 0.13642 0.12229 0.37851 -0.32794 -0.05241 0.26782 -0.00436 0.02771 0.26357 -0.03195 -0.02516 -0.04862 -0.13070 0.15512 0.36076 0.35350 0.02602 0.23802 0.03475 -0.03022 -0.09951 0.02889 -0.39908 -0.08195 0.21014 0.24301 0.23398 0.20919 0.17465 -0.04124 -0.02456 0.27091 0.28187 -0.01353 -0.27908 -0.00276
0.29476 0.33852 0.15990 0.24509 0.19035 -0.20215 -0.41431 -0.33707 -0.36965 0.07423 -0.33549 0.04780 0.36886 0.32211 0.08796 -0.07548 -0.13128 -0.27523 -0.20301 -0.38338 0.01982 0.21430 -0.08267 -0.19499 -0.25097 0.01293 -0.17775 0.14013 -0.22944 -0.42251 -0.39394 -0.40398 0.19141 -0.16087 0.21839 -0.28615 -0.02131 -0.24616 -0.29339 0.33931
0.10238 0.18340 -0.22498 -0.04787 -0.08147 -0.35310 0.41440 -0.27635 0.30570 -0.03612 0.17824 0.14044 -0.12219 -0.10964 0.24991 0.11889 -0.31521 0.09095 -0.03860 0.15593 0.06554 -0.20209 0.21141 0.07549 0.30975 -0.30953 -0.12660 0.32342 -0.21217 0.05806 0.21721 -0.14956 -0.14944 0.23874 -0.37927 -0.03388 0.14812 0.02660 -0.41408 -0.27910
0.12990 -0.13420 0.43515 -0.35402 0.45969 0.03178 0.23265 -0.18374 0.25192 0.37576 0.03072 -0.14309 -0.20029 -0.32147 -0.28337 0.27072 0.30598 -0.25567 0.35641 -0.13052 0.28956 0.10507 0.34029 -0.46003 -0.03855 -0.29778 0.38630 0.27903 -0.19841 -0.07429 -0.02409 -0.21060 0.38748 -0.15565 0.08739 -0.15431 0.30388 -0.05501 -0.26546 -0.00464
-0.17678 0.07639 0.02239 -0.19709 0.30736 -0.13000 0.21141 0.33485 0.12912 -0.00116 -0.05616 -0.24037 0.30400 0.15053 -0.16591 -0.19499 0.22428 0.19528 0.14129 0.03814 0.32958 0.20967 -0.11037 -0.27731 0.00191 0.20218 0.02959 -0.35894 0.24211 0.13658 0.34980 -0.38858 -0.29613 -0.18790 0.14865 0.09398 -0.35515 -0.19921 0.27670 0.30080
-0.27165 0.05322 0.48415 0.04237 -0.12880 -0.03962 0.07053 0.19174 0.06924 0.10368 0.30888 0.29706 -0.37588 -0.25087 -0.09253 0.17388 -0.08220 0.26066 0.03883 -0.20685 -0.03191 -0.25334 -0.19442 -0.25503 0.21387 -0.23168 0.37804 -0.00299 -0.37824 -0.06320 0.09635 0.10368 0.12495 0.01371 0.08659 -0.04348 -0.11964 -0.09016 -0.34972 -0.12716
-0.20528 -0.18047 -0.04111 -0.30633 -0.08244 0.32577 -0.38872 -0.09125 -0.05587 -0.04964 0.41868 -0.26260 -0.13784 -0.05430 0.33920 -0.07424 -0.20307 -0.04011 0.04666 -0.10104 -0.24643 -0.27823 0.36039 0.39332 -0.22429 -0.08475 -0.05443 0.12376 -0.40390 0.20535 0.44468 -0.35319 0.04931 -0.28876 -0.12042 -0.24846 0.16346 0.01497 0.10047 0.07893
0.34545 -0.08264 -0.01015 -0.08935 -0.22300 -0.29728 0.14839 0.09502 -0.14242 0.42585 0.12581 0.37911 -0.04049 0.32806 0.43221 0.11723 0.19105 -0.02707 -0.31725 0.09694 -0.10098 0.02326 0.15056 -0.23625 0.03836 -0.21032 -0.17453 -0.00377 -0.40031 -0.20963 0.06126 0.24199 0.28600 -0.17370 -0.27759 -0.06768 0.34396 0.27659 -0.10744 -0.03398
-0.24994 0.14486 0.25425 -0.09911 -0.28046 -0.06354 -0.02704 -0.15073 -0.11666 0.08908 0.17064 0.02012 -0.04860 -0.09636 0.11162 -0.16695 0.10637 0.29822 0.07995 0.09891 -0.12810 0.20661 0.03059 0.29550 -0.14971 0.22235 0.04139 0.14915 0.12531 -0.19966 0.10978 0.15231 -0.13040 0.23549 0.14766 0.11884 0.19238 -0.08131 -0.24490 -0.10930
0.21999 -0.12228 0.24264 -0.05455 0.23578 0.24161 0.22920 -0.34124 0.35103 -0.33663 -0.16957 0.00318 -0.03215 0.07456 0.14764 -0.03948 -0.01538 -0.36105 -0.35684 0.28630 0.28034 0.10832 0.05420 -0.28861 -0.28458 -0.15953 0.07234 0.21262 0.31410 0.26140 0.01840 0.11018 0.22371 0.02702 0.30030 -0.04449 -0.19011 -0.33332 0.02704 0.20579
-0.26029 -0.15399 -0.08103 -0.34332 -0.21583 0.32676 0.37786 0.15911 0.20937 -0.20152 -0.20746 0.20012 0.12172 -0.37454 -0.16531 0.20106 -0.16989 -0.31668 0.00471 -0.31761 -0.30539 0.02958 0.06678 0.05816 -0.15205 0.07820 0.00438 -0.09500 -0.08060 0.12665 0.23577 0.10206 0.19724 -0.31814 0.07855 0.10971 0.18457 -0.35474 0.34452 0.19912
0.25461 0.29846 0.01171 0.00142 -0.04165 -0.38483 0.34287 0.14133 0.08461 0.07806 0.03051 -0.22132 -0.01330 0.25283 -0.21578 -0.13759 0.23801 -0.29091 -0.15829 0.04822 0.20343 -0.33031 -0.07391 0.24477 -0.24438 -0.10788 0.15260 0.06101 -0.14755 -0.35903 -0.22349 -0.30005 -0.13025 -0.20885 -0.11336 -0.08379 0.09156 0.08914 0.19276 -0.00908
-0.17881 -0.24100 0.40817 0.16612 -0.07713 -0.23243 -0.12417 -0.29584 -0.17138 0.15164 0.16222 -0.04139 -0.12178 0.18981 0.05682 -0.33335 0.15506 0.05814 0.22456 0.16360 -0.16894 0.19987 -0.01467 -0.19130 0.26618 -0.16298 0.16278 -0.01348 -0.01368 0.08269 0.06556 -0.27819 -0.10926 -0.33839 -0.25229 -0.25932 -0.09670 -0.17226 -0.10485 0.19010
-0.29683 0.18458 -0.33734 0.08896 -0.22869 0.07164 -0.10692 -0.22552 0.34303 0.05281 0.29527 0.19484 0.30714 0.36817 -0.20405 0.05645 -0.02789 -0.05983 0.36091 -0.17761 -0.05379 0.31888 0.31508 -0.18364 -0.14851 0.04704 -0.20243 -0.03515 0.39212 -0.04573 -0.04651 0.03108 0.33628 0.20106 0.04697 0.01895 0.04753 -0.13974 0.00897 0.26134
0.00542 0.10527 0.09210 0.16491 -0.32744 0.11485 0.05296 -0.36174 0.20900 -0.08247 0.03963 -0.02777 -0.01296 -0.28889 -0.05595 -0.23279 0.21759 -0.25350 -0.04103 0.28067 -0.18578 -0.16606 0.17311 0.13833 0.06703 0.38274 -0.11161 -0.26039 0.27150 0.24261 -0.05071 0.36098 0.34569 0.14917 -0.19955 0.18442 0.06755 -0.38373 -0.18122 0.25525
-0.16531 -0.27624 -0.21609 0.09050 -0.04709 0.29640 -0.16942 -0.39368 -0.02517 -0.07957 -0.09345 0.23112 0.14871 -0.04702 -0.06332 -0.03692 0.00895 -0.32552 -0.16743 0.15565 -0.24079 -0.32439 0.07993 0.13998 0.19231 0.13991 -0.06244 -0.02056 0.10293 -0.13846 0.14690 0.36780 0.02720 0.19712 0.16591 -0.35148 0.16047 -0.12063 -0.24816 -0.20753
-0.36342 0.31545 0.00201 -0.06878 0.18149 0.08684 0.25934 0.18898 -0.06772 0.05889 0.03653 -0.16111 0.09236 0.08190 -0.06226 0.07928 -0.30422 0.15378 -0.11385 -0.30901 -0.25109 -0.19964 0.14122 0.02114 -0.08260 0.29430 -0.08863 -0.01858 -0.10916 0.13463 -0.09399 0.08788 -0.04537 0.24564 0.25786 -0.27946 -0.05222 0.04148 0.03742 -0.24264
0.03235 0.01653 0.20126 0.20266 0.18306 -0.16384 0.01442 0.05933 -0.05052 -0.44537 0.04756 -0.08559 0.35727 0.09558 -0.17790 0.09574 0.15009 0.26812 -0.09939 -0.00787 0.06884 -0.27625 0.32955 -0.10524 -0.22251 -0.15466 -0.06059 0.09428 0.08316 -0.03979 0.28003 -0.25272 -0.30429 -0.16910 -0.09410 -0.13927 -0.26170 0.00623 -0.01495 -0.21216
-0.21214 0.07444 -0.18642 0.09493 -0.25762 -0.12357 -0.04892 -0.20884 0.26104 -0.02964 0.15582 0.13370 0.11872 0.26275 -0.09759 -0.17863 -0.03868 0.15169 0.20664 0.35515 -0.02884 -0.15761 0.25889 -0.32589 -0.02582 0.19847 -0.33942 0.26291 -0.22690 -0.27612 0.10609 0.20248 0.20290 -0.00587 -0.05347 0.17575 0.32881 -0.07709 -0.31619 -0.06635
0.21633 -0.00271 -0.07282 0.29551 -0.39455 0.28611 -0.06008 -0.32088 0.19154 0.02230 -0.15457 0.09861 0.05975 -0.25961 0.11279 -0.18906 0.28360 -0.14849 0.11803 0.04022 -0.03372 0.06178 0.05494 -0.10969 -0.00286 0.33402 0.10773 -0.27286 0.09133 0.28202 -0.17689 0.41599 0.35885 0.13381 -0.06607 0.23136 -0.04718 -0.42908 -0.34621 0.24626
0.00413 0.32410 0.07745 0.10042 -0.06897 0.19025 0.20855 -0.00899 -0.00926 -0.21274 0.12138 -0.13264 0.10690 0.08115 0.12202 -0.08933 0.04121 0.20344 -0.13273 -0.25342 0.31322 0.05310 0.06745 0.25732 -0.01427 0.03490 0.23501 -0.20319 0.00424 -0.17065 -0.02031 0.19877 0.01368 -0.02722 0.23670 0.13816 0.03973 -0.02330 -0.21769 -0.19668
-0.05258 -0.05983 0.21047 -0.00184 0.27902 -0.01930 0.37848 -0.08175 0.00675 -0.39044 0.14417 -0.09135 -0.17850 -0.08760 -0.21744 -0.27583 -0.28761 -0.02498 -0.30080 0.05068 0.15416 -0.41629 -0.00700 -0.34828 0.12016 -0.01312 -0.11309 0.31849 -0.10713 -0.01572 0.39187 -0.11326 0.18213 0.25385 0.41640 0.20559 -0.08111 -0.19879 -0.02984 -0.32616
0.13497 0.05885 0.05793 -0.02416 0.19655 -0.30753 -0.05828 -0.16707 -0.12892 -0.33383 -0.07249 -0.05969 0.27279 -0.07461 -0.05204 -0.02357 0.03923 0.26267 -0.15084 -0.00302 0.06480 -0.15690 0.17534 -0.01954 0.05961 -0.04677 -0.23780 0.34821 0.08965 0.05877 0.23942 -0.00305 -0.14114 -0.09265 0.11059 0.10971 -0.17731 -0.15043 -0.31374 -0.23790
-0.05081 -0.36033 -0.18762 -0.35436 0.33120 -0.06009 -0.13967 -0.33578 0.12474 0.29909 -0.05654 -0.22096 -0.17021 0.09503 -0.25874 -0.24809 -0.06234 0.18577 -0.04505 -0.20310 0.07960 -0.36943 -0.03334 0.34169 -0.08427 -0.02442 -0.49216 -0.29624 0.38043 -0.30857 -0.37163 -0.21832 0.12545 -0.23041 0.34940 -0.07829 -0.15780 0.01600 -0.00268 0.24567
0.16018 -0.24536 -0.19463 0.19351 -0.10131 -0.10853 0.23113 -0.22873 0.16753 -0.40646 0.15122 0.14731 0.25816 0.09948 0.08164 -0.03847 0.17218 0.37095 -0.20643 -0.08967 0.23330 -0.18310 0.09796 -0.00998 -0.17590 0.29936 -0.05249 0.35747 -0.18573 0.08853 -0.06807 -0.22870 0.12515 -0.12818 0.11111 0.00274 0.17260 0.04240 -0.20886 -0.25734
-0.09721 -0.12964 -0.14724 0.02643 -0.08435 -0.26720 -0.13093 -0.24011 0.15235 -0.37310 0.15559 0.14977 0.07950 0.21583 -0.05693 0.11211 -0.02077 0.14938 0.04171 0.16277 -0.07446 -0.37193 0.20680 -0.05278 -0.01500 -0.01131 -0.14042 0.29129 0.10933 -0.02371 0.12332 -0.02496 0.11172 0.09245 0.22733 -0.28750 0.01672 -0.23862 -0.17171 0.00829
0.32223 -0.36289 0.28323 -0.14794 0.34534 0.45240 0.10606 0.29271 -0.16903 -0.22327 0.34552 -0.09287 0.04424 0.23040 0.49027 0.07783 -0.15719 -0.33416 -0.14344 0.12077 -0.15658 0.23684 0.14232 0.19830 -0.12629 -0.12885 -0.26524 -0.02878 -0.05888 0.16016 0.24462 0.21201 0.01163 -0.00816 0.03658 -0.18034 -0.39918 0.13154 0.18671 0.32256
-0.37855 0.15835 0.07933 0.02218 -0.35753 0.08315 0.19110 -0.08843 0.05694 -0.36742 -0.21214 -0.18222 -0.23355 -0.30205 -0.32683 0.01804 -0.02450 -0.32097 0.16588 0.45600 0.05458 0.08713 0.38665 0.12192 -0.34363 -0.24182 0.06755 -0.15625 0.05100 -0.38947 -0.28009 -0.20017 -0.41123 -0.29222 0.05839 0.25127 0.28161 -0.25291 0.47110 -0.22274
-0.10903 0.21132 0.20206 -0.34901 0.04184 0.19394 0.03684 -0.03412 -0.32179 0.00137 0.20872 -0.05305 -0.13967 -0.17207 -0.18875 0.35586 -0.24459 -0.23591 -0.32072 -0.06636 -0.34038 0.26089 0.30217 -0.20787 0.34807 -0.35374 -0.29598 0.14398 0.10185 -0.05888 -0.17203 0.13765 0.13151 -0.10978 -0.31956 -0.16983 0.24806 -0.01649 -0.21509 0.34993
-0.17919 0.11308 -0.12671 0.33952 -0.00649 0.28322 0.17444 0.34176 -0.02506 0.14630 -0.07056 0.30161 0.07163 -0.13689 0.24371 0.10776 -0.00107 0.28910 0.32404 0.18040 0.16971 -0.09504 0.13193 0.35117 0.21286 -0.17683 -0.22091 -0.12156 -0.35534 0.15756 -0.01626 0.16778 0.31633 0.17028 0.12061 0.42920 -0.02086 -0.02737 0.23559 0.20827
-0.25369 -0.39138 -0.35918 0.01484 -0.24352 -0.13746 0.05526 -0.02878 0.00253 -0.09938 -0.15514 0.20508 0.03889 0.22634 -0.16341 0.19190 -0.03387 0.17146 -0.12813 0.04758 0.06545 -0.16486 -0.18302 -0.28554 -0.21721 -0.02619 0.13660 0.21031 0.17328 0.10017 -0.09770 -0.05078 0.03672 0.26630 -0.03489 -0.27222 0.43671 0.29660 -0.04780 0.16571
0.31711 0.25774 0.30724 0.11967 -0.04126 -0.07732 0.05856 0.34717 0.03721 0.07380 -0.05195 -0.31593 -0.16449 0.23546 -0.37525 0.37916 0.23654 0.37377 -0.33945 0.17977 -0.10644 0.24049 -0.30115 0.38219 0.41662 0.07700 0.45645 -0.36335 -0.17381 0.13863 0.26652 0.22312 0.22366 -0.14545 0.04835 -0.06318 0.08823 0.10203 0.02589 0.06533
0.05614 0.15722 -0.12291 0.10920 -0.31145 -0.26470 0.33561 -0.01713 -0.05059 0.14236 -0.15042 -0.40082 -0.13187 0.26733 0.05826 -0.35551 0.24703 0.07018 -0.12883 -0.16049 -0.02952 -0.29978 0.00341 0.00135 -0.02512 0.01514 0.13850 -0.24761 -0.12510 -0.33149 -0.21915 -0.24991 -0.14541 -0.11163 -0.23501 -0.23738 -0.05179 0.22628 0.20299 0.04116
-0.22282 -0.13107 0.32225 0.18995 -0.08401 -0.09254 0.19117 -0.02029 -0.16778 -0.21908 -0.32118 0.35776 0.16188 0.35377 -0.38851 0.27038 0.11587 -0.01787 -0.02533 -0.30570 0.21094 -0.38604 0.40538 0.41878 0.38389 0.31993 -0.10671 0.31925 0.18109 0.20551 0.10338 0.22769 -0.34517 -0.01400 -0.36615 -0.08843 0.39136 0.48587 -0.04882 -0.11088
0.31633 0.33651 -0.23038 -0.18120 -0.24045 0.40788 -0.16177 0.20254 0.04791 -0.22488 0.18518 0.27192 -0.30984 -0.05131 0.04528 0.04285 0.08319 0.09526 -0.01458 -0.26805 0.14351 0.30515 0.31869 0.45911 -0.27473 -0.02329 -0.14467 -0.14935 0.21519 0.01810 0.32881 0.00108 0.03281 -0.01882 0.38556 -0.03037 -0.12424 0.23593 0.15238 0.01809
-0.34094 0.02313 -0.24355 -0.14976 0.26002 -0.18534 0.19670 0.24342 -0.08840 -0.25645 0.27070 0.36773 -0.09780 -0.16616 0.19463 0.38150 -0.40476 -0.05111 -0.23783 -0.41314 0.34733 0.36214 -0.13650 0.41492 -0.06976 -0.29386 0.23686 -0.22307 -0.26946 0.23784 0.00937 0.34382 -0.04316 -0.05836 0.32390 0.15594 -0.34951 -0.25466 -0.20872 -0.40747
0.39496 -0.17176 -0.25726 -0.29863 0.09493 -0.09666 0.11694 0.09360 0.24085 -0.22778 -0.16531 -0.40842 0.22399 -0.29637 -0.36762 -0.32089 -0.25285 0.26360 -0.31500 -0.29423 0.13321 -0.25705 0.16645 0.04955 0.04136 -0.39208 0.05128 0.05539 -0.20220 -0.24026 0.21376 -0.28556 0.05498 0.05996 -0.22982 0.23084 0.19027 -0.00983 -0.13649 -0.27686
0.27734 0.05482 -0.24285 0.37967 0.19024 0.24838 -0.28142 0.15297 -0.20507 0.40051 -0.19136 0.37086 0.13010 0.34321 -0.30706 -0.03703 0.08544 0.37511 -0.33635 -0.24742 0.20013 -0.12850 0.11629 0.30484 0.11835 -0.15639 0.27510 0.40122 -0.17345 -0.32939 0.03577 -0.31675 -0.21426 -0.25325 0.38261 -0.16442 -0.39580 0.44801 0.35091 -0.03052
0.24654 0.18844 -0.34353 -0.26711 0.07508 0.03835 -0.20779 0.22113 0.15746 0.17109 0.16395 0.16869 0.25716 -0.18302 0.43970 0.24716 0.22254 -0.13071 -0.41143 -0.04825 -0.29535 -0.10655 0.18294 0.40446 -0.19650 -0.05039 -0.04324 0.14878 0.02151 0.12124 0.38529 -0.40164 -0.29192 -0.05385 -0.15543 0.03452 -0.34549 -0.17774 -0.02501 0.28480
-0.17282 0.24676 0.31794 -0.29656 -0.32746 -0.27127 -0.18142 0.05796 -0.06173 0.11644 0.28429 0.15128 0.28759 0.32294 -0.27430 -0.13941 -0.11012 0.16906 0.03390 -0.21466 -0.43303 0.06814 -0.29232 0.21401 0.07475 -0.06078 0.14166 -0.33753 -0.15368 -0.03831 0.36410 -0.29586 0.32645 -0.35571 -0.05762 -0.47269 0.11631 -0.31481 0.37559 -0.26321
0.15352 -0.19122 -0.47015 -0.13448 0.12043 -0.33770 -0.14920 0.34543 0.24478 -0.25729 0.30660 0.09939 -0.29718 0.34551 0.07739 0.19181 0.09254 0.08479 -0.20582 0.23493 -0.06812 -0.26149 0.01549 0.10036 -0.38598 -0.04672 0.16711 -0.01468 -0.42799 -0.04044 -0.24545 0.09914 0.01748 0.31059 0.27268 -0.01691 -0.15750 -0.11518 0.20201 -0.23779
0.08470 -0.21559 -0.11244 0.14155 0.12543 0.35536 -0.06871 0.11553 -0.01724 0.11585 0.12204 -0.13877 0.10152 -0.26083 0.22993 -0.32970 0.06593 -0.30505 0.06121 0.14893 0.00249 0.30670 0.01343 0.13983 -0.09178 0.16588 -0.44108 -0.10125 -0.12693 0.01775 -0.16376 0.16051 0.16349 0.12827 0.08326 -0.01333 -0.24113 -0.05332 0.06632 0.29551
0.34297 -0.19501 -0.25403 0.28851 -0.15075 0.22676 -0.28070 0.30573 0.09030 0.30499 -0.20215 -0.27583 0.34967 -0.32785 0.29279 0.34010 0.24922 -0.18856 -0.38983 0.10939 -0.13285 0.03571 0.24451 -0.17021 -0.11100 -0.29611 0.34888 -0.02274 0.06667 0.26273 -0.21351 0.27095 0.08622 0.25961 0.31530 -0.12456 0.34086 -0.08552 0.07872 -0.19570
0.25779 0.01406 0.27019 -0.32383 0.25192 -0.13919 -0.34476 0.17983 -0.43192 -0.21790 0.31694 -0.34628 0.06726 -0.43525 -0.18094 -0.20531 0.03916 0.32863 -0.38232 0.22839 -0.14596 -0.02649 -0.19408 0.04707 0.02040 0.34504 -0.07135 0.42799 -0.07379 0.39222 -0.22111 -0.01322 0.42280 -0.26979 -0.40011 0.24688 0.18136 -0.21882 0.10941 -0.30090
0.01297 0.25923 -0.29367 0.37471 0.08367 -0.32950 -0.06222 -0.24395 0.03814 -0.19232 0.22221 0.09398 -0.01873 0.17317 0.44197 -0.01276 0.04831 -0.12797 -0.05094 0.43399 0.34375 0.11336 0.26338 -0.04163 0.14579 -0.09828 -0.28448 0.05929 0.28776 0.31373 0.07144 -0.19019 -0.10554 -0.12468 -0.18296 0.05888 0.15021 -0.12763 -0.14346 0.25224
0.24488 -0.04780 -0.13092 0.21392 -0.07720 0.08488 -0.11516 -0.44222 0.08476 0.35769 0.06058 0.28223 -0.34095 -0.26209 0.16409 0.09211 -0.04831 -0.08955 -0.28931 -0.17676 -0.26997 0.29044 0.12383 -0.31527 -0.38422 -0.07229 -0.01659 -0.16904 0.24641 -0.24858 -0.04982 0.39207 0.04736 0.34597 -0.39258 0.35503 0.39698 0.31116 0.30471 -0.20357
-0.09200 -0.31081 0.09734 0.14862 -0.00609 0.17320 -0.43532 0.31563 0.11140 0.22605 0.23928 0.05229 -0.29756 0.14303 0.34071 -0.30846 -0.14270 -0.26366 -0.06546 0.19191 -0.22429 0.33449 -0.13268 -0.35772 -0.17650 -0.08742 0.20576 -0.31111 -0.04499 -0.01152 -0.24052 -0.00829 0.24180 0.02956 0.35693 0.07796 0.15341 0.01575 -0.30953 -0.28737
0.20675 0.00296 0.06650 -0.28679 -0.26558 -0.34127 -0.15176 0.32202 0.36173 -0.15059 -0.04090 0.24087 -0.13893 0.21692 -0.34361 0.09786 0.05907 0.27925 0.08797 -0.06041 -0.07237 0.16455 0.31662 -0.33218 0.05451 -0.12749 0.30126 0.24659 -0.31273 -0.33748 -0.23151 -0.14916 -0.21066 -0.10716 -0.17780 -0.11670 0.32458 0.40875 0.20021 0.34282
0.33450 0.25724 -0.20490 -0.08179 -0.37546 -0.10134 0.07712 -0.19141 -0.08069 0.27783 0.00943 0.00285 -0.21139 0.38648 -0.14363 -0.34674 0.16419 -0.00766 -0.31089 0.14182 -0.05553 0.30022 -0.17804 0.22668 0.10708 0.01331 0.37845 0.34906 -0.16884 -0.23907 -0.35545 0.18748 0.30245 0.24115 -0.32430 0.03484 -0.29494 0.07230 0.00477 0.23245
0.22019 -0.12615 -0.13979 0.12059 0.36630 0.18845 -0.35944 -0.10736 -0.37505 -0.14527 -0.23615 0.25258 -0.05719 0.42300 0.19326 0.26186 -0.04227 -0.28762 -0.13223 -0.07685 0.26963 -0.07342 -0.26042 -0.36568 0.05659 -0.39671 0.11912 0.31076 -0.31416 0.34339 -0.09888 -0.07322 -0.34892 0.06801 -0.14539 -0.17897 -0.15651 -0.00923 0.42371 -0.05180
-0.06389 0.17606 0.16163 -0.08585 0.26532 0.01930 -0.21143 0.06549 0.21080 -0.30312 -0.36895 0.25983 0.22093 -0.08836 0.30111 -0.29178 0.10723 0.28915 0.30405 -0.10589 0.05782 0.22035 -0.32682 -0.00476 0.37593 0.17868 -0.40462 -0.03348 -0.19620 0.23021 0.11199 0.27118 0.20845 0.04268 0.27226 0.26492 0.17348 -0.02418 0.29362 -0.11666
-0.47202 0.31995 -0.34778 -0.28863 -0.05851 0.14172 -0.14824 0.28602 0.13881 -0.14037 -0.28384 0.13278 0.05199 0.39065 -0.06843 0.04290 -0.13726 0.13933 0.33903 -0.10031 0.37226 0.38744 0.30676 -0.19277 -0.08815 -0.30281 0.28918 -0.00300 0.07869 0.11327 0.32028 -0.07707 -0.22191 -0.25330 -0.31308 -0.03208 -0.28900 0.31340 0.28041 -0.23504
0.07245 -0.13369 -0.41386 0.15792 0.26950 -0.31240 0.22674 0.28842 -0.41461 -0.09871 0.20449 0.07930 -0.31963 0.31737 0.02624 -0.29681 -0.23032 0.04583 0.33320 -0.12201 0.36121 -0.16266 0.06293 0.12365 0.06398 -0.10636 0.08951 0.11344 -0.34111 0.29506 0.22101 0.06292 -0.26912 -0.07847 0.12038 0.17464 0.17159 0.27044 0.05432 0.18007
-0.45376 0.23460 0.16963 -0.44855 -0.37401 -0.15885 -0.36988 -0.04774 -0.32397 0.23987 -0.23329 -0.04308 -0.42305 0.44072 0.35843 -0.36357 0.11079 0.35250 -0.45957 0.14674 -0.26191 -0.08017 -0.43644 -0.24969 -0.32475 -0.26588 -0.44178 0.16666 -0.38211 -0.26025 0.37144 0.07632 -0.36582 -0.17198 -0.05149 0.25796 -0.17507 0.21759 0.16184 -0.15834
-0.05448 0.12813 0.17954 -0.26397 0.10177 -0.22506 -0.28747 0.11061 -0.31694 -0.02011 -0.28970 -0.06575 -0.33798 0.34727 -0.26291 0.25296 -0.24726 0.16805 0.14118 -0.06449 -0.01734 -0.26153 0.15683 -0.08955 0.07719 -0.12843 -0.11488 0.33720 -0.32487 0.18071 0.15074 -0.36876 0.07067 0.10333 0.38356 -0.17070 0.30960 -0.03029 0.28293 0.37201
0.33196 0.27699 -0.08086 0.11580 -0.14780 -0.07095 0.14424 0.15000 0.27964 -0.24202 -0.01346 -0.07608 -0.08122 0.23283 0.04656 -0.18707 -0.24334 0.28440 -0.16427 -0.06979 -0.22421 -0.00723 0.14516 -0.00464 0.11512 0.19331 -0.11441 0.00326 0.12542 0.07149 0.17689 0.20803 -0.27953 -0.12535 0.13637 0.15382 0.03498 -0.01422 -0.28823 -0.01945
-0.10158 -0.19115 0.00810 0.27963 0.24057 0.09982 0.33930 0.13380 -0.05109 -0.07657 0.28004 0.12564 -0.23154 -0.20943 -0.03673 -0.14238 -0.10212 -0.16347 -0.22003 0.13872 -0.27062 -0.22321 0.27753 -0.16360 0.15216 -0.24565 0.17764 -0.08523 0.25909 0.23182 0.13803 -0.10087 0.11457 -0.19029 -0.17057 0.39677 0.18069 -0.26537 0.12297 0.16945
-0.36476 0.10117 0.37914 0.16666 0.09888 0.27047 0.07221 -0.14789 -0.10876 -0.36065 -0.22270 -0.26231 -0.41210 -0.24071 0.24807 -0.35368 0.22017 -0.29375 -0.40143 0.19828 0.21827 0.06804 -0.30121 0.02520 -0.33059 0.34441 0.07909 0.17699 0.34344 0.04648 0.33424 0.37635 -0.40923 0.25045 0.06860 -0.03300 0.30468 -0.22007 0.08303 0.34528
0.02811 0.00598 0.26339 0.22896 0.23529 0.13730 0.33852 0.21633 -0.04829 -0.11314 0.18855 -0.10701 0.29191 0.05900 0.05332 -0.16168 0.15290 0.20701 -0.01786 -0.11051 0.34346 0.25560 -0.29373 0.03680 0.08833 0.27904 -0.22160 -0.38279 0.30265 0.35545 0.10379 0.19320 0.17575 -0.40247 0.14809 0.45634 -0.11899 0.04852 -0.18494 0.01379
0.41279 0.25795 -0.29992 0.19376 0.30404 0.41460 -0.05718 0.23615 0.15230 0.13792 -0.39307 -0.12362 -0.20718 -0.21136 -0.31573 0.08817 0.28016 -0.28741 -0.14286 -0.20574 0.02788 -0.28147 -0.35507 -0.18578 0.27251 -0.41531 0.09223 -0.15684 0.00923 0.03709 -0.25262 -0.15976 0.03115 0.35918 0.39961 0.15977 0.15987 0.09710 0.21075 -0.02877
-0.10557 -0.29026 0.07989 -0.11096 -0.21038 0.08191 0.29425 -0.23540 -0.03263 0.19006 0.07162 0.10890 0.16751 0.13509 -0.00126 -0.07438 -0.07032 -0.00010 -0.21243 0.00138 0.26692 -0.03993 -0.04356 -0.10497 -0.17569 0.12120 0.00652 0.10940 0.11882 -0.23668 -0.06034 0.31880 0.05099 -0.11098 -0.06720 -0.12918 0.21271 0.23880 0.10175 0.11190
-0.04141 -0.35691 -0.14940 0.13966 -0.20275 -0.25283 0.11793 0.01880 -0.26395 0.11638 -0.12110 0.34523 0.28508 0.20105 0.11445 0.16611 -0.18477 -0.03537 -0.25797 0.11859 0.40007 0.03627 0.02861 0.00029 -0.16123 -0.01500 -0.09653 0.12372 -0.25760 -0.16302 0.11104 0.18688 0.08934 0.12779 0.07369 -0.13759 0.07501 0.06804 -0.08957 0.22194
-0.07088 0.00825 0.26981 -0.21388 0.31040 -0.16630 0.13548 -0.31110 -0.22786 0.35881 -0.17210 -0.30758 -0.22081 -0.07684 0.16839 -0.03438 -0.00826 0.02093 -0.16718 -0.25923 -0.34062 -0.09876 0.24663 -0.21980 -0.19047 0.40356 -0.11880 0.13004 0.10208 -0.03266 0.32022 -0.11884 -0.07945 0.24676 -0.10316 -0.39350 -0.22531 -0.04898 -0.25358 0.08288
-0.35286 -0.43150 0.03554 -0.38773 -0.30411 -0.47323 0.15099 0.18869 -0.42335 -0.00326 -0.05184 0.05875 0.08888 0.12951 -0.27085 -0.22235 -0.08488 -0.14513 -0.12769 0.17718 -0.30984 -0.15497 -0.31141 -0.09015 0.36727 -0.14947 -0.18653 0.21229 0.45817 -0.00759 -0.35810 -0.11450 0.12669 0.18917 0.37892 0.45077 -0.01523 -0.36521 -0.43995 -0.26367
-0.20247 -0.14585 -0.06769 0.06978 0.33977 0.29796 0.24354 -0.08261 -0.05825 -0.26232 -0.36758 -0.09205 -0.12530 -0.39082 0.14966 0.22756 0.37092 -0.05127 -0.11152 0.42173 -0.04750 -0.22741 0.35643 0.17578 0.00052 -0.25652 0.19037 -0.19183 -0.15042 -0.05308 0.37648 -0.12211 -0.27758 0.27656 -0.38993 0.23855 -0.28322 -0.13930 0.27355 -0.02961
0.19805 0.08052 0.33616 -0.26867 0.30697 -0.36912 0.04101 0.06220 -0.26173 -0.08562 0.09428 -0.34409 0.25310 -0.24994 0.24508 0.41894 -0.03940 0.14041 -0.22551 -0.18739 0.17216 -0.03102 0.27072 -0.32346 0.33975 -0.03169 0.07364 -0.27978 0.02952 -0.15608 0.39037 -0.33226 0.05030 0.02296 0.06258 -0.27218 0.26313 0.36800 0.19721 -0.31236
0.13093 0.23974 -0.37622 0.27687 0.06354 -0.14856 -0.38018 -0.30804 -0.25527 -0.18539 -0.49743 0.33109 -0.20890 -0.18074 -0.10930 0.06148 0.42773 -0.05120 0.04313 -0.15190 0.06826 0.41767 -0.01848 0.32332 -0.08384 -0.39293 -0.18335 0.36633 -0.26654 0.05833 0.21843 0.23879 -0.16244 0.31728 -0.41774 0.10248 -0.30493 0.04613 -0.22556 -0.16536
-0.27528 -0.02208 0.17886 0.36792 0.31606 0.22462 0.17186 -0.15797 -0.44666 0.20045 -0.32275 0.36340 0.11897 -0.06901 0.04965 0.11752 0.16232 -0.05016 0.15765 -0.08356 0.34628 0.30475 -0.05169 0.36360 -0.30082 0.08310 -0.34035 0.10785 0.35782 0.19083 0.32389 0.12004 0.11076 -0.21629 0.08736 0.19854 -0.07192 -0.39757 -0.22858 -0.27051
-0.12965 -0.29644 0.33057 -0.04764 -0.22976 0.11111 -0.20517 0.03540 -0.27636 -0.16266 0.39589 0.12870 -0.09848 -0.38562 -0.14720 -0.12786 -0.36549 0.40926 -0.02524 -0.35472 0.25952 -0.45538 -0.02701 0.31304 0.22177 -0.10602 -0.17230 -0.35650 0.36219 0.02711 -0.23451 -0.29400 0.36789 -0.24166 0.27216 0.19123 0.24891 0.02611 -0.45941 -0.13007
-0.11400 0.44205 0.11588 0.33302 0.30880 -0.37048 -0.08478 0.12061 0.22426 -0.25147 0.09721 0.42144 0.34584 -0.16871 -0.16607 0.27231 0.10396 -0.24244 0.17823 -0.38610 0.16529 0.28521 -0.07898 0.17840 0.20674 -0.17010 0.34117 0.18338 -0.35270 -0.35958 -0.36306 -0.24199 -0.37094 0.02294 -0.35636 0.29335 0.15452 0.29197 -0.22690 -0.05845
0.53585 0.35550 -0.04515 0.32595 -0.23613 0.18802 0.13999 -0.24687 0.31611 -0.00890 0.06423 -0.06771 0.09259 0.31452 0.00219 -0.14540 0.08542 -0.18022 0.24053 0.17494 -0.24495 0.38334 0.05803 -0.11893 -0.04642 0.00813 -0.10238 0.27065 -0.12113 0.29592 0.22879 0.23517 -0.02978 0.10335 0.06472 0.28876 -0.10842 -0.18250 -0.15546 -0.30274
0.35931 -0.39662 -0.23670 0.00463 0.04780 -0.38763 0.05893 -0.23217 0.35236 -0.13532 -0.43553 -0.26741 -0.26763 -0.10598 -0.05788 -0.36130 -0.43587 0.31404 -0.15357 -0.06591 0.19238 0.29209 0.33207 -0.43599 0.20035 -0.16713 0.28498 0.00705 0.09931 -0.15202 -0.14724 -0.13136 0.08647 0.03301 0.04137 -0.36215 -0.27513 0.30262 -0.36563 0.48237
0.08375 -0.11775 0.23746 -0.41521 -0.23269 -0.06859 -0.05842 -0.00957 -0.02704 0.13345 0.24737 -0.06277 -0.20127 0.14817 0.10204 -0.07866 0.26692 0.21248 0.07513 -0.00246 0.17994 -0.15590 -0.32714 -0.19721 0.06943 -0.21460 0.18178 0.15057 0.21209 0.32106 0.04982 0.13986 0.32158 -0.27570 0.01514 0.16013 -0.23796 -0.27262 0.00413 0.09745
0.02607 -0.00515 0.19052 -0.07378 0.01521 0.22974 -0.14385 -0.16778 0.20167 -0.19819 -0.22390 0.32231 -0.01357 0.09435 0.08825 -0.25291 0.14292 0.13816 -0.27064 -0.26145 -0.17328 0.38601 0.08241 0.02405 0.27734 -0.02962 0.05139 0.31344 -0.02408 0.10823 0.33461 0.14119 -0.00624 0.19297 -0.02120 0.46910 0.22520 0.18983 0.44361 -0.34155
0.13462 0.41002 0.22805 0.25398 -0.11508 0.32961 -0.25059 0.25247 -0.33570 0.22891 0.09653 0.37994 0.06073 -0.14808 -0.03169 0.28178 0.06362 -0.05937 -0.33881 -0.17700 -0.04094 -0.13202 0.38872 0.27041 0.19153 0.02049 -0.13735 -0.06745 0.04231 0.10035 0.39476 -0.37778 -0.01973 0.20379 0.35637 -0.28794 0.11405 0.33436 0.06794 0.31666
0.10442 0.02268 -0.34043 -0.22776 -0.15694 -0.01443 -0.04299 0.04133 -0.18011 0.11212 0.39501 -0.04333 -0.03434 -0.26444 0.06653 0.26227 0.02325 -0.18165 0.10890 0.31170 0.00319 0.31350 0.15971 0.00690 0.09611 -0.24168 -0.17590 0.12842 -0.02277 0.09230 -0.02932 0.13462 -0.00842 0.10386 0.24649 -0.13467 -0.04212 -0.26146 -0.05376 0.16621
0.31654 0.15060 0.05971 0.14887 0.00746 -0.35466 -0.01249 -0.09361 0.21275 -0.36244 -0.25749 0.19510 -0.06194 -0.42073 0.20633 0.24861 -0.17489 -0.23230 0.24458 -0.01311 0.34136 -0.42709 0.00997 -0.02233 0.33530 0.37954 0.05118 -0.30854 0.39828 0.33365 0.21427 -0.34453 -0.14980 0.16659 -0.37989 -0.10903 -0.35309 -0.31271 -0.28454 0.01249
-0.01032 0.36710 0.10507 -0.20734 0.33665 -0.12634 0.39567 0.04271 -0.25608 -0.28020 0.31583 -0.09108 0.02211 -0.42747 -0.26991 0.34315 0.11038 -0.26171 -0.27935 0.30155 -0.45992 0.23848 0.29935 -0.18788 -0.42744 0.29171 -0.27629 -0.24210 0.30803 -0.06085 0.10300 -0.20928 0.28440 -0.11718 -0.38178 0.32760 -0.17492 0.09172 -0.32968 -0.03305
0.14987 -0.06775 -0.17209 0.22990 -0.17954 -0.38252 0.45992 0.33340 0.15406 -0.43361 -0.01818 -0.37199 -0.03190 -0.33198 0.23696 0.09965 0.16531 -0.07137 -0.13057 0.07867 0.38033 -0.32051 -0.13907 0.41898 0.35697 0.42690 -0.33294 0.24045 -0.31781 -0.04524 0.16532 -0.14489 0.41637 0.35344 -0.18524 0.29455 0.10163 0.10619 -0.30176 -0.32246
0.04815 0.43215 0.07265 -0.11248 0.26057 -0.09738 0.32613 0.01959 0.19292 0.25111 0.00430 0.01259 0.28264 0.36405 -0.09915 0.03820 0.30408 0.11631 0.00460 0.10490 -0.04441 0.35002 0.05852 -0.01889 -0.40355 -0.21757 0.34730 0.24925 0.14575 0.31020 -0.14516 0.00641 -0.31145 0.08953 0.00544 -0.32541 0.02958 0.02559 0.15573 0.16808
-0.18540 -0.08100 0.37369 -0.35912 0.23512 -0.10310 0.06654 0.36190 0.27973 -0.09034 -0.29527 -0.08063 0.33997 -0.04440 0.31533 -0.10462 -0.32469 0.10108 0.15187 0.38793 -0.02159 -0.11681 0.09848 0.01502 0.40254 -0.39216 0.22849 0.06283 0.29066 -0.01235 0.34168 -0.39201 0.44960 -0.04878 0.05160 0.13149 0.38416 0.08999 0.17827 0.03856
-0.21494 0.36276 -0.26592 0.13682 0.01859 -0.29148 0.09739 -0.18953 0.02515 0.19149 0.29764 0.26367 -0.25587 0.21699 0.34412 0.25454 0.14485 -0.19131 -0.21986 0.03485 -0.22568 -0.44871 -0.22971 0.26299 0.38271 -0.28968 -0.03130 0.39406 -0.21138 0.23931 0.18436 0.18788 0.14277 -0.25472 0.02534 -0.17301 -0.14639 -0.10006 -0.18939 0.04859
-0.04845 0.32563 0.27824 0.38889 0.18171 -0.16057 -0.13804 0.01677 -0.17578 0.15360 -0.00296 0.37689 -0.12085 0.19024 0.23390 0.13073 -0.11540 -0.15156 0.40266 -0.31009 -0.15229 -0.01984 -0.06851 -0.29510 -0.24769 0.23412 0.24623 -0.07066 -0.31834 0.06055 0.03617 0.06848 0.33804 -0.25437 0.03629 0.19458 0.30317 0.13200 0.26270 0.20692
-0.03316 0.20267 0.06371 0.20680 -0.02777 -0.25932 0.03427 -0.37726 -0.34315 0.12535 0.05606 0.13723 -0.09483 -0.14416 -0.40725 -0.36700 0.29149 -0.31483 0.35133 0.00914 -0.00986 0.10032 0.14881 0.01894 -0.09485 0.19308 -0.05880 0.16912 0.08108 -0.13125 -0.26345 0.34435 0.37911 -0.24923 -0.09534 0.06769 -0.07553 -0.17314 -0.06449 0.31012
0.18081 -0.23186 -0.23244 -0.43576 0.47349 0.07548 0.01595 0.27775 -0.37991 -0.03926 0.09386 -0.13592 0.03188 0.01875 -0.26387 0.26135 0.13022 -0.34158 0.26357 -0.36798 -0.32403 -0.00237 -0.10874 -0.20424 -0.26574 0.02087 -0.23450 0.13340 -0.10224 0.06621 -0.12612 -0.37774 -0.00720 0.37241 -0.42379 0.03420 -0.40919 -0.04525 -0.00854 0.19865
-0.00130 0.32523 -0.08131 0.30815 0.03042 -0.13791 -0.23971 0.32769 -0.36592 0.08578 -0.06310 0.15147 -0.19449 -0.28156 0.15586 -0.25023 0.30510 -0.09807 -0.35325 0.30826 0.43105 -0.40972 -0.23956 -0.29004 -0.44998 -0.04572 0.12409 -0.27927 0.32773 0.07533 0.12913 0.23208 0.33386 -0.11757 -0.28712 0.26926 0.27997 -0.41637 -0.20189 -0.35027
-0.07959 0.37615 -0.09576 -0.24745 -0.14996 -0.26409 0.38933 0.31495 -0.24695 -0.18815 -0.03351 0.03413 -0.45742 -0.18669 0.16166 0.18397 0.05564 -0.16114 -0.04590 0.16717 -0.34342 -0.06130 -0.13825 -0.15422 -0.29855 0.31031 -0.44917 -0.17377 0.33190 0.39389 0.10111 0.35214 -0.13612 0.25951 0.28357 -0.31113 0.02294 0.04504 -0.08285 -0.31738
-0.14676 0.30245 -0.19887 0.30108 0.22761 -0.25707 -0.08138 0.14736 0.21960 0.39277 -0.05754 0.17663 -0.27071 0.12285 0.39236 0.23125 -0.14461 -0.13678 -0.38439 -0.07798 0.10253 0.05317 0.05977 0.23436 -0.02024 -0.07803 -0.09311 -0.00753 0.28779 -0.12669 -0.19511 -0.20218 0.30031 0.32005 0.25809 0.27760 -0.20671 0.02533 -0.20840 0.10209
-0.29711 -0.30662 -0.32489 0.12650 -0.11486 -0.22604 0.33879 0.40074 0.03268 0.35785 0.07667 -0.07322 0.12963 0.04954 -0.16382 0.39061 -0.02044 0.40656 0.13963 0.30057 0.12035 -0.00079 0.11554 -0.01137 0.39120 0.21232 0.26601 0.22605 -0.19810 0.38151 -0.27874 -0.29533 0.36417 -0.28344 -0.13609 0.03228 -0.07488 -0.04110 -0.11238 -0.23023
-0.40121 0.06816 0.10480 -0.43641 -0.00648 0.25431 0.14615 0.27432 0.15388 0.16669 -0.16127 0.35138 -0.04949 -0.21334 0.16909 0.09766 -0.28860 0.12137 0.33653 -0.14539 -0.20693 0.28502 0.32120 -0.04462 0.16069 0.03741 0.06367 -0.12164 -0.23942 -0.01372 -0.16375 -0.16050 -0.01925 0.03660 -0.01144 0.08709 -0.27489 -0.23126 0.28782 -0.11212
0.24695 -0.07633 -0.31863 0.01926 0.21157 0.13177 -0.29904 0.26088 0.38552 -0.19737 -0.22344 0.30788 0.36611 -0.11770 0.27508 -0.26114 0.28512 0.11404 0.13448 -0.38026 0.34346 -0.16295 0.04148 -0.10001 -0.27587 -0.07451 0.18652 -0.03705 0.15334 -0.09855 0.01847 -0.36422 0.26338 0.13812 -0.50221 0.30356 0.30253 -0.09715 0.12392 0.38696
-0.04106 0.39784 0.09069 -0.06038 0.42074 0.34004 0.19804 -0.13751 0.29831 -0.06073 0.13009 -0.00984 0.41438 -0.38070 -0.22491 -0.04365 -0.38103 0.40670 -0.22218 -0.35778 -0.12144 -0.25391 0.14722 0.00864 -0.29725 0.03486 0.11190 0.07816 0.08828 0.23747 -0.14683 0.12055 0.32106 0.17811 0.44702 0.13697 -0.28891 -0.07847 0.07213 0.39130
0.08898 -0.32748 -0.39178 0.11796 0.32655 -0.43380 -0.37347 0.19305 -0.05146 -0.47879 -0.17829 -0.22767 0.35545 -0.31321 0.02781 0.08862 0.19049 0.03561 -0.14316 -0.09623 0.19998 -0.11071 0.34259 -0.20690 0.39576 0.28245 0.03070 0.21613 0.30479 -0.39712 -0.09473 0.02165 -0.19797 0.11279 0.38941 0.17155 0.17247 -0.27206 -0.26734 -0.43889
-0.34921 -0.28406 -0.33581 -0.39164 0.19693 0.04165 -0.11774 0.01137 0.30765 -0.14085 0.19534 0.05121 -0.04526 -0.31227 0.40262 -0.01345 -0.13382 0.31814 0.07800 -0.08961 -0.16284 0.02701 0.06613 0.29825 0.31199 -0.37912 -0.10986 0.17856 -0.46752 -0.05449 -0.03257 -0.14033 0.21972 -0.27472 0.12492 0.50943 -0.22393 0.30897 0.19594 -0.36405
-0.10553 0.09600 -0.16445 0.04962 -0.00391 0.03655 0.33025 0.35141 -0.22701 -0.23951 0.04771 -0.20150 0.20359 -0.15152 0.19258 -0.01879 -0.04689 -0.36918 -0.41112 -0.19172 -0.19348 -0.26755 -0.14928 0.18230 -0.01499 -0.14468 0.21043 -0.20627 0.00073 0.36959 0.35521 -0.39341 -0.18844 0.41934 -0.30099 0.15452 -0.02495 -0.14194 -0.08577 -0.08417
0.11929 -0.18769 0.08570 0.26615 -0.35073 0.26127 0.20529 0.35616 -0.05147 -0.17104 -0.05184 0.03196 -0.27912 -0.24666 -0.15393 -0.23530 -0.12807 -0.27601 -0.04139 -0.22785 0.42202 -0.22944 0.27698 -0.25348 0.03885 0.21569 0.14256 -0.27781 -0.16159 -0.24861 -0.11833 0.19390 0.34639 -0.18119 -0.26048 -0.27737 0.08236 0.11285 -0.15194 0.08982
-0.31810 0.01628 -0.25486 0.13835 -0.18081 0.18280 -0.38147 -0.23229 -0.08311 0.16903 0.15198 -0.11941 -0.14860 -0.23565 -0.17416 -0.25235 0.24383 0.22071 -0.20709 0.39698 -0.36528 0.25054 -0.24779 -0.29760 -0.02246 0.30230 -0.06829 -0.17622 -0.10747 0.18609 0.03109 0.07157 -0.35707 -0.12376 0.14599 0.07336 -0.06650 -0.21141 -0.27597 -0.07877
0.21035 0.11460 0.00813 0.23207 -0.00097 -0.09276 -0.36837 -0.15237 -0.18644 -0.35810 0.17191 0.28839 -0.17821 -0.26584 0.08901 -0.36436 -0.22580 -0.30485 -0.00614 0.00551 0.34330 -0.18832 0.11218 0.20075 0.22269 0.06375 -0.07750 0.33681 -0.13130 -0.28237 0.12753 0.15223 -0.11464 0.20310 0.17379 -0.07545 -0.15769 0.21614 -0.09603 -0.39434
-0.31195 0.18823 -0.19356 0.06707 -0.23538 -0.42098 0.12494 0.19354 -0.20590 0.11975 0.33754 -0.10665 -0.35723 -0.02878 -0.36639 -0.08857 0.33494 -0.11236 0.10797 0.05675 0.09100 -0.08435 0.08804 0.28454 0.34157 0.30180 0.27462 0.22821 -0.28791 0.20026 0.11411 -0.21904 0.01390 -0.13997 0.08498 0.26365 0.40679 -0.36051 -0.14971 -0.24990
-0.25909 -0.09663 -0.29760 0.15343 0.13337 0.19672 0.05664 -0.18393 -0.27032 -0.15507 -0.43167 0.13511 -0.21537 0.39603 -0.37094 -0.20700 -0.16349 0.31141 -0.35727 0.36117 -0.26328 -0.15136 -0.20359 0.06212 -0.14265 -0.30897 0.27548 0.32787 0.17078 -0.36669 0.35444 0.07770 -0.32835 0.14846 0.37085 0.27155 -0.05745 0.29169 -0.02090 0.05279
-0.43955 -0.25302 -0.20547 -0.02772 0.26703 -0.26839 0.06404 0.03145 0.11479 0.16550 0.21196 -0.21964 0.33212 -0.05212 0.22151 0.22486 0.31683 0.42928 0.38619 0.03411 0.36722 0.30502 0.48571 -0.21928 -0.21625 0.40518 0.45211 0.10642 0.11996 0.43910 -0.39331 -0.25966 -0.39102 0.35542 -0.21609 0.36403 0.46049 0.41670 0.22974 0.40800
0.35586 -0.40629 -0.35679 0.32309 0.26010 0.10011 0.10092 -0.33173 0.01149 -0.08467 -0.29087 0.09776 -0.39240 0.04770 0.19397 -0.23426 -0.13116 0.28993 -0.12724 0.38847 -0.36333 -0.09005 0.28421 -0.04173 0.29841 -0.37636 0.31302 0.08583 0.42178 -0.07935 0.37882 -0.20979 0.32137 0.05460 0.06816 -0.05148 -0.19806 -0.39389 -0.10370 0.05956
0.15732 0.03121 0.02276 0.29139 -0.04988 -0.07757 -0.33854 -0.02119 -0.09684 0.12385 -0.04824 0.06178 -0.10623 -0.29247 0.18761 -0.11551 -0.01333 0.00002 -0.17340 0.29443 0.10167 0.15161 0.25639 -0.26222 0.11892 -0.22602 0.18789 0.19068 -0.23936 0.17069 0.07631 -0.13687 0.17743 -0.04946 0.16417 0.04383 0.11264 0.34398 0.20540 0.34383
0.40732 0.15947 -0.29966 0.32349 -0.14099 -0.22954 -0.29086 0.13984 -0.27186 -0.26912 0.11184 -0.16650 -0.01565 -0.26687 0.36881 -0.17884 -0.22474 0.40766 0.01625 0.06456 -0.08237 -0.19552 -0.24838 0.38356 0.27609 -0.29841 0.34585 0.09382 -0.24574 0.01750 -0.35296 -0.03301 0.09498 0.29393 -0.28431 0.00434 0.20453 -0.07096 0.17361 0.28437
0.24581 -0.13699 0.29243 -0.16580 -0.10791 -0.21197 -0.26203 -0.09623 0.06756 0.36771 -0.18274 0.20467 -0.19654 0.15163 0.09052 -0.19521 -0.13690 -0.18437 -0.03399 -0.25093 -0.00161 0.04133 -0.24778 -0.33055 0.20120 0.38531 -0.29380 -0.23243 0.12979 -0.36720 -0.17054 0.30678 -0.18185 0.09446 0.00697 0.35637 -0.29195 0.28135 0.03595 -0.31836
0.15897 -0.25201 0.11587 -0.24754 -0.35733 -0.26791 -0.07246 0.26318 -0.16648 -0.02054 -0.11241 -0.05345 -0.21604 -0.05855 -0.32854 -0.04528 0.18150 -0.06574 -0.24226 -0.05004 -0.16367 0.12896 0.30905 0.35761 -0.30677 -0.17099 0.09639 -0.41831 0.11464 0.08224 -0.02136 -0.40107 0.03998 -0.25916 -0.01460 -0.18745 -0.22852 0.14933 -0.22541 0.32336
0.12944 -0.24774 0.08814 0.06815 -0.26805 -0.00251 0.00654 -0.16915 -0.18786 0.18361 0.03329 0.04634 0.21271 -0.30288 -0.16318 -0.00268 -0.16452 -0.11992 -0.02900 0.36845 -0.06650 0.42262 0.01055 -0.00378 0.13247 -0.26584 -0.24734 -0.05861 0.30248 -0.04646 -0.23870 -0.18157 -0.20835 0.06700 0.01979 0.16644 -0.42709 -0.36535 0.06289 0.21496
0.40908 -0.05169 0.33908 -0.13389 -0.29876 0.33010 0.13538 -0.19743 0.25889 0.46489 -0.05327 0.20535 0.15406 -0.13039 -0.36670 -0.28589 -0.25819 -0.05555 -0.18818 0.26732 -0.10124 0.04499 0.14835 0.39375 -0.06475 0.18945 0.00923 0.10708 -0.17610 0.02860 -0.27852 0.49205 0.34068 -0.11117 0.23127 -0.22091 -0.10170 -0.33864 -0.03813 -0.13461
-0.07792 -0.02165 0.27551 0.21004 0.07321 0.00268 -0.04626 0.28291 0.25893 -0.05122 -0.36262 -0.14276 -0.03416 0.00878 -0.18001 0.32081 -0.18449 0.06551 0.35343 0.29697 0.18110 -0.39598 0.25552 0.24050 0.19296 0.17764 -0.41906 -0.09270 0.40851 -0.14508 -0.13281 -0.02680 0.33256 0.06298 0.25477 -0.14634 0.25794 0.10111 0.11085 -0.16857
-0.22261 -0.14849 0.36700 -0.33957 0.08017 -0.21978 -0.03029 0.27827 -0.05778 -0.32656 -0.09622 -0.12851 -0.29288 -0.09338 0.31565 -0.12790 -0.36692 -0.06690 0.08920 0.29566 0.14770 -0.15392 -0.06539 0.14744 -0.19625 -0.19125 -0.33139 0.14826 -0.02638 0.14966 0.04357 0.02485 0.22736 -0.19539 0.04036 0.30551 0.36364 0.27460 0.32999 0.11517
-0.02738 0.08214 -0.11357 0.27311 -0.29850 0.21973 -0.30243 -0.04031 0.34137 -0.09771 -0.39757 -0.35517 -0.03355 -0.02831 0.11447 0.33294 -0.29243 -0.14887 0.24240 0.19417 0.17007 0.11075 -0.04561 -0.05621 0.07231 0.08790 -0.30811 -0.39214 0.04756 0.17686 -0.08497 -0.17991 0.19345 -0.17411 0.16623 0.30346 -0.31380 0.11937 0.02530 0.18352
-0.00062 0.38490 -0.34173 -0.32623 -0.20938 -0.15227 0.11451 -0.19325 -0.30778 -0.04152 -0.18727 0.26575 -0.23069 0.04510 -0.39116 -0.41153 -0.15509 0.40218 0.31565 -0.13376 0.01636 -0.12823 -0.36378 0.07153 -0.33602 -0.00983 -0.40859 0.15272 -0.37310 -0.33857 0.25273 -0.16734 -0.01528 0.45929 -0.13469 0.05291 -0.26123 0.47688 0.31493 -0.43101
0.04699 0.22926 0.10705 -0.03008 0.35156 0.07331 0.37490 0.31098 0.08145 0.38864 0.16154 -0.13583 -0.05729 0.07055 -0.10633 -0.05555 0.05621 -0.03511 0.29161 0.36399 0.34503 -0.19277 -0.01652 0.11802 0.25734 -0.21466 -0.29054 0.25805 -0.27333 0.29878 -0.41308 0.32342 0.15121 0.36564 -0.32577 -0.19357 -0.21597 -0.02283 0.28356 -0.17862
-0.07877 0.37868 -0.00407 0.40477 0.18082 0.34357 0.28484 0.14875 0.28407 0.00499 0.05754 0.29101 0.09040 0.04989 0.36049 0.27050 0.25794 -0.05079 -0.24886 -0.29642 -0.13526 0.31323 0.26058 0.31127 0.10047 -0.43206 -0.13003 -0.43550 -0.23611 0.24587 -0.04856 0.01696 0.03851 -0.46007 -0.16304 -0.40796 0.09845 0.16730 -0.17891 0.08233
0.37385 0.12992 0.31132 0.13568 0.00695 -0.02619 0.42848 0.42602 -0.41230 0.26885 0.25123 0.09162 0.39823 -0.12034 0.29185 0.01245 0.35239 -0.00153 0.14555 0.51791 -0.04191 0.29116 0.10113 0.40613 -0.10964 0.18875 -0.08838 0.10031 0.24715 0.14377 -0.13078 0.42829 0.07841 0.16717 0.38042 0.42604 -0.20680 -0.29238 -0.01671 -0.05799
-0.26410 0.30830 -0.10993 -0.25409 0.17844 -0.05032 -0.20751 0.10380 0.30626 0.32716 0.04520 0.16687 -0.09699 -0.12468 -0.06426 -0.12275 -0.04343 0.01599 -0.13249 -0.29945 -0.36263 0.09209 -0.07490 -0.07182 0.04239 0.01562 -0.24883 -0.17158 0.06173 -0.06805 -0.11125 0.26404 -0.33011 0.03686 -0.06033 0.21446 -0.30303 0.08864 0.10070 0.37204
0.05301 -0.06108 0.27935 0.06196 -0.19385 0.21930 -0.25524 0.07714 -0.07921 0.22973 -0.06532 -0.00663 -0.01347 -0.24730 0.01692 -0.19941 -0.20033 0.03845 -0.11159 0.15765 -0.33735 -0.09589 0.31786 -0.37802 -0.07364 -0.20613 0.01574 -0.05637 -0.09061 0.26358 -0.06986 0.31926 -0.13617 0.27647 0.29622 0.19552 0.16688 0.04469 0.16587 -0.17858
-0.01050 -0.17566 -0.32975 0.13727 -0.28704 -0.35197 -0.12880 0.33156 0.38206 -0.01429 0.34408 0.13183 0.32956 -0.23431 -0.35075 0.08962 0.17694 -0.21529 0.37520 -0.13895 0.06699 0.21975 -0.12061 0.21360 0.32242 -0.38984 -0.14739 -0.12621 -0.43777 0.00292 -0.27790 0.03509 -0.06784 -0.21269 -0.19813 0.05844 -0.07383 -0.05236 0.18803 -0.11112
-0.42644 0.14585 -0.15401 0.32054 -0.21314 0.08420 -0.40727 -0.04201 -0.14761 -0.41154 0.06765 0.15821 0.33339 -0.22724 0.23033 -0.06483 -0.31576 -0.36111 0.13964 0.24983 -0.32533 -0.28639 0.15027 0.21332 -0.13492 -0.28629 -0.23662 0.42049 0.25519 0.03308 0.12178 -0.10235 0.36850 0.00254 0.30266 0.23254 0.01841 0.20367 0.13206 -0.16281
-0.09806 -0.32828 -0.10394 0.03972 0.49241 -0.29700 -0.02352 0.25763 0.06270 0.03748 0.19015 0.40574 0.34682 -0.27140 -0.11424 0.02217 0.11026 -0.21392 -0.25910 -0.01712 -0.19531 -0.20336 0.17578 -0.29692 -0.22959 0.27810 0.21908 0.29909 -0.33794 0.37970 0.05480 -0.07489 -0.19791 -0.06743 -0.38258 0.19963 0.11247 0.14510 0.46310 -0.07296
0.09275 -0.40005 0.03222 0.35568 0.12965 0.08426 0.17346 0.27121 -0.16635 0.13918 -0.32450 0.36995 0.24327 0.24599 0.17752 0.28496 0.01669 0.04881 -0.12535 -0.05147 -0.41725 0.26937 -0.12310 -0.33380 -0.15302 0.05808 -0.00771 -0.28738 -0.46838 0.26532 0.10859 0.21139 0.12707 -0.27184 -0.05729 -0.18444 0.36814 0.08854 0.49145 0.18967
-0.17525 0.05996 0.13423 0.03471 -0.17785 0.00156 -0.29952 0.09820 0.12271 0.16002 0.10492 0.43180 -0.08534 -0.12880 0.05632 0.29726 -0.16824 0.23376 0.18390 0.36276 0.24403 0.00220 -0.29946 -0.05121 0.41414 -0.04088 -0.22693 -0.22948 0.23630 0.37906 -0.36848 -0.27364 -0.13843 0.23617 -0.31816 0.27472 0.02166 -0.12678 0.49787 0.24447
0.36203 0.13432 0.37326 -0.23265 0.42945 -0.13130 0.04382 -0.25051 -0.19719 0.34550 -0.09215 -0.21887 -0.00621 -0.17095 0.16815 0.10222 0.10027 -0.02549 -0.18346 -0.08881 -0.40728 -0.28705 -0.06403 -0.11268 0.23746 0.05272 -0.05246 0.22288 0.40755 -0.25640 0.27040 -0.44926 -0.08817 -0.33750 -0.14139 -0.31212 0.05352 -0.08130 0.30928 0.12459
-0.10710 0.00158 -0.23214 0.31050 -0.28204 0.09709 0.02625 -0.38141 -0.05220 0.24276 -0.23384 0.31418 -0.30614 0.21601 0.03182 -0.25625 -0.26347 -0.07993 -0.35485 -0.02969 -0.17966 0.05923 -0.28414 -0.13741 0.18245 -0.07229 -0.07054 -0.34185 0.26742 -0.19555 0.00261 0.28277 -0.31157 -0.09513 0.20598 0.15689 -0.02307 0.26037 -0.24639 0.37885
0.28980 0.35150 -0.16776 -0.03963 0.00327 0.31078 0.22442 -0.31094 -0.36690 -0.19289 0.28108 -0.13210 -0.23550 0.13276 0.03154 0.26860 -0.28020 -0.29447 -0.29581 0.09809 -0.32825 0.01805 0.08882 -0.44392 -0.25410 0.30617 0.41319 -0.29880 -0.25773 -0.34186 -0.14445 -0.34329 -0.29531 -0.10686 -0.09897 0.01013 0.28485 0.40809 -0.14953 -0.21500
0.09502 0.43412 0.15094 -0.19193 0.35260 0.31553 -0.35718 -0.28053 -0.41336 0.31180 0.35640 -0.33403 -0.24742 0.27585 0.05795 -0.15964 0.30660 0.08739 0.30224 -0.00263 0.43361 -0.22481 -0.40422 -0.11174 0.24601 0.28895 0.20652 -0.13763 0.45396 0.35806 0.13223 0.06695 -0.49243 0.12517 -0.44235 0.16934 0.03528 -0.36079 -0.50012 0.08428
-0.33238 0.35962 -0.18071 -0.32321 0.10730 0.32660 -0.19555 -0.24207 -0.01659 -0.15326 0.11891 0.15010 -0.35830 0.08193 -0.17896 0.20097 -0.18925 0.16324 -0.30180 0.15360 -0.08011 -0.12258 -0.26598 0.06787 -0.20080 0.16117 -0.33509 0.19421 0.18530 0.04120 -0.12595 -0.29262 0.22936 0.01545 -0.39779 0.07668 0.14853 0.08291 -0.00485 0.35898
0.30332 -0.24125 0.29229 -0.17986 0.39948 0.16284 0.04373 0.14417 -0.18308 -0.08497 -0.29476 -0.09563 0.11207 0.33901 -0.42852 -0.28333 -0.32354 -0.17198 0.01672 -0.00623 0.25599 -0.21972 -0.34914 0.18086 -0.14398 -0.29732 0.19929 0.11421 0.14067 0.04905 -0.35569 -0.46090 0.37543 0.38195 0.46936 -0.41395 -0.22036 -0.25222 -0.12487 -0.21811
0.23581 -0.25590 0.28598 -0.01487 0.16578 0.33241 -0.18019 -0.01799 -0.40941 0.34093 0.14207 0.10229 0.03592 -0.00252 -0.29491 -0.13882 0.14635 -0.04372 0.35434 0.29974 0.23049 -0.00738 0.21237 0.38206 0.32520 -0.34608 -0.07774 -0.10068 -0.08849 -0.05130 0.06593 0.25037 -0.09297 -0.11274 -0.37100 0.32059 0.12518 0.27617 -0.12047 0.39762
0.13514 0.04374 -0.12930 0.27896 -0.09463 0.22307 0.22687 -0.15846 0.08283 -0.29352 -0.14390 -0.15129 0.10082 0.11617 -0.22704 -0.18289 0.18516 -0.21127 -0.04794 0.06166 0.03958 -0.37107 0.19826 0.19026 0.09890 0.29550 0.00711 -0.05572 -0.08269 0.20741 0.20618 -0.10065 -0.06110 0.28105 0.46709 0.10943 0.15609 -0.26018 0.05439 -0.04283
0.35478 0.36116 -0.27620 -0.28128 -0.30256 0.40283 -0.00919 -0.05738 0.11880 -0.35678 0.09425 0.02249 0.34427 -0.29008 0.01539 0.34320 -0.32253 -0.31901 -0.27814 0.30329 0.33282 -0.17240 0.01262 -0.05425 -0.38571 0.21838 -0.06357 0.13467 0.07418 -0.06501 0.02711 -0.21755 0.18414 0.16817 0.29241 -0.09447 0.06507 0.37091 -0.13654 0.23902
0.22365 0.14625 0.43360 -0.18360 -0.21491 0.14897 -0.35867 -0.35396 0.33673 -0.20002 -0.15136 -0.30230 0.25540 0.09619 0.24482 0.10421 -0.12302 -0.24253 0.36949 0.24164 -0.19691 0.27189 -0.26246 0.19275 -0.28696 0.11638 0.26803 -0.28714 -0.01875 -0.07269 0.23419 0.07236 0.00782 -0.14138 0.14394 -0.08012 0.25824 -0.23293 0.02405 -0.02558
-0.28002 -0.27203 -0.22095 0.10560 -0.10241 -0.17193 -0.11565 0.08762 -0.07150 0.16366 -0.04081 -0.08420 0.20901 -0.16771 0.13997 -0.15388 0.04684 -0.05328 0.34045 -0.02046 0.20817 -0.26044 -0.18981 -0.22165 0.14219 0.02956 -0.12245 0.27902 0.34150 -0.00469 0.18206 0.10704 0.30964 0.17090 0.05872 0.28462 0.26105 -0.10763 0.29549 -0.38520
0.14950 0.35808 0.14030 -0.10538 0.00379 0.23778 0.06958 -0.15992 -0.20726 0.04290 -0.22506 0.04372 0.30826 0.28971 0.23451 0.34056 0.08790 -0.24043 -0.23569 0.31699 -0.18477 0.31150 0.16696 0.05759 -0.07042 0.36819 -0.17464 -0.36602 0.03479 -0.10795 -0.09900 -0.17403 -0.35634 -0.09333 0.08902 -0.40558 0.07248 -0.07581 0.06091 -0.16705
0.12618 0.00621 0.39601 -0.23160 -0.21985 0.07971 -0.20443 -0.15050 0.09991 -0.18641 -0.20962 -0.09418 -0.06560 -0.03905 0.03296 0.25977 0.00840 -0.01663 0.24855 0.07789 -0.27416 0.05395 -0.39169 0.17162 -0.22246 0.19682 0.09877 -0.00804 -0.14048 -0.04864 0.34522 -0.03144 0.11698 -0.16025 0.21477 -0.07555 0.23647 -0.02790 -0.02153 -0.13218
-0.14228 0.39658 0.24336 0.16789 -0.05712 -0.40877 0.07088 -0.01203 0.25130 -0.25254 -0.07294 0.35059 -0.10274 -0.20184 0.30177 0.20951 0.25636 0.27677 -0.15857 -0.29246 -0.16768 -0.32650 0.13666 -0.17711 -0.14238 -0.13271 -0.01275 0.24901 -0.16807 -0.30705 -0.07444 -0.33306 0.33310 -0.16645 0.09795 0.15549 -0.09511 0.10677 -0.19635 0.10764
-0.22848 0.00572 -0.25442 0.28296 0.26425 0.05696 -0.32156 0.07532 -0.07121 -0.34503 0.14579 0.13099 -0.10333 -0.03566 -0.30587 -0.17046 0.23849 -0.07900 -0.24708 -0.10696 0.10357 -0.13911 -0.45614 -0.19991 -0.08909 -0.31328 0.19296 0.24779 -0.04818 0.08584 -0.05756 -0.32620 0.33056 0.18470 -0.24812 -0.45569 -0.25459 -0.01949 0.18363 0.25466
-0.17624 0.03329 0.29863 0.34657 0.21847 0.07184 -0.01029 -0.39181 -0.07072 0.05007 -0.33263 0.02703 0.09971 0.21352 0.05388 0.36450 0.17416 -0.21783 -0.11897 0.17530 0.06756 -0.03096 -0.40328 0.11749 -0.37049 -0.10015 0.17763 -0.38704 -0.37275 0.36528 -0.20449 0.27162 -0.37665 -0.08047 -0.45835 -0.03001 -0.35737 -0.25030 -0.12813 0.32597
0.02495 0.25490 -0.25146 -0.27452 0.33962 0.27748 -0.10539 0.10173 -0.00442 0.20759 -0.04953 -0.29648 -0.34909 -0.37429 -0.31544 0.00568 0.25599 0.18002 0.25936 0.27861 -0.28621 0.27634 0.04203 0.09659 -0.31454 0.02855 -0.24579 0.16038 0.14830 0.13579 0.31678 0.37679 0.20654 -0.16637 -0.40714 0.02076 -0.02470 -0.33578 -0.28638 -0.07554
-0.05706 -0.06101 -0.16524 0.27590 -0.04198 0.20751 0.00383 0.24356 -0.04659 -0.35608 0.08254 0.15066 -0.31768 0.41240 -0.01264 -0.24507 0.07137 -0.35527 0.15133 0.17928 0.26423 -0.47375 0.07165 -0.28776 -0.00318 0.39362 0.01950 0.10220 -0.25548 -0.18466 -0.05011 -0.08943 -0.00393 0.37064 0.41419 0.04448 -0.22596 0.00706 0.17854 0.33039
