-0.28793 -0.19547 0.08588 0.15005 -0.02897 0.26015 0.05494 -0.07643 0.07422 -0.11482 -0.18784 -0.09228 -0.09383 -0.25742 0.09079 -0.23877 -0.18231 -0.07570 0.06489 -0.09712 0.10138 0.00327 -0.24500 -0.02250 -0.04829 -0.04125 -0.12356 0.22712 -0.13959 -0.01445 -0.01433 -0.03497 -0.16227 0.01743 -0.01873 -0.18284 0.28014 0.01544 -0.13400 0.00401
-0.20664 0.12629 -0.18809 -0.09238 -0.19380 0.10626 0.02071 0.11400 0.10178 0.01788 0.19481 0.17009 0.15735 -0.05189 -0.16701 0.19096 -0.01525 0.13576 -0.20315 0.11363 0.00510 0.02288 -0.02018 0.14481 0.20900 0.07946 -0.01355 0.02702 -0.05400 -0.09367 -0.18310 0.18342 0.09005 0.23439 -0.07362 0.13074 -0.00277 0.12862 -0.05081 -0.22201
-0.23467 -0.14390 -0.00395 0.07094 0.04210 0.29659 0.12618 -0.17619 0.06234 -0.18596 -0.10455 0.02270 0.05695 -0.05578 0.15151 -0.06775 -0.10523 -0.08309 0.15875 -0.07992 0.20087 0.15683 -0.20357 -0.09079 -0.06915 0.02374 -0.20558 0.03980 0.00713 0.10210 -0.08030 -0.04939 -0.04956 0.02070 0.12946 -0.13922 0.14716 -0.04191 -0.05286 0.06031
-0.25957 -0.21829 0.02667 -0.02405 -0.10619 0.32015 0.11359 -0.15974 0.19219 -0.05502 -0.01624 0.08822 0.12280 -0.12516 0.16561 -0.06797 -0.10947 -0.10101 0.09582 -0.13809 0.12660 0.14481 -0.25984 -0.09226 0.04839 -0.05433 -0.09532 0.10810 -0.14818 0.14318 0.05691 -0.02815 -0.01089 -0.02366 0.07760 -0.15980 0.11088 0.00213 -0.05625 0.01439
-0.19876 -0.08950 0.01924 0.03512 -0.15559 0.34453 0.16808 -0.13476 0.17838 -0.16378 -0.19702 -0.01429 0.09697 -0.07791 0.04144 -0.17932 -0.07598 -0.03849 0.07536 -0.08714 0.08616 -0.04081 -0.30806 -0.05943 -0.13280 -0.03858 -0.14482 0.20528 -0.19091 0.07843 -0.10183 -0.09255 -0.07706 0.00140 0.10061 -0.08350 0.09546 -0.14476 -0.18712 -0.04488
0.19583 -0.07786 0.08544 -0.09091 0.22270 -0.26912 -0.14653 -0.17896 -0.07871 0.13703 0.16442 0.11704 0.17441 0.09481 0.03373 0.09561 0.01380 0.07796 -0.29697 0.07630 -0.05438 -0.01631 0.27513 -0.02034 -0.04711 0.03423 0.04661 0.03926 -0.01537 -0.22095 0.36312 0.29896 0.09824 -0.04382 0.11641 0.01055 0.11665 0.08962 0.18295 0.04915
-0.18361 -0.07948 0.26723 0.03568 -0.00220 0.24682 0.02221 -0.09988 0.03579 -0.17117 -0.10118 0.01184 -0.03566 -0.20144 0.18989 -0.08246 -0.01936 -0.13249 0.12603 -0.13135 0.13869 -0.23452 -0.13276 -0.06837 -0.16053 -0.04588 -0.04779 0.17050 -0.10151 0.22259 -0.27387 -0.02845 0.01441 0.07896 0.05861 -0.22951 0.09549 -0.17228 -0.11393 -0.02793
-0.17467 -0.10263 0.09518 0.05516 -0.06414 0.47598 0.06649 -0.13484 0.14327 -0.15398 -0.29393 -0.06037 -0.02325 -0.02441 0.09209 0.04489 -0.02535 -0.09973 0.09610 -0.06879 0.12877 -0.01801 -0.28885 -0.03439 -0.18009 -0.02671 -0.12115 -0.07121 -0.17846 0.21073 -0.07531 -0.03069 -0.09244 0.01141 0.06535 0.05823 0.19471 -0.11030 -0.08177 0.00243
-0.10055 0.03287 0.02741 0.06497 0.27372 -0.00886 0.09536 0.12454 -0.13941 0.09577 -0.25558 0.18522 -0.11661 -0.10065 0.04801 -0.14785 0.12320 0.01362 0.11321 -0.01788 0.06034 -0.03216 0.06830 0.08903 0.08175 0.04488 -0.06528 -0.01132 -0.22617 0.10866 -0.06709 0.07156 -0.10693 0.02175 0.02824 -0.02583 -0.17518 -0.12050 0.25469 0.05788
0.25244 0.00271 -0.20411 -0.24297 -0.07996 -0.11554 -0.15251 -0.03376 -0.21387 -0.05238 0.08629 -0.03075 -0.04649 0.09108 -0.02873 0.12683 0.10254 0.17898 -0.15107 -0.05549 -0.06789 -0.15228 0.37529 -0.03420 -0.25932 0.04369 -0.13127 -0.14594 0.02706 0.14348 0.12437 0.00847 0.01181 0.17695 -0.14223 -0.04545 -0.15619 -0.00155 0.24706 0.14512
0.00528 0.26394 -0.10250 -0.12500 0.19451 -0.15874 0.12856 0.15909 -0.08631 -0.22597 0.18509 0.04247 -0.14243 0.09358 0.01583 0.05247 0.18994 0.10100 0.05014 -0.11584 -0.15415 -0.00357 0.09310 0.08376 -0.18318 0.18822 -0.17281 -0.13346 0.09414 -0.14454 -0.07257 -0.12034 0.05302 -0.08449 0.15633 0.00262 -0.10942 -0.09321 0.12278 0.21412
0.13923 -0.03331 -0.18831 -0.25347 0.04457 -0.06672 0.08352 0.14689 0.03227 0.04408 0.12166 0.28919 -0.04647 0.12274 0.00663 0.02384 0.03641 0.03826 -0.17455 0.13779 -0.08523 0.15840 0.15519 0.17209 -0.12078 -0.07003 0.00490 0.02752 0.02475 0.10168 0.11386 0.12330 -0.02859 0.11935 -0.02154 -0.28339 -0.12953 -0.21924 0.06386 0.19499
0.15999 -0.12055 -0.02778 -0.13650 0.07531 -0.05576 0.07086 0.09592 0.25291 0.02080 -0.15278 0.13159 0.11125 0.03904 -0.00915 0.15176 0.09639 -0.14131 0.01692 0.21605 -0.03088 0.19380 -0.22995 0.06647 0.01122 -0.01035 0.07554 -0.07083 0.22873 -0.09378 0.01970 -0.22678 0.00043 -0.21029 -0.08139 -0.03652 0.18834 0.04079 0.05059 0.07607
-0.22822 -0.15957 0.11523 0.19284 -0.07150 0.31678 -0.06492 -0.15976 0.05168 -0.25995 -0.16456 -0.07867 0.04201 -0.02960 0.06968 -0.12894 -0.12581 -0.02437 0.14739 -0.04331 0.21319 0.00848 -0.14969 -0.04790 -0.09659 0.06375 -0.06495 0.13827 -0.21269 0.12304 -0.13573 -0.07831 -0.08083 0.09065 0.05915 -0.03302 0.22542 -0.12936 -0.08336 -0.03832
0.01749 -0.04530 0.03325 0.24499 -0.19916 0.04734 -0.02300 0.43468 -0.01237 -0.10095 0.04574 -0.01395 -0.13711 -0.12687 0.10639 -0.01761 -0.02435 -0.04067 0.01011 -0.08361 -0.00535 -0.12087 0.18604 0.03768 0.21789 0.25876 0.21189 0.00513 0.22866 -0.00708 0.04268 0.05717 0.13900 -0.19928 0.03777 -0.00155 -0.05013 0.13655 -0.12530 -0.07324
0.01356 0.04406 -0.08061 -0.02904 0.00720 -0.10488 -0.18067 0.10253 0.26608 0.05912 0.00303 -0.13232 -0.02962 -0.04352 -0.10231 0.03899 0.08297 -0.05484 0.21507 0.17694 -0.06060 0.38832 -0.00468 0.06808 0.23042 0.01221 -0.01856 0.02123 0.30232 0.06652 0.00567 -0.00836 0.04694 -0.28862 -0.01001 0.01292 0.08441 -0.15817 0.02302 -0.04425
-0.02269 0.06357 -0.05921 0.04361 -0.01837 0.00727 -0.08875 0.32643 0.02977 0.16108 0.05158 -0.19965 -0.07087 0.10261 -0.14250 0.17046 0.09362 0.14745 -0.07258 0.17995 0.02373 -0.01482 -0.11295 -0.00623 0.01226 -0.01160 0.21891 -0.03073 0.35145 -0.20613 0.01560 0.11110 -0.00691 -0.07423 -0.04904 0.10284 -0.17653 -0.11692 0.05429 0.08116
-0.13633 -0.26727 0.09319 0.01005 -0.07997 0.23404 0.05364 -0.25282 0.13199 -0.13993 -0.04916 0.05459 0.04148 -0.12459 0.07617 -0.09382 -0.11089 -0.10008 0.07038 -0.10365 0.14360 0.01567 -0.19969 0.02320 -0.03207 0.03013 -0.06803 0.05733 -0.09083 0.21063 -0.04612 -0.08212 0.01606 0.10387 0.17448 -0.10371 0.26162 -0.02090 -0.11152 0.08247
-0.00554 0.01724 -0.04674 -0.05791 -0.12546 -0.10145 -0.10894 0.38542 -0.08551 0.06121 0.18355 0.06028 -0.00113 0.11307 -0.17365 0.05185 0.08768 0.00073 0.04633 0.01011 0.12414 0.30482 -0.33000 -0.05488 0.27815 0.02321 -0.10840 -0.09004 -0.09987 -0.10696 -0.05767 0.03059 -0.02021 0.00280 -0.04274 -0.13533 -0.00911 0.04017 -0.06951 0.00140
0.21469 -0.10563 0.09516 -0.02366 0.31337 -0.32404 -0.22251 -0.20226 -0.13473 0.06457 0.20325 0.16100 0.19653 0.05894 -0.00867 0.10454 -0.04349 0.03762 -0.30150 0.12584 0.04752 -0.02094 0.20303 -0.07746 -0.09482 0.09883 -0.03199 0.06251 -0.06893 -0.14819 0.29003 0.29784 0.13602 -0.06119 0.10337 0.00661 0.16140 0.14362 0.16986 0.00148
-0.08506 0.08700 0.07882 -0.06841 -0.18754 -0.05610 0.03083 -0.11457 0.07969 0.06509 0.16948 -0.02162 -0.08615 -0.02767 0.05258 -0.00437 -0.11350 -0.05842 0.00366 -0.09632 -0.08322 -0.08789 -0.01351 0.09359 0.25692 0.02129 -0.01810 0.19624 -0.21974 -0.23551 0.10576 0.09888 0.21322 -0.08385 -0.02869 0.06990 -0.05084 0.20308 0.04921 0.23374
0.03532 0.05764 -0.03520 -0.04274 -0.03890 -0.17377 -0.28373 0.08514 0.32177 0.05841 0.04860 -0.21983 -0.03405 -0.00706 -0.09781 0.06536 0.15226 -0.06021 0.30209 0.21511 -0.10460 0.43437 -0.03647 0.15476 0.25781 -0.08018 0.00773 0.02044 0.32071 0.24220 0.00229 -0.02128 0.06679 -0.36956 -0.02694 -0.01032 0.15533 -0.23926 0.08861 -0.07485
-0.26659 -0.14490 -0.03905 0.00628 -0.04772 0.32871 0.03859 -0.05575 0.08013 -0.23162 -0.17782 -0.02940 0.05004 -0.08336 0.15609 -0.12317 -0.17896 -0.16355 0.07160 -0.02779 0.18411 0.10263 -0.25818 0.00018 -0.19277 -0.05576 -0.13376 0.13849 -0.10517 0.12438 -0.15175 -0.09019 -0.15458 0.22048 0.00735 -0.21661 0.22421 -0.03201 -0.21222 -0.10761
0.20200 0.18735 0.09235 -0.13820 0.14941 0.02136 -0.00691 -0.10789 -0.15228 -0.02132 0.14589 -0.02305 -0.24904 -0.00464 -0.08149 0.05210 0.08383 0.12760 -0.14272 -0.01826 -0.15177 0.11018 -0.01025 -0.01583 -0.19129 -0.00309 -0.24323 0.13172 -0.05907 -0.21036 0.08946 0.15356 -0.15679 0.14393 0.00064 0.21914 0.09104 0.18381 0.11735 0.23373
0.28593 0.07985 -0.06896 -0.27807 0.00176 -0.09409 -0.20586 -0.06093 -0.27029 -0.04809 0.08974 -0.01185 -0.05736 0.14396 -0.01085 0.12978 0.19300 0.20041 -0.01003 -0.03173 -0.06276 -0.12383 0.33602 -0.00421 -0.29354 -0.01800 -0.17620 -0.07981 0.02169 0.15775 0.21123 -0.01961 -0.05494 0.16811 -0.13380 -0.10986 -0.08265 -0.12009 0.21384 0.15698
-0.18367 -0.01802 -0.02950 -0.02172 -0.13091 0.21171 0.03459 -0.11959 0.07191 -0.18533 -0.16533 -0.08496 -0.06896 -0.09479 0.06261 -0.15290 -0.05725 -0.14305 -0.06372 -0.15139 0.02889 0.03023 -0.23692 -0.02155 -0.07870 0.03323 -0.05490 0.04142 -0.11893 0.11372 -0.20831 -0.11454 -0.01428 0.12596 -0.00486 -0.06225 0.18607 -0.03665 -0.09955 -0.01510
-0.04914 -0.04895 0.08981 0.30999 0.08111 0.13189 -0.08325 -0.33347 0.00941 -0.20242 -0.08183 0.07354 0.11240 -0.18352 0.25823 -0.10679 -0.13430 -0.15707 -0.08092 0.07361 0.13032 0.01625 0.05880 0.08000 -0.25162 -0.03906 -0.11431 0.02508 -0.09881 0.32773 -0.00789 -0.02800 -0.03550 0.06218 0.15889 -0.15851 0.13548 0.04354 -0.13461 -0.17171
-0.11550 -0.24447 0.00608 0.08472 0.01641 0.30616 0.15292 -0.26123 0.11002 -0.23395 -0.09968 0.13789 0.12189 -0.16591 0.03949 -0.16400 -0.16155 -0.01169 -0.07629 -0.04507 0.18023 -0.02156 -0.23454 0.05550 0.01821 -0.03073 -0.20673 -0.02380 -0.02249 0.22167 -0.03009 0.02619 -0.02062 0.03441 0.28415 -0.04376 0.15607 -0.06329 -0.10063 0.10806
-0.09066 0.23338 -0.20077 -0.13969 0.04938 0.05681 0.26055 0.35890 -0.30263 0.07567 0.23831 0.06032 0.12733 0.25716 -0.09500 0.12104 0.21074 -0.12779 -0.23238 -0.01378 -0.28369 -0.07431 -0.15019 -0.02743 -0.04743 -0.22576 0.08824 0.27466 -0.01671 -0.24196 0.22127 -0.14525 -0.03849 -0.17663 -0.04781 0.06407 -0.31582 0.14077 0.19051 -0.18864
-0.11767 -0.08127 0.07365 -0.31422 -0.05646 -0.22337 0.27754 0.11737 -0.21156 0.29931 -0.07226 0.16842 0.02067 -0.30338 0.30243 0.27948 -0.09808 0.05572 -0.12009 -0.26296 -0.24163 -0.20819 -0.11142 0.05734 -0.29391 0.15116 0.24935 -0.14077 0.29429 0.03632 0.25617 0.28408 0.27372 -0.13789 0.01713 -0.11196 -0.09410 0.12050 -0.36421 0.14805
-0.22820 -0.20835 -0.01119 0.14239 0.08292 0.18524 0.20253 -0.28853 0.21695 -0.04595 -0.02318 0.19548 0.27281 -0.18523 0.25704 -0.01614 -0.09138 -0.14214 -0.02293 -0.01794 0.15725 -0.01492 -0.12163 0.04750 -0.02862 0.06026 -0.06215 0.13748 -0.00024 0.18866 0.08051 0.11288 -0.13057 -0.15510 0.26586 -0.08382 0.06856 -0.00609 -0.09496 0.02853
-0.16972 0.15132 -0.02468 0.18471 0.32729 0.04382 -0.05309 0.22322 0.09033 0.34277 -0.16377 0.22429 0.22794 -0.01795 -0.17968 0.10846 -0.05898 0.13414 -0.08164 -0.17988 0.17430 -0.25788 -0.15629 0.21310 0.28908 -0.07984 0.24909 -0.14085 0.21402 -0.15731 0.11138 0.14889 -0.14269 -0.29084 0.23574 -0.05892 -0.07923 -0.01678 0.00752 0.02040
-0.24361 -0.25307 -0.00545 0.05025 -0.10525 0.18751 0.11336 -0.11065 0.19764 -0.14121 -0.22037 -0.04110 -0.00151 -0.14876 0.04299 -0.09087 -0.12407 -0.09345 0.03327 -0.11185 0.16852 -0.02077 -0.19858 -0.07085 0.01393 0.01775 -0.12400 0.06127 -0.05276 -0.00505 -0.20244 -0.05827 -0.20454 0.12464 0.06897 -0.12024 0.15301 -0.01363 -0.07291 0.03767
-0.17739 -0.19470 -0.01251 0.07172 0.05430 0.29649 0.11188 -0.09404 0.10368 -0.10834 -0.14539 0.06942 -0.00642 -0.16494 0.02627 -0.00847 0.09839 -0.03961 0.17872 0.01726 0.13633 0.05102 -0.16995 0.09227 -0.09291 0.01599 -0.27599 0.04620 -0.02590 0.20689 -0.04360 -0.11804 -0.20976 0.04396 0.11829 -0.08552 0.18948 -0.00304 -0.17178 0.00104
-0.09388 0.19184 0.14280 0.16353 0.18373 -0.05897 -0.04026 0.45736 -0.00684 0.09378 -0.04974 -0.12508 -0.05322 0.25353 -0.07206 -0.14958 -0.10610 -0.04683 -0.08131 0.19674 0.08980 -0.14133 0.18246 -0.16080 0.15829 0.02936 0.23205 0.04084 0.11191 -0.15056 -0.21439 -0.23870 0.30187 0.04417 -0.10893 -0.15287 -0.03793 -0.18696 0.01920 0.17298
-0.02736 0.23217 -0.15359 -0.06249 -0.02360 -0.09006 0.12410 -0.03002 0.09383 0.24984 -0.06008 0.12856 -0.08161 0.11080 -0.24150 0.15673 -0.00257 0.05834 -0.03942 -0.08496 -0.05815 0.13209 0.13498 -0.11793 0.03653 -0.08351 -0.02038 0.13297 0.09372 -0.19306 -0.08570 -0.07721 -0.07197 -0.29373 -0.08917 0.28188 -0.20633 0.08503 0.20834 -0.10863
-0.27347 0.04718 -0.00623 0.21361 -0.19387 0.09415 0.08415 0.22047 -0.05414 -0.11139 -0.05984 0.25191 -0.06415 0.19491 0.20560 0.19431 -0.17276 0.13724 0.03354 0.02738 -0.01913 0.18379 -0.15071 0.14109 -0.30713 -0.10323 -0.01859 0.12974 0.00482 -0.13800 0.09843 0.13531 -0.28022 0.19921 0.00184 -0.29535 0.12049 -0.26099 0.01119 -0.37312
0.30663 0.08038 -0.06547 -0.20352 -0.04759 -0.16625 -0.26993 -0.01854 -0.33342 -0.08560 0.13592 -0.03546 -0.07761 0.10634 0.07290 0.13418 0.06691 0.16487 -0.06471 -0.03948 -0.07690 -0.14954 0.42294 -0.05929 -0.27054 0.01262 -0.11896 -0.12073 0.01301 0.14960 0.16473 0.02159 0.01836 0.17252 -0.16815 -0.13534 -0.08142 -0.04990 0.18461 0.15775
