0.25018 0.13612 0.29447 0.05744 0.00843 -0.18307 0.18812 -0.00809 -0.02046 -0.28446 0.25466 -0.20474 0.12906 -0.42917 0.08970 -0.00995 -0.01385 -0.27612 -0.04959 0.26795 -0.34502 0.34598 0.35843 0.19310 -0.23180 -0.00088 -0.03576 -0.24360 -0.18295 0.05709 -0.22839 -0.02736 0.30098 -0.08633 -0.08030 0.22282 0.17194 -0.21756 -0.10705 -0.13070
0.14649 -0.10366 0.31263 -0.08020 0.41812 0.17207 -0.12953 0.06564 0.13479 0.23482 -0.26356 0.19600 -0.02344 -0.26884 0.20866 -0.09457 -0.31600 -0.05988 -0.02432 0.07809 -0.06620 0.29119 0.12269 -0.14355 0.03704 -0.26437 -0.06630 -0.30307 -0.10214 -0.21104 0.10751 0.09547 0.19773 -0.13495 -0.09178 0.03375 -0.05409 0.15066 -0.15580 -0.27331
-0.12063 -0.05169 -0.07800 -0.25363 -0.09420 -0.21227 0.21900 -0.11760 -0.14281 0.16979 -0.04417 0.03502 0.31962 0.16423 0.16082 -0.12076 -0.30855 -0.07153 0.29563 0.11839 -0.16723 0.02977 -0.06529 -0.01777 -0.26177 -0.17084 0.07881 0.18470 0.03724 0.07652 -0.23988 0.12285 0.24557 0.17627 -0.07275 -0.15206 -0.11754 -0.15952 -0.01554 -0.15318
0.01093 -0.09353 -0.11390 -0.04302 -0.05331 0.12244 -0.18950 0.13449 0.04093 0.06451 -0.09727 0.02048 0.12232 -0.18617 -0.10157 -0.09033 0.16681 0.06487 0.19012 0.21688 0.02830 -0.26574 -0.16785 0.13260 0.03300 0.12005 0.04561 0.12707 -0.14508 -0.05340 -0.05570 -0.00548 -0.08508 -0.09070 -0.00328 -0.00845 0.11525 -0.15966 0.07485 0.00441
-0.14871 -0.02450 0.30257 0.11141 0.22652 0.21165 0.15473 -0.11421 -0.26930 -0.11709 0.08143 -0.00427 0.06044 -0.00172 -0.12675 -0.07978 -0.09948 0.31606 -0.11686 0.32119 0.03606 -0.05337 0.12317 -0.20324 -0.08031 0.04182 -0.24320 -0.34795 0.08330 -0.08708 -0.00783 0.11475 0.08033 0.04107 0.08254 0.16628 -0.08970 0.02337 -0.13940 -0.05640
-0.00282 -0.20223 0.07030 -0.02449 -0.16871 0.15956 0.04810 0.26458 0.24422 -0.12128 0.11564 0.01063 -0.08182 0.02794 -0.20434 0.07548 0.08096 0.04898 -0.19870 -0.18843 -0.10065 0.11611 0.06228 0.37032 -0.04237 0.17476 0.01968 -0.13927 -0.18748 0.17077 0.26881 -0.31136 0.01543 0.16530 0.10774 0.07018 -0.33441 0.00868 0.01530 0.13254
0.13908 -0.15246 0.06817 0.10121 0.16319 0.23901 0.14881 -0.10025 -0.12791 -0.17010 0.07467 0.17240 0.21453 0.15373 0.15513 0.02895 -0.05221 -0.16697 0.01600 0.10940 0.06554 -0.04033 0.16610 -0.10425 -0.09618 -0.00019 0.16499 -0.06527 0.12228 -0.11718 0.04014 -0.09803 0.08755 0.31283 0.00373 -0.10792 -0.03417 0.10498 -0.11559 0.01073
0.08499 -0.20743 -0.11215 0.14775 0.00747 0.02592 0.15453 0.16694 0.04632 0.05067 -0.09749 -0.13270 0.08606 0.24351 0.03212 -0.14065 0.21658 -0.01603 -0.20729 -0.12872 0.18517 0.21659 0.07870 0.27550 0.01665 0.11543 0.02142 -0.16969 -0.27986 -0.10241 0.08394 0.03654 -0.25076 0.06971 -0.05085 -0.02068 -0.21010 0.12999 0.05906 0.08086
-0.01862 -0.21292 -0.09179 0.02127 -0.04271 0.09435 0.19377 0.12627 -0.05376 0.08993 -0.23460 -0.08370 0.08849 0.20017 0.22905 -0.03392 0.14663 -0.07532 -0.41576 0.10102 0.01639 0.25666 0.14844 0.20766 0.14662 -0.06254 -0.03971 -0.07719 -0.27480 -0.16143 0.09771 0.12054 -0.20457 0.13321 -0.07894 0.05530 -0.19167 -0.00145 0.21022 0.15322
0.10623 -0.22278 -0.03999 0.07849 0.03370 0.04980 0.16289 0.21120 -0.10357 -0.06633 -0.08795 -0.15079 -0.03819 0.11829 0.17193 -0.12166 0.11152 0.07396 -0.28888 -0.14000 0.12600 0.25544 0.22410 0.18897 0.15961 0.08878 -0.00659 -0.13861 -0.17740 -0.09871 -0.02498 0.03984 -0.23724 0.13466 -0.10658 0.01740 -0.13740 0.11681 0.22549 0.08584
-0.09316 0.12192 -0.08265 -0.23003 0.29375 0.18558 0.01512 0.11198 -0.39606 0.17953 0.13171 -0.02768 -0.05442 -0.14667 -0.10214 -0.12016 -0.28547 -0.14229 0.21064 0.17713 -0.19108 -0.19637 0.24875 0.00121 0.18619 -0.18423 0.06574 -0.11929 0.33719 0.10171 0.22889 0.26187 0.17440 -0.33765 0.31194 -0.03297 -0.26778 0.09624 0.14457 -0.13199
0.19574 0.04291 0.23571 0.04353 0.31424 0.30327 -0.23103 -0.27918 0.17877 -0.11039 0.10253 -0.09195 -0.07400 -0.03913 0.11721 -0.01100 -0.17855 0.01552 -0.29989 -0.09473 -0.19640 -0.19926 -0.00763 -0.27463 -0.04461 0.04119 -0.26408 -0.13135 0.22492 -0.31441 0.20008 -0.04511 0.13157 0.01141 0.03543 0.28390 -0.00945 0.16844 0.17115 0.17670
0.00858 -0.06381 0.22608 0.19885 -0.22336 0.27576 0.24154 -0.29096 -0.16179 -0.11094 0.03471 0.18937 -0.00640 -0.00543 0.27721 0.12829 0.12254 0.14751 0.32193 -0.02213 -0.38867 0.21307 -0.26639 -0.15124 -0.25564 -0.06112 0.08594 -0.24268 -0.19794 0.04129 -0.03953 0.10877 0.22310 -0.37428 0.28583 0.09351 -0.04248 0.24414 0.18617 -0.15821
-0.03602 0.13842 -0.28063 -0.04497 0.11445 -0.14525 -0.11607 0.03137 -0.19158 0.09543 0.21193 0.13309 -0.10254 -0.08807 -0.27548 0.00445 0.00826 -0.16602 0.21694 0.01375 -0.03919 -0.21114 -0.02479 0.05757 -0.09620 -0.05585 0.14268 0.26683 0.24330 -0.08796 0.29291 -0.03362 -0.23856 -0.03194 0.05362 0.02535 0.24430 0.27630 0.15772 0.33407
0.18763 -0.13577 0.11061 -0.12875 -0.29070 0.12544 -0.04044 -0.06238 0.00377 0.22865 0.05668 -0.33875 0.10771 -0.00678 -0.12534 0.16912 0.13652 0.40295 0.00803 0.18894 0.01581 -0.08925 -0.18844 0.14894 0.25919 0.10964 0.01260 -0.08783 0.20616 -0.04671 -0.04909 -0.07413 -0.00959 0.15770 -0.17185 0.09754 0.15122 -0.11952 0.07272 0.31872
-0.27538 0.13695 -0.13044 -0.28685 -0.15014 -0.02984 0.24069 -0.22123 -0.12343 -0.09155 -0.27680 -0.36653 -0.08359 0.17443 -0.21504 0.25648 0.03555 0.01843 -0.31455 0.35880 -0.02892 -0.28504 0.30556 0.05309 -0.30476 -0.14876 -0.05319 0.02888 0.00066 0.21043 0.27927 0.11394 -0.12281 0.28088 -0.17467 0.21897 0.04825 0.22364 0.16272 0.24915
0.40838 0.15618 -0.16535 -0.33736 -0.22306 -0.24770 -0.24747 -0.03414 0.32763 0.21129 -0.38079 -0.06962 -0.31880 0.26846 0.42442 -0.26395 0.33256 0.20571 -0.06701 0.08418 -0.10918 -0.34804 -0.03784 0.24499 0.18755 0.01307 0.03679 0.08886 -0.30434 0.22878 -0.35157 -0.05541 -0.24525 -0.32858 -0.32332 0.14866 0.25770 0.18831 0.06471 -0.08815
-0.33285 -0.21074 0.26677 -0.19621 -0.21041 -0.18164 0.09981 0.01888 -0.00906 0.21666 0.26073 0.05883 0.01471 0.26647 0.14151 0.03274 -0.13024 0.24751 -0.13502 -0.07806 0.01700 0.20449 -0.00904 0.13890 -0.01408 0.04982 0.40621 0.31275 -0.28688 -0.04043 -0.09227 -0.18548 -0.29119 0.27476 -0.13472 -0.27611 0.05527 -0.18957 0.18004 0.24730
0.29784 -0.02524 0.40107 -0.13713 0.32144 0.03668 -0.01349 -0.02100 0.19828 -0.03775 0.03300 0.31763 -0.29251 0.01475 -0.07506 0.25919 -0.20156 0.05703 0.06176 0.31160 -0.17078 0.23463 0.08992 0.03739 -0.16571 -0.17243 0.00392 0.17750 0.04397 -0.18972 -0.15057 -0.22459 0.08291 -0.13848 -0.01336 0.09409 0.05294 -0.00132 -0.18539 -0.18774
-0.07951 0.12572 -0.03703 -0.06347 0.03390 -0.07406 0.09009 -0.06959 -0.08172 -0.06849 0.26057 0.04429 0.09595 -0.07520 -0.13196 0.20449 0.18116 0.34250 -0.18552 0.26502 -0.20806 0.02874 -0.12109 0.11494 0.06762 -0.16160 0.13062 -0.28029 0.22425 0.09352 0.11282 -0.24828 0.13594 -0.11315 -0.02783 -0.13490 -0.00229 0.01597 0.04134 0.06842
0.13874 -0.21503 -0.12373 -0.32782 0.26802 0.18837 0.40332 0.22511 -0.11398 0.08343 0.26528 0.09237 -0.09241 -0.30976 -0.14875 -0.15495 0.08246 0.20290 -0.09814 0.23673 -0.13131 -0.05317 0.23342 -0.35135 0.13680 0.15582 -0.15536 -0.12928 0.05009 -0.26455 -0.11368 0.19130 0.34460 -0.07658 0.24677 -0.14228 0.07071 -0.27905 -0.26508 -0.35718
0.20706 0.14137 0.09770 -0.21680 0.09271 -0.08690 0.15572 -0.16084 0.19809 -0.33281 -0.22998 0.11076 -0.05035 0.20387 0.08802 -0.02780 0.21715 -0.20170 0.03620 -0.27135 0.18518 0.12259 -0.01104 -0.13058 0.08815 0.22798 0.17452 0.04537 -0.18742 0.13290 0.24629 0.27815 0.14000 0.08289 0.31230 0.14423 -0.24749 0.16586 0.13289 -0.12688
-0.28940 -0.05440 0.14753 0.01882 -0.04009 0.01263 0.15955 -0.06197 0.01865 0.27073 -0.13385 0.19736 -0.08761 -0.10044 0.00308 0.23826 -0.29442 -0.07260 -0.05031 0.19333 0.03967 0.18375 0.03303 -0.12860 -0.16079 0.14521 0.07970 -0.02490 -0.16485 -0.13569 -0.14381 -0.11099 0.06040 0.11461 0.16559 0.15619 -0.28300 0.02769 0.00022 -0.14810
-0.05141 0.09868 0.01754 -0.25335 0.30566 -0.18494 0.01488 0.13484 -0.28615 0.22230 0.24700 0.08558 -0.00572 0.06417 0.09044 0.17668 0.06596 -0.17247 -0.32237 0.30202 -0.36729 -0.18598 0.24040 -0.37129 -0.13984 -0.08810 0.16134 -0.01116 -0.12038 -0.08008 -0.23343 0.09786 0.30443 0.17343 0.15601 0.04077 0.00861 -0.31117 -0.38698 -0.18340
0.13830 -0.13945 -0.01133 -0.09588 0.27366 -0.07870 0.05589 0.18631 0.11324 -0.16637 0.02891 0.29256 -0.15942 0.02119 0.12466 0.08505 0.08537 0.31907 -0.07888 -0.04183 -0.31062 -0.05507 -0.19404 -0.16037 -0.18086 0.09558 0.03320 -0.05452 0.01951 -0.13221 0.19824 -0.30706 0.02502 0.04998 0.01106 -0.14112 -0.21119 -0.14505 -0.35156 -0.09802
0.18385 0.27438 0.30063 0.22000 0.09318 0.02114 0.04145 0.16569 0.02906 0.15943 0.06959 -0.11643 -0.03428 -0.15563 -0.14487 0.16352 -0.16043 0.07285 -0.21044 0.36944 -0.09193 0.15787 0.15933 -0.22680 -0.19917 -0.19253 0.13601 0.05043 0.06570 -0.27972 0.10192 -0.03330 0.04577 0.02020 -0.03450 0.21046 0.09809 -0.26292 0.18285 0.05478
-0.12834 0.02669 0.19456 -0.05379 0.13374 -0.13892 -0.04421 -0.07329 0.08209 -0.04953 -0.11210 0.00405 -0.07355 -0.01471 0.04889 -0.18664 -0.10192 0.15577 0.19408 -0.11133 -0.20220 0.26817 -0.03287 0.18578 -0.01098 0.05308 0.14931 -0.05179 0.32942 0.01706 -0.15343 -0.11670 0.36512 0.01618 -0.04134 0.08883 -0.03041 -0.17791 0.20740 0.04949
-0.12901 0.04196 0.27255 -0.06593 0.37739 0.21346 0.13227 -0.05725 0.12288 -0.09838 0.17177 0.21287 -0.04136 -0.15245 -0.00727 -0.00279 -0.10128 0.00752 0.27391 -0.19640 -0.32375 -0.10799 0.27310 -0.08781 -0.26124 0.14405 -0.22977 0.16800 0.12372 -0.10490 -0.21643 -0.12643 0.24240 -0.02024 -0.05628 0.26661 -0.19177 -0.18648 -0.15136 -0.11439
-0.21178 0.31948 -0.04587 0.15713 -0.05111 -0.03674 -0.00569 -0.07127 0.18713 0.16466 -0.16817 0.09735 -0.22101 -0.18493 0.08246 -0.20214 -0.23782 0.13633 0.08825 -0.01546 -0.31178 0.32369 -0.16558 -0.00012 -0.00367 0.12434 0.19145 0.04282 0.23479 0.02888 -0.00392 0.23975 0.01711 -0.20111 -0.00956 0.01966 0.06466 0.00294 -0.32607 -0.09295
-0.39331 0.11164 -0.19822 -0.16871 0.01877 0.09184 -0.05175 -0.20266 -0.24627 0.02146 -0.28502 -0.17729 -0.12626 -0.01722 -0.02781 0.10386 -0.27367 -0.18013 0.14845 0.24771 -0.05325 0.10805 -0.00364 -0.10588 0.28413 0.15058 -0.17358 -0.05322 0.20229 -0.06837 -0.15399 -0.07968 -0.11740 -0.12949 0.05355 0.06416 -0.00547 -0.39204 0.24838 0.11505
0.11786 0.16996 -0.09551 0.11772 0.16669 -0.23098 0.00182 -0.07637 -0.00677 0.13963 -0.00128 0.18329 -0.12510 -0.11255 -0.14873 0.24054 0.01382 0.06179 0.25699 0.17046 -0.32610 -0.06289 0.07142 -0.09297 0.06291 0.12579 0.01316 -0.11802 0.22165 -0.09714 0.00882 -0.23265 -0.27604 0.09456 -0.20711 -0.16385 0.02955 0.10652 -0.30107 -0.22053
-0.19488 -0.16009 0.23332 0.13695 0.05250 0.17037 -0.21452 -0.09569 0.05219 0.14039 -0.02867 0.03121 -0.05657 -0.07439 0.01054 0.05461 -0.09661 -0.15466 0.19441 0.00361 -0.01437 0.26543 -0.21751 0.28132 -0.08579 0.00084 -0.08714 -0.11279 -0.15069 -0.03378 0.18563 -0.05123 -0.07064 -0.11814 0.04704 0.04475 -0.20200 0.16765 -0.19505 -0.20811
0.04059 0.04562 0.12944 0.18279 -0.09830 0.12616 0.18687 -0.12336 0.24924 0.35624 0.28610 0.38244 0.31468 -0.09363 0.13225 -0.21207 -0.13981 -0.10909 -0.02309 -0.08289 -0.09640 0.25407 0.21554 0.01023 -0.02118 -0.27825 -0.10827 0.24130 0.19789 -0.26069 -0.24847 -0.05706 0.10050 0.26518 -0.02843 -0.15552 0.27233 -0.14482 -0.31880 0.06344
-0.18599 -0.00344 0.22803 -0.21164 -0.06301 0.06398 0.15550 0.01852 -0.28304 -0.19659 0.10042 0.13143 -0.06062 -0.16463 -0.24384 -0.06800 -0.04473 -0.02230 0.17291 -0.03137 -0.02977 -0.06662 0.14443 -0.05933 0.04673 -0.05971 0.11030 -0.25927 0.08746 -0.04884 -0.13442 0.00074 0.00939 -0.12366 0.12532 0.05272 -0.16046 0.10446 -0.05891 -0.30678
0.17382 -0.20186 -0.18501 -0.21924 0.07188 -0.18525 0.16810 -0.23298 0.06395 0.23912 -0.07666 0.24067 -0.01052 -0.21365 -0.27832 -0.24788 -0.05605 0.03046 -0.09362 0.00165 -0.42233 0.30088 -0.23458 0.19219 -0.16876 0.01892 -0.17494 -0.20359 -0.10767 -0.28331 0.02488 -0.21606 -0.18732 0.26783 -0.10923 0.03193 -0.21848 -0.19409 -0.03336 0.04879
-0.10294 -0.00400 0.01133 0.06249 0.19082 0.03336 -0.17325 0.10944 -0.02263 0.06554 -0.18323 0.13720 -0.01938 -0.15484 -0.07954 0.04213 0.09596 -0.02122 0.16588 0.14555 0.03075 0.11841 -0.15741 -0.04747 -0.02921 -0.07705 0.12489 -0.03364 0.11294 -0.30532 -0.10559 0.02938 0.09860 -0.14725 0.00217 -0.09148 0.04347 0.04645 -0.04615 -0.01394
-0.13000 -0.00296 0.12201 0.02549 -0.08935 0.06460 0.31192 0.10231 -0.11308 0.26326 0.20549 0.32593 0.19016 -0.00665 -0.15785 -0.25998 -0.36603 -0.03370 -0.00035 0.12863 -0.15244 0.03223 -0.11230 -0.04490 0.10685 -0.01372 0.00826 0.01354 0.17713 -0.15715 -0.02028 -0.17082 0.20709 0.05105 -0.11588 -0.00773 -0.17120 0.05309 -0.01143 -0.19685
-0.21650 -0.02828 -0.00878 0.02549 -0.01860 0.07758 0.20343 0.07823 -0.05519 -0.00842 0.17148 0.25888 0.10337 0.10364 -0.01239 0.25334 0.13313 0.04470 0.03571 -0.07900 -0.03365 -0.03355 0.14141 -0.09529 -0.09774 0.01076 -0.20195 0.07175 0.27705 -0.29681 0.22101 -0.12546 0.12085 -0.03752 0.01631 0.14935 0.00865 0.19639 0.03207 -0.18582
0.06835 -0.11577 0.36063 -0.17836 0.12133 0.20636 -0.13788 0.16270 0.17680 -0.12551 -0.08076 0.26547 0.05846 -0.05494 -0.13806 -0.03230 -0.24077 -0.15789 -0.06757 0.13759 -0.30378 0.11283 0.11048 0.17400 -0.23570 0.16092 0.13357 -0.19330 -0.08346 -0.19982 -0.18888 -0.21836 0.23353 0.19661 -0.18296 -0.01362 -0.30954 -0.07341 -0.22654 -0.25894
0.08982 -0.00532 0.25136 0.02890 0.24155 0.07580 0.07297 0.02009 0.10366 0.11587 -0.03984 0.08893 -0.09145 -0.06449 -0.13583 -0.21310 -0.14112 0.15759 0.12416 -0.02152 -0.13572 -0.01566 0.13165 -0.09311 -0.09914 -0.07668 -0.07195 0.09327 0.08722 -0.12674 0.01697 0.02386 -0.00740 0.01826 -0.12046 0.04277 -0.10358 0.14538 -0.22919 -0.12753
0.05009 0.00747 0.02504 0.14907 0.14748 -0.02093 -0.08499 0.13661 0.15724 0.02805 -0.15686 -0.04851 0.11766 0.08637 0.02732 0.13364 -0.02543 -0.11414 0.17433 0.05279 -0.27861 0.07212 -0.15771 0.04337 0.10309 0.04225 -0.05693 0.17659 0.15697 -0.21054 -0.07562 0.12545 -0.13480 0.13737 -0.10957 0.20537 -0.14356 -0.02505 0.01699 0.01687
0.02082 -0.06926 0.22590 -0.09738 0.08466 -0.06997 0.15491 0.12412 0.07732 0.01827 0.22335 -0.01630 0.19223 -0.07535 -0.10959 -0.03744 -0.07954 -0.10173 0.03515 0.23155 -0.15931 0.09000 -0.06711 0.08282 -0.22215 0.24083 -0.07006 -0.16374 0.02491 -0.10658 -0.07570 -0.04506 0.16951 -0.10521 -0.09843 -0.16906 0.09613 0.14798 -0.00124 -0.09225
0.05714 0.01897 0.23310 0.00469 0.14148 0.08948 0.16059 0.08450 -0.09134 -0.10305 0.00744 0.22921 0.07464 -0.07607 -0.18978 0.10964 -0.28442 -0.01226 0.15742 0.04902 -0.23303 0.16237 0.09414 0.19975 -0.03871 -0.22087 0.13045 -0.03501 0.13349 -0.05089 0.23787 0.12817 0.03712 0.11231 -0.10180 -0.12755 0.14859 0.07330 -0.14391 -0.15480
-0.03502 0.13726 -0.17104 -0.10275 -0.36278 -0.03751 0.00509 -0.17380 -0.16536 -0.23775 0.03432 -0.13235 -0.11730 -0.24206 0.11772 -0.12674 0.20565 -0.13071 -0.04783 -0.01431 0.04666 0.00731 -0.20229 -0.04995 -0.05116 0.03178 -0.11520 0.06120 0.02600 0.18972 0.19524 -0.14665 -0.02846 -0.10809 0.04927 -0.00369 0.18788 -0.31662 0.13115 -0.11359
0.11500 0.10799 0.05773 -0.19145 -0.02536 -0.09204 0.13469 0.05233 0.22418 -0.25238 0.26564 0.11342 -0.33256 -0.14869 -0.02927 0.17651 -0.11984 -0.18868 0.23622 -0.09549 -0.10760 -0.35076 0.13204 0.09298 -0.09981 -0.12370 -0.15825 0.24418 -0.04908 -0.07248 0.19981 -0.29815 0.14841 -0.03678 0.08295 -0.14660 -0.02347 -0.39285 0.02126 -0.11368
0.06559 -0.07643 -0.06739 -0.00383 -0.10351 0.23143 -0.16162 -0.17874 0.20841 -0.24466 -0.05413 -0.00128 -0.10962 0.11997 -0.05757 -0.04731 0.24603 -0.01503 0.08512 -0.02372 0.15491 -0.16770 -0.01405 0.11725 0.15002 -0.06717 0.02668 0.01424 0.06591 0.05367 -0.12402 -0.20806 0.05471 -0.15673 0.13833 -0.18295 0.08933 0.00790 -0.00955 0.08077
-0.07447 0.00219 -0.10929 -0.09428 -0.28698 0.10710 0.04872 -0.02409 0.10048 -0.13708 -0.05974 0.11352 -0.32084 -0.15055 -0.02483 0.10853 0.09212 0.06462 0.11726 -0.11542 -0.07010 -0.12935 -0.15285 -0.05436 -0.00879 -0.13351 -0.00119 0.21988 -0.16026 -0.11481 0.12516 -0.13621 -0.02521 -0.05502 0.09328 0.17595 -0.09576 -0.34609 -0.06822 -0.03419
-0.18183 0.03917 -0.20616 0.19570 -0.23306 0.05990 0.10865 -0.07502 0.15798 0.15065 0.19291 -0.03985 0.09025 0.17364 -0.05972 -0.16833 0.01859 0.02989 -0.02557 0.09137 -0.01089 -0.02550 -0.16334 0.24279 0.13879 -0.04677 0.14843 0.00686 -0.11111 0.07698 0.02629 -0.26563 -0.03842 -0.18460 -0.11964 0.09360 0.13530 -0.04144 0.12107 0.14275
-0.21745 -0.04421 0.10568 -0.17970 -0.13627 0.12899 -0.10867 -0.06089 -0.09152 -0.07931 0.02832 -0.09337 -0.12699 -0.06373 -0.02906 0.06365 0.15122 -0.15475 0.03224 0.12210 0.11938 0.04775 -0.21374 -0.03831 0.08032 0.04321 0.13908 0.15316 0.02133 0.15546 0.21987 -0.00323 -0.04008 0.04330 -0.04542 0.03078 -0.03741 -0.32604 0.00070 -0.06404
-0.31204 0.04955 0.06339 -0.17202 -0.27084 0.02119 -0.07524 -0.11531 -0.09610 0.00235 0.05575 -0.13476 -0.11390 0.15438 0.16745 0.06197 -0.10777 -0.06310 -0.06310 0.22850 0.20158 -0.02531 -0.23284 0.03749 0.13501 -0.09214 0.06334 0.24349 0.09241 0.21088 -0.06704 -0.22115 -0.02956 -0.17267 -0.05184 -0.23847 0.27301 -0.31737 0.21964 0.13970
0.11773 0.05523 -0.14069 -0.12744 -0.19844 0.09261 -0.01112 -0.26584 -0.10996 0.02035 0.31673 -0.12933 0.00933 -0.28438 0.02913 0.01466 0.19890 0.13151 -0.12420 0.03719 -0.04403 -0.32382 -0.14718 -0.17979 -0.10544 0.12244 0.20215 0.02298 -0.10567 0.05429 0.01084 -0.15515 -0.20024 -0.06215 -0.01206 -0.07415 0.26100 -0.14016 -0.04722 -0.12147
0.03132 0.10798 -0.02133 0.11655 -0.32097 -0.03292 0.12159 -0.05011 -0.10406 -0.13246 0.02580 0.00484 -0.17345 0.04891 0.09099 0.12496 0.21959 0.18355 -0.15242 0.21441 0.20735 -0.26851 -0.22776 0.11281 0.05763 -0.23583 -0.00040 0.08560 -0.01516 0.11180 -0.05270 -0.26968 -0.05018 0.00456 0.10709 0.07635 0.04085 -0.06165 -0.22927 -0.16293
0.00058 0.01809 -0.04779 0.02895 -0.32780 0.17515 0.02533 -0.18483 0.02381 -0.08683 0.01137 0.12957 -0.00670 -0.09699 0.00893 0.01346 -0.02441 0.01221 -0.05966 0.09573 0.10087 -0.27344 0.06680 0.12995 0.02746 -0.08110 -0.02774 0.02196 -0.00126 0.06753 0.26026 -0.09372 -0.17013 -0.09938 0.10849 -0.04301 0.02425 -0.31942 0.06921 -0.08795
-0.06368 0.22218 0.01471 -0.06574 -0.17376 0.09872 0.10704 -0.13256 0.02066 -0.05269 0.04797 0.01353 0.04637 -0.09554 0.01389 0.03535 0.14495 -0.15165 0.00331 -0.09687 0.21145 -0.04555 -0.16484 0.01651 0.04633 0.07995 -0.10593 -0.07804 0.07349 0.07902 0.09974 -0.06480 -0.18370 -0.08896 0.01317 -0.03194 0.02087 -0.13795 -0.05278 0.03098
0.16785 -0.05245 0.35562 -0.19752 -0.10273 0.13697 0.07189 0.12830 0.12754 0.05863 -0.21730 0.24273 -0.06215 -0.28785 -0.11070 0.17907 -0.17134 -0.13773 0.17766 0.24829 -0.10284 -0.08696 -0.21517 0.00585 -0.08361 -0.13597 0.13738 -0.00840 0.17637 -0.08247 0.16173 0.05860 -0.02065 0.06419 -0.15060 0.11705 0.12675 0.18752 -0.11937 0.10984
0.11927 -0.16319 0.08417 0.12057 -0.25696 -0.10713 0.11170 -0.13112 0.21405 0.04564 -0.02477 -0.02057 0.16057 -0.12717 0.17543 -0.03804 0.09081 -0.12107 0.07507 -0.00899 0.01413 -0.08701 -0.15421 0.15108 -0.12532 0.11540 0.09956 0.20058 -0.22408 0.13510 0.27195 -0.29968 -0.15384 -0.12384 -0.02283 -0.03521 -0.02743 -0.18888 0.14014 0.21342
0.16096 -0.00555 0.14790 -0.03101 -0.23767 0.15555 -0.02258 -0.11716 -0.17670 0.25476 0.13613 -0.32192 -0.04670 0.07012 -0.07611 0.13249 0.03622 0.42708 0.17697 0.06500 -0.14320 -0.05367 -0.20661 -0.00634 0.33491 0.22618 0.18683 0.03008 0.16890 -0.13007 0.01418 -0.09010 -0.00236 0.12142 -0.03815 0.03046 0.16852 -0.20152 0.00610 0.22744
0.02255 -0.09251 0.08964 -0.09789 -0.01938 0.01501 0.01123 -0.06678 -0.11674 0.23392 -0.05407 -0.20859 0.04675 0.03963 -0.11664 0.09991 -0.01675 0.38874 0.16209 0.05529 -0.12560 -0.02474 -0.19624 -0.00635 0.23716 0.18051 0.12319 -0.03987 0.12705 -0.03971 -0.08247 -0.07456 -0.07391 0.04594 0.04477 -0.07380 0.08363 -0.06488 -0.03821 0.22751
-0.08342 -0.02198 0.12960 0.20420 -0.10015 -0.20815 0.20585 0.23011 -0.16142 -0.23083 0.16905 0.16808 -0.07921 0.17491 -0.14920 0.20890 0.19471 0.23017 0.18021 -0.06776 0.04639 -0.01345 -0.14950 -0.08357 0.27834 -0.20573 0.18233 0.31543 -0.11495 -0.05344 0.14350 -0.01523 -0.09726 -0.15532 0.18086 0.25465 0.03423 0.01673 0.17182 -0.04416
-0.14508 0.18580 -0.31802 -0.19539 -0.09053 -0.18316 -0.05118 -0.00523 0.09754 -0.20747 0.04723 -0.04926 -0.03595 -0.10478 -0.11080 -0.07392 -0.04889 0.20131 -0.05148 -0.07920 0.03575 -0.02411 -0.21106 -0.04298 0.03396 0.04735 0.14508 0.03952 -0.00865 0.18353 0.26695 -0.38561 0.03190 -0.02690 -0.30421 0.09458 0.09280 -0.12399 0.24995 0.16085
-0.11257 0.11568 0.15666 0.07766 -0.26479 -0.06709 0.07663 -0.20382 0.29433 0.09477 0.12804 -0.05553 -0.29799 0.08826 0.07269 -0.15034 0.16619 0.01956 0.02387 0.10537 0.18090 -0.16792 -0.06397 -0.01070 0.24666 -0.16110 0.25842 0.22811 -0.13372 -0.06298 0.16395 -0.35679 -0.04104 0.20376 0.03145 -0.10669 0.28808 -0.26989 -0.07443 0.10664
-0.13292 0.20485 -0.08443 -0.06794 -0.33611 -0.10828 0.01154 -0.20324 0.09576 -0.26530 -0.08971 0.17320 0.07287 0.09551 0.01547 -0.02192 0.12335 -0.06807 0.10404 0.22517 0.21423 -0.13949 -0.09770 -0.11819 -0.04101 0.04855 -0.02339 0.14888 -0.05886 -0.10628 0.15280 -0.18555 -0.16649 -0.30772 -0.20525 0.04254 0.02502 -0.11554 0.10539 -0.05470
-0.04771 0.03509 -0.07129 0.17639 -0.18274 0.09666 -0.06826 0.15673 0.14244 -0.29432 0.21466 0.01996 -0.19169 -0.17639 -0.07427 0.21180 -0.06733 0.07534 -0.01425 0.07803 0.01686 -0.26652 0.08610 -0.02668 0.00448 -0.22148 0.12573 0.33302 -0.13933 0.08153 -0.00539 -0.17469 0.08466 0.11063 0.18088 -0.17170 0.15143 -0.02934 0.23427 -0.11757
-0.04807 0.17433 -0.11174 0.14014 -0.27531 0.14293 -0.06840 -0.08487 0.15841 -0.20436 0.05919 -0.10552 -0.03569 -0.29893 0.16156 0.24422 0.15046 -0.06512 0.06932 0.09867 -0.06624 -0.09520 -0.18172 -0.09693 0.25600 -0.00409 -0.09859 0.06390 -0.08656 -0.04670 -0.09653 -0.34908 0.11575 -0.12968 -0.23084 0.05183 0.00732 0.06078 -0.10080 -0.03530
-0.21924 -0.03450 -0.34678 -0.18595 -0.37563 -0.08285 -0.23486 -0.06619 -0.20040 0.10095 -0.06788 0.07376 -0.04321 -0.26159 0.07630 0.12344 -0.07235 -0.10726 0.22740 -0.01602 0.33138 -0.16231 0.00131 0.12993 -0.01683 -0.14604 -0.04648 -0.00183 -0.16543 -0.06763 0.06999 -0.26024 -0.28348 -0.06242 -0.16663 -0.16660 0.20665 -0.03622 0.07527 -0.11498
-0.11299 -0.02184 -0.15811 -0.10371 -0.26669 -0.20350 0.05165 -0.17957 0.02284 -0.17262 -0.07085 -0.01072 -0.13242 -0.12481 -0.05998 0.09752 0.18026 -0.15400 0.32130 -0.22380 0.02878 -0.24479 0.06505 0.02092 0.00697 0.13691 0.16869 0.14166 -0.14561 -0.04765 -0.06148 -0.10227 -0.06065 -0.13436 0.29631 0.05503 -0.18324 -0.07091 0.04148 -0.22427
-0.19107 0.05253 0.02816 0.29778 0.06047 0.09024 -0.02842 -0.12038 0.23811 -0.21516 0.18693 -0.01844 0.17387 0.05522 -0.00181 -0.24763 -0.29985 -0.26132 0.34195 -0.09205 -0.37702 0.24951 0.26209 -0.25540 -0.27952 -0.15559 0.19142 0.09697 0.04391 -0.13598 -0.01153 -0.09189 -0.03111 -0.02025 0.18879 0.19282 0.00405 -0.11228 0.23166 -0.02433
-0.13025 -0.03726 -0.14059 0.11490 0.32648 -0.02686 0.05667 0.24834 -0.16886 0.07032 -0.04178 0.16806 -0.07385 0.15335 0.06955 -0.10907 -0.15719 0.24447 -0.12929 0.04936 0.04515 0.15939 -0.03631 -0.13754 -0.03678 -0.04038 -0.14363 0.22375 0.27849 -0.14890 0.10059 -0.34955 0.33625 0.21237 -0.01581 -0.14162 0.10098 -0.08499 -0.13436 -0.18463
-0.00781 0.04378 0.25221 -0.09471 0.14071 0.12721 -0.06292 -0.12890 -0.14306 0.06512 0.03233 0.00685 -0.16840 -0.33445 -0.13019 -0.04702 0.02370 -0.00203 0.04777 0.15880 -0.15465 0.27675 -0.08481 -0.09037 -0.10511 -0.14244 -0.06294 -0.05921 0.05399 0.12543 0.11359 -0.12396 -0.00066 -0.00517 0.17069 0.11374 -0.05368 0.12757 -0.24289 -0.15328
-0.19203 0.12421 0.14843 -0.02119 -0.13564 0.09950 0.12398 -0.18597 -0.11470 0.35644 0.12384 0.12197 -0.15319 -0.02757 -0.10804 -0.07803 -0.22025 -0.12289 -0.00430 0.26008 -0.18533 0.03520 0.01528 -0.23247 -0.23752 0.07750 0.09133 -0.20825 0.21136 -0.28988 0.17359 -0.07724 0.24650 -0.14943 0.11825 0.01777 -0.31516 -0.15238 -0.28492 -0.29517
0.21482 -0.24941 0.29869 0.00713 0.13465 0.13059 -0.07735 0.17707 -0.17650 -0.13718 -0.13708 -0.03317 -0.07036 -0.07522 -0.19162 0.09081 -0.17524 -0.20363 0.19388 -0.18717 0.11632 0.05190 0.13576 0.17807 0.05789 0.10366 0.12466 -0.02659 -0.04997 -0.10124 0.17046 0.12740 0.02387 -0.11360 0.02744 -0.05406 -0.23096 0.10082 0.19813 -0.27032
-0.20161 0.24131 0.29430 0.05362 0.34592 -0.16597 -0.11250 0.17184 -0.22753 0.20841 -0.09114 -0.17758 0.11301 0.22654 0.17684 -0.02113 -0.18583 0.02320 0.26340 -0.18542 -0.28655 0.17353 -0.16662 -0.02521 0.00780 -0.26956 0.02314 -0.08133 0.02866 -0.28699 0.05275 -0.34814 0.19037 -0.25633 0.03598 0.11142 -0.28960 0.26625 0.18619 -0.11861
-0.22066 0.10785 0.10772 -0.11117 0.23823 -0.08837 0.19493 0.01573 -0.03484 0.02151 -0.04710 0.09859 -0.00888 -0.10360 -0.22825 -0.07086 -0.13260 0.09986 0.13637 0.07906 -0.21232 0.10598 -0.12923 0.01790 0.09254 -0.12775 -0.07525 -0.14338 -0.06209 -0.14620 -0.11436 -0.08485 0.08389 0.14402 -0.05471 -0.03185 -0.07759 0.32060 -0.22100 -0.15016
-0.04834 0.06423 -0.07668 -0.07918 -0.16039 -0.00750 0.08340 -0.13655 0.10034 -0.17920 0.10401 0.06862 -0.01522 -0.06355 0.18239 0.08520 0.13908 -0.01281 0.00510 0.07869 0.11986 -0.03172 -0.23279 -0.02626 0.06440 0.16748 -0.00143 0.03783 0.08229 0.11740 0.29706 -0.17072 -0.23339 0.02676 -0.05760 -0.04538 0.03923 -0.16922 0.02529 0.09218
0.22379 -0.39562 -0.12615 0.13384 -0.04564 -0.02480 0.23036 0.29850 0.12106 0.00669 -0.10131 -0.19804 0.25004 0.12148 -0.03514 0.00641 0.21617 0.01371 -0.20085 -0.17391 0.28930 0.23987 0.20799 0.24237 0.08409 0.17291 -0.17840 -0.27062 -0.21870 0.19278 0.08808 0.11918 -0.24188 0.13320 0.01869 0.07902 -0.25851 0.12539 0.28884 0.16235
-0.25559 -0.16608 0.14234 0.11696 -0.12694 -0.07365 -0.08513 -0.10741 0.27132 0.04360 0.11565 -0.14277 0.04703 0.27377 -0.21455 -0.37506 0.24266 0.01156 -0.07888 -0.03212 0.01339 0.13048 0.02119 0.16498 -0.20187 -0.20237 0.14278 -0.08022 0.05835 -0.12421 0.06326 0.00758 0.08969 -0.04059 -0.16296 -0.23659 0.03879 0.21706 -0.06116 0.12394
