-0.06992 -0.01985 0.20200 0.03529 -0.08012 -0.26334 0.29844 -0.12929 -0.05371 0.14700 0.10342 0.27923 -0.14137 -0.06149 -0.08443 -0.01997 0.00253 -0.07868 0.35659 0.20284 -0.10915 -0.00409 -0.08676 -0.26699 -0.02758 -0.13562 0.24391 0.04631 -0.00800 -0.12900 -0.06255 -0.04047 -0.11512 0.21763 0.12525 -0.03221 -0.42760 0.10671 -0.04262 0.09481
0.21115 -0.09409 -0.13398 -0.12687 0.09389 -0.05283 -0.17000 0.13397 0.23262 0.10092 0.18563 -0.07626 -0.17497 0.15730 0.05508 -0.16942 -0.03393 0.12912 -0.07835 -0.01261 -0.07091 0.14830 0.14754 0.07748 -0.14888 -0.06682 0.06211 0.23003 -0.04229 0.18403 0.21133 -0.06315 -0.02314 0.12517 -0.01893 0.05582 0.02756 -0.10086 -0.17928 -0.32293
0.11048 -0.17103 0.07611 0.35331 -0.28629 0.17519 -0.25734 -0.18066 0.15029 0.01237 -0.09365 -0.11077 -0.27026 -0.03795 0.08043 -0.04249 -0.07840 0.23755 -0.12687 0.00286 -0.14612 -0.09006 0.42589 0.12930 -0.24804 0.26183 0.04051 -0.29427 -0.28659 -0.10633 0.20852 0.21982 0.13289 -0.14812 0.23686 0.16118 0.17590 0.40364 0.13305 -0.16027
-0.05621 -0.05310 0.17745 0.03593 -0.03161 -0.25969 0.12737 -0.07917 -0.01666 0.10339 0.17902 0.25498 -0.14089 -0.02968 0.01293 -0.07829 0.07634 0.01304 0.29257 0.26237 -0.08611 -0.00362 -0.13643 -0.26114 -0.17337 -0.18123 0.16164 0.10129 0.07137 -0.15176 0.00446 0.01128 -0.15370 0.13032 0.07185 0.06136 -0.25315 0.10162 -0.05002 0.02412
-0.16608 -0.26302 0.09877 0.08007 -0.17520 0.08725 -0.12904 -0.00343 -0.03996 -0.00344 0.04486 -0.19721 -0.14413 0.23846 -0.26696 -0.08867 0.18667 -0.08409 -0.16391 0.17045 -0.04512 0.09316 0.07462 -0.28575 -0.09821 0.04234 0.07609 -0.21663 0.15317 0.02753 -0.25960 -0.26984 -0.11697 -0.16521 0.11365 -0.09801 -0.11095 -0.16503 -0.18103 0.00557
-0.15591 0.13885 0.17372 -0.06504 0.18078 -0.14545 0.10813 0.08137 -0.17512 -0.06864 -0.02232 0.14421 -0.24907 0.14027 -0.27450 0.00783 -0.13692 -0.09521 -0.11767 0.10097 0.16523 0.19495 0.02838 0.20942 0.02051 -0.20464 -0.03916 0.19121 -0.05111 0.18014 0.03912 0.24905 0.14840 -0.18273 -0.09000 -0.14704 -0.28902 0.13416 0.12757 -0.26361
-0.10150 -0.00406 -0.09420 0.11034 -0.25626 -0.03859 -0.14846 0.01118 -0.02890 -0.01107 0.15915 -0.19631 -0.20914 0.15839 -0.07878 -0.26719 0.11482 0.17158 -0.10268 -0.00860 0.04292 0.14935 0.05226 0.08962 -0.02655 -0.10699 -0.02008 0.14513 -0.02337 0.25652 -0.08092 -0.06748 0.00265 -0.16687 -0.04919 -0.09523 -0.04491 0.05128 -0.01501 -0.11723
-0.02215 -0.05554 0.13088 -0.10703 0.08711 -0.21397 -0.08686 0.10320 -0.01565 0.05300 0.00774 -0.16613 0.18928 -0.01498 -0.27908 -0.27244 -0.10825 -0.18248 0.09681 0.00945 0.04936 0.20839 -0.08269 0.14866 -0.08143 -0.12548 0.04498 0.19759 -0.09480 0.02383 -0.12529 0.17983 -0.03927 -0.09707 -0.10840 0.10894 -0.18300 -0.12956 -0.23308 -0.26511
-0.04091 0.14110 -0.03587 -0.05878 0.29164 -0.00512 -0.00601 0.08150 -0.01832 -0.03784 0.08484 -0.01429 0.21147 -0.14354 0.00201 -0.27366 0.11101 -0.13520 -0.25365 0.21814 0.06066 0.04166 -0.15236 0.28575 -0.08062 -0.36256 0.19889 0.28990 -0.13061 -0.13271 -0.08382 0.01659 -0.19100 0.21480 -0.26199 -0.11682 0.06885 -0.04340 -0.14732 -0.35402
-0.08852 -0.05334 0.17193 0.22466 0.18639 -0.12557 -0.22244 -0.09174 -0.06718 -0.03633 0.03006 -0.20861 -0.06140 0.19685 -0.11812 0.14416 -0.11196 0.14399 -0.04568 -0.08619 -0.01330 0.18735 -0.18702 -0.19524 0.01214 -0.23926 -0.15088 0.05427 0.14176 0.11474 0.14348 0.00079 0.01970 0.03596 -0.14834 -0.12185 -0.08061 0.06043 -0.32694 -0.12177
-0.13356 0.11818 -0.00067 -0.04139 0.26610 0.04952 -0.11075 0.04309 -0.00862 0.05122 0.10340 -0.04101 0.12448 -0.14882 0.02647 -0.20764 0.10795 -0.04885 -0.36612 0.24141 0.13006 0.02261 -0.25642 0.24235 -0.14334 -0.45680 0.18567 0.26333 -0.18408 -0.15294 -0.05955 0.05323 -0.08897 0.14545 -0.28697 -0.11582 0.10673 -0.11501 -0.15747 -0.35323
0.01014 0.11481 -0.03945 -0.10019 -0.11376 -0.01443 0.00925 -0.12772 -0.03431 0.30327 0.30150 -0.31246 -0.28585 0.08216 0.02917 -0.18512 0.19436 0.23039 0.10058 0.09021 -0.00837 0.09998 -0.07787 0.10052 -0.10772 -0.03678 -0.16606 0.10869 0.00372 0.10985 0.24696 -0.05948 0.01192 -0.17937 0.00410 0.17430 0.03728 -0.14224 0.00582 0.04674
-0.02360 0.11756 -0.03512 -0.13139 -0.23034 0.09612 0.05268 -0.12827 -0.08140 0.25545 0.25042 -0.29732 -0.22877 0.03685 0.05850 -0.13386 0.21919 0.24199 0.13927 0.12138 -0.02356 0.11789 -0.13218 0.14491 -0.14921 0.06842 -0.20488 0.04098 -0.02484 0.17314 0.16845 -0.09386 0.07096 -0.26953 0.01281 0.16339 -0.01907 -0.17014 -0.00058 0.04769
-0.04940 0.10144 -0.09255 -0.06999 0.30418 0.05478 -0.11936 0.10975 0.05346 0.01676 0.08156 -0.02383 0.16314 -0.16908 0.08131 -0.13787 0.12169 -0.05408 -0.21945 0.17406 -0.03449 -0.01296 -0.25114 0.18511 -0.12284 -0.30783 0.12773 0.27001 -0.15176 -0.14761 0.03406 -0.04236 -0.06070 0.21528 -0.24001 -0.08908 0.15847 -0.09578 -0.18606 -0.28359
-0.03803 0.00634 0.29943 0.06545 -0.03532 -0.24678 0.21066 -0.11255 -0.06534 0.12647 0.13775 0.16423 -0.23566 -0.04929 -0.06170 0.01029 0.11156 -0.04648 0.32807 0.24319 -0.13155 0.02389 -0.01652 -0.34225 -0.04838 -0.10137 0.07547 0.11319 0.08095 -0.06868 -0.16764 0.04091 -0.07837 0.25475 0.05497 -0.08590 -0.25833 0.14583 0.00030 0.04480
0.01860 -0.19151 -0.01822 0.26022 0.00543 0.09518 0.23478 0.08241 0.12067 -0.02089 0.14181 -0.29847 -0.17694 -0.15222 -0.27397 0.12710 0.02136 -0.15831 -0.15773 -0.15011 -0.08000 0.22111 0.15326 -0.09415 -0.17341 -0.11260 -0.08500 -0.19371 0.00807 -0.27721 0.10503 0.10172 -0.24207 -0.07218 -0.01693 -0.03113 -0.01007 -0.05516 0.06641 0.20941
-0.09932 0.03007 0.20460 0.28718 0.13098 -0.11479 -0.28296 -0.16188 -0.11571 -0.08614 0.04062 -0.22966 -0.10498 0.12567 -0.21580 0.07319 -0.20114 0.10367 0.03193 -0.10545 0.03537 0.15721 -0.15656 -0.16852 0.06513 -0.27052 -0.22581 -0.05180 0.20477 0.22636 0.07354 -0.00507 0.07921 -0.02633 -0.15404 -0.16149 -0.19564 0.16969 -0.34214 -0.12268
-0.06475 0.12329 -0.01816 -0.08339 0.26837 0.04933 -0.08762 0.09742 0.05248 0.03488 0.11928 -0.02030 0.16013 -0.12827 -0.03826 -0.14749 0.07990 -0.01381 -0.20198 0.20545 0.02790 -0.00810 -0.18209 0.18857 -0.09855 -0.38239 0.18474 0.20132 -0.15528 -0.11108 -0.00646 -0.03528 -0.13900 0.14849 -0.28512 -0.10859 0.03443 -0.11913 -0.25610 -0.39550
0.08516 -0.07933 0.16182 -0.10947 0.11597 -0.18365 -0.01241 0.13821 -0.01666 0.03683 -0.12721 -0.11763 0.19439 -0.00097 -0.28171 -0.27545 -0.16872 -0.20863 0.05875 0.02686 0.04789 0.29110 -0.10423 0.09618 -0.13842 -0.12487 0.02200 0.09457 -0.07828 -0.05599 -0.18827 0.26607 -0.09953 0.01487 -0.12250 0.15267 -0.26232 -0.02194 -0.29780 -0.30472
-0.24953 0.08097 -0.25804 0.01787 -0.14826 -0.11314 -0.26386 0.14823 -0.14110 -0.16361 -0.22141 0.10826 0.10639 0.03190 -0.02436 -0.07463 -0.01481 0.15295 0.35169 -0.15976 -0.01906 -0.14750 0.10569 0.20725 -0.03216 0.05666 0.16536 0.01807 0.19074 0.12565 0.28721 -0.37167 0.11290 -0.04752 0.26148 -0.09013 0.04002 0.04554 0.13504 0.16671
-0.14105 0.06382 -0.01371 -0.02424 0.21924 0.04458 -0.10769 0.04710 0.00995 -0.03793 0.02806 -0.04589 0.14332 -0.12835 -0.06727 -0.16966 0.08580 -0.01876 -0.28626 0.17653 0.10324 0.02805 -0.24452 0.17981 -0.10519 -0.46170 0.17218 0.26039 -0.24620 -0.09733 -0.03060 0.04323 -0.10196 0.17836 -0.23707 -0.13184 0.06582 -0.12527 -0.16933 -0.38918
-0.15530 -0.13132 -0.16730 0.05157 -0.16903 0.27213 0.32991 -0.08476 -0.09227 -0.24962 0.16353 -0.10684 0.16382 -0.16179 -0.10978 0.30134 -0.24880 -0.17050 0.26817 0.00840 0.20608 -0.07173 -0.10974 0.13687 0.01871 0.10049 -0.03976 0.02367 0.00055 0.23763 -0.08288 -0.11848 0.05822 0.01748 0.06504 -0.12752 -0.20618 -0.09279 0.17210 -0.03508
-0.00810 -0.02903 -0.19278 -0.05919 -0.20833 -0.01487 -0.11157 -0.19423 0.08093 0.03344 -0.08202 -0.14030 0.29161 -0.09792 0.05484 -0.10644 -0.45859 -0.14770 -0.22333 -0.03546 0.03071 -0.09042 0.00880 0.11273 -0.18953 0.01168 -0.12581 -0.21339 0.18288 0.06530 -0.09091 -0.08619 -0.16159 -0.03720 0.11908 0.33987 0.03302 0.03335 0.07381 0.46779
-0.13281 0.25731 0.03823 0.09339 -0.16689 0.04211 -0.20677 -0.12782 0.15874 0.14225 0.15748 -0.10680 -0.03119 -0.10704 -0.23184 -0.12430 0.05077 0.11495 0.13637 -0.07924 0.17278 -0.10609 -0.02558 -0.08305 -0.30296 -0.41623 0.13649 0.32049 -0.14275 0.15374 -0.00127 0.17042 -0.22837 -0.20466 -0.25634 -0.07146 0.12811 -0.23652 0.08067 -0.19966
0.10043 -0.11652 -0.19483 0.07132 0.07834 0.24375 -0.21685 0.17825 -0.26726 -0.29312 0.23313 -0.19845 -0.26090 0.27700 -0.27823 0.33442 0.33769 0.14159 0.16662 -0.29003 0.30404 0.31621 0.34259 -0.30267 -0.28235 -0.08136 -0.14258 -0.13219 0.02240 -0.34193 -0.32284 -0.04376 -0.06715 -0.03667 0.31762 -0.30211 0.16316 0.06034 -0.03206 -0.16714
0.10064 -0.01783 -0.14226 -0.15193 -0.17950 -0.04576 -0.01712 -0.25066 0.21451 -0.12779 -0.22607 0.05759 0.21400 -0.04033 0.03895 0.01365 -0.37202 -0.04657 -0.20966 0.00601 -0.15644 -0.20575 0.06996 0.13843 0.04568 0.06582 0.00899 -0.24413 0.25550 -0.00402 -0.14770 -0.11810 -0.12681 -0.11770 0.21922 0.28656 0.12781 0.09456 0.18317 0.49205
-0.02317 0.00851 -0.14774 -0.06128 -0.19837 0.04552 -0.11020 -0.22656 0.08220 0.00370 -0.19686 -0.05341 0.19569 -0.08791 0.14399 0.02361 -0.35906 -0.16347 -0.31163 -0.06029 -0.04276 -0.08656 0.08749 0.08556 -0.05889 0.02043 -0.03951 -0.23889 0.23106 0.08933 -0.06299 -0.07341 -0.08090 -0.06529 0.17681 0.26743 0.03092 0.00275 0.20254 0.47666
-0.15472 -0.16783 -0.11418 0.05388 -0.17773 0.25628 0.38463 -0.09601 -0.12248 -0.24819 0.20022 -0.07200 0.11550 -0.20077 -0.13925 0.31290 -0.24098 -0.21007 0.33742 0.03101 0.22036 -0.06465 -0.14130 0.03500 -0.04489 0.07657 -0.03580 0.04140 -0.00574 0.19590 -0.11847 -0.13923 0.01740 0.08655 0.07089 -0.14574 -0.25933 -0.06825 0.18978 -0.00546
-0.06825 -0.28769 0.05013 0.23341 -0.31465 0.29408 0.08718 -0.13850 0.02553 0.07050 -0.03696 0.35539 -0.17628 -0.09057 0.29336 0.06036 0.12473 0.13249 -0.30328 -0.05153 0.30644 -0.14471 -0.23239 -0.15340 0.21926 -0.21242 0.25787 -0.16742 -0.29836 -0.05865 0.11675 -0.06712 -0.28995 -0.14409 0.19633 -0.24208 -0.05262 -0.10502 0.26522 0.20902
0.19735 -0.12114 -0.15763 -0.10188 0.13372 -0.04183 0.01806 -0.05401 0.19949 0.20089 -0.22660 0.05150 -0.04083 0.30496 -0.03866 -0.10020 0.14837 0.16881 -0.19181 -0.04779 0.09051 -0.25648 -0.18441 0.22617 0.28836 0.26022 0.06241 -0.01952 -0.13860 -0.09182 -0.19719 0.22958 0.30173 -0.23155 -0.05568 -0.31621 -0.04883 -0.13083 0.24665 -0.20909
0.02899 0.06164 -0.28928 0.36723 -0.31620 0.18174 0.26379 -0.18219 -0.00561 -0.10646 -0.06537 0.13273 -0.15338 -0.09191 0.40371 -0.31559 0.25262 0.21430 -0.00860 -0.28325 0.36020 -0.34113 0.03313 0.27201 -0.18277 -0.27205 0.17629 0.07890 0.21978 0.01438 -0.12878 -0.17186 0.33122 -0.33027 -0.34417 -0.14597 -0.06224 -0.13198 0.13670 -0.26504
