0.14280 0.18298 0.40761 -0.24598 0.28474 0.03917 0.06664 -0.20087 0.00967 -0.09866 0.07801 -0.12362 0.11658 0.10813 0.09463 0.27738 0.06135 -0.25491 -0.46294 -0.19288 0.25551 -0.05501 0.12436 -0.07708 -0.30624 0.13042 -0.00768 0.14768 -0.03764 -0.10972 -0.14975 0.15493 -0.00308 0.31968 -0.01122 -0.00382 -0.13222 -0.06870 0.02111 0.23957
0.17470 0.12264 0.32583 -0.23217 0.22964 0.03921 0.05998 -0.16454 0.00265 -0.07193 0.08086 -0.06441 0.07136 0.06070 0.09618 0.21739 0.04190 -0.21866 -0.44333 -0.17206 0.18805 -0.05537 0.10701 -0.09664 -0.27643 0.14037 -0.03178 0.12952 -0.12572 -0.11648 -0.09395 0.10759 -0.04587 0.26533 0.01473 0.02262 -0.09734 -0.07087 -0.05997 0.13806
0.17412 0.16745 0.31709 -0.19875 0.20059 0.04608 0.08224 -0.17138 0.06042 -0.09873 0.06998 -0.04553 0.08050 0.07894 0.16356 0.28225 0.05897 -0.24938 -0.45513 -0.18050 0.24380 -0.01581 0.07379 -0.06871 -0.30244 0.07282 -0.02489 0.13620 -0.09221 -0.10989 -0.07780 0.12063 0.03220 0.29344 -0.01076 -0.02725 -0.07858 -0.06409 0.03738 0.14258
-0.23711 0.02419 0.18035 0.10567 -0.10075 -0.17642 -0.10941 0.19075 0.09777 -0.16067 -0.07199 -0.06064 0.15010 0.10586 0.10832 -0.19798 -0.05389 -0.06894 0.31590 0.32215 0.05891 -0.08770 0.19483 -0.02693 -0.15562 -0.18955 0.20775 0.08930 -0.10165 0.04294 0.09166 0.05098 -0.01575 -0.06163 0.04690 0.14264 0.12245 -0.21038 0.01116 -0.12800
-0.02638 -0.27279 0.00510 0.22794 -0.25852 -0.02074 -0.15484 0.17229 -0.28755 -0.09129 0.12722 -0.15393 -0.13271 0.01890 -0.00418 -0.02941 0.07313 -0.03096 0.27306 -0.02576 -0.05179 0.20460 -0.08541 -0.01029 0.21473 -0.10919 -0.22310 -0.12256 -0.13313 -0.13642 -0.01982 0.15188 0.12103 -0.02330 -0.01775 0.09092 0.37799 -0.19811 0.11766 -0.18115
-0.03042 -0.13404 0.12771 0.39266 0.05411 -0.08373 0.24455 0.20274 0.07455 -0.09201 0.03205 -0.03497 0.02088 0.06421 0.07229 -0.11642 -0.02594 0.05341 0.03577 0.27435 0.23684 0.15841 -0.02027 0.08298 0.05341 0.27024 0.12402 0.07530 0.19640 0.29245 0.03707 0.04170 0.22484 -0.02628 0.00683 -0.00684 -0.03009 -0.09408 0.04509 0.21786
0.05855 0.09691 -0.25139 -0.11857 -0.13652 -0.03963 -0.24719 0.04905 -0.18602 0.06499 0.05264 -0.15561 -0.22655 0.19473 -0.16859 -0.14358 -0.11992 -0.31930 -0.06111 0.17699 0.15239 0.02769 0.01617 -0.22536 -0.14158 0.16987 0.00503 -0.28553 -0.13898 -0.36629 0.28563 0.18887 0.17271 -0.08304 -0.01270 0.27171 0.35093 0.31967 -0.03770 -0.09306
0.14849 -0.08341 -0.33740 0.22714 0.07359 -0.05841 -0.05929 0.07065 0.11800 -0.22634 0.08201 0.03510 -0.17188 0.07510 0.26623 0.17283 -0.20349 -0.10836 0.30007 0.25950 0.08381 -0.19328 -0.25707 0.00962 -0.19612 -0.18542 0.22033 0.07599 -0.05321 -0.17615 0.00767 -0.16290 -0.13754 -0.26424 0.31547 0.18157 -0.00982 0.19168 0.13295 -0.15980
0.08213 -0.11072 0.24422 -0.17787 0.07770 0.08253 -0.06668 0.10872 -0.09749 0.03805 0.24876 -0.24655 -0.17938 -0.05540 -0.07415 -0.16469 0.17187 -0.28933 -0.07083 0.12220 0.16479 -0.05782 -0.01174 -0.09758 -0.04640 0.24887 0.11599 0.15292 -0.00123 -0.07144 -0.07889 -0.04798 -0.04563 0.14624 0.07654 -0.00432 -0.04680 0.09438 -0.35609 0.14777
0.14925 -0.12848 0.01819 -0.30475 0.17132 -0.11352 -0.21884 -0.12093 -0.22542 -0.18890 -0.04357 0.08356 0.00856 0.11116 0.20158 -0.20614 0.22244 0.05432 0.38288 0.06178 -0.23497 0.06786 -0.02871 0.01124 0.13218 0.01988 0.19739 -0.05250 0.06071 0.07285 -0.12802 -0.16811 0.06152 0.08816 0.27332 0.18232 0.02393 -0.09819 0.01502 0.00240
-0.11990 -0.06683 0.01882 0.06612 0.17693 0.09735 0.16959 -0.08789 -0.03766 -0.07433 -0.02726 -0.14977 0.06472 -0.17202 -0.02496 -0.28232 0.00212 0.25933 0.17775 -0.03957 0.05008 -0.12337 -0.10169 0.10376 0.16671 0.02632 -0.12816 -0.06642 0.08789 0.29074 -0.09545 0.09003 0.12881 -0.13610 -0.14644 0.03833 -0.00038 0.12865 0.08706 0.13120
0.00318 -0.05199 -0.01878 0.18835 0.03189 0.13796 0.04265 -0.16818 -0.16009 -0.02712 -0.13841 -0.17365 -0.10833 0.07491 0.07679 -0.10834 0.05516 0.09204 0.24944 0.19319 0.14285 0.00098 0.08591 0.17928 0.30997 -0.02779 -0.09773 0.13479 -0.07430 0.06512 0.09004 0.07963 0.07578 0.04997 -0.12044 0.16586 -0.07988 0.11514 0.06691 0.25537
-0.22612 -0.05330 0.00037 0.26508 -0.01624 -0.04761 0.09587 -0.01388 -0.03727 0.10151 -0.09391 -0.20955 -0.06520 -0.35203 0.04955 0.03616 0.18615 0.09049 0.22120 0.22511 0.37087 0.38188 -0.09385 -0.03442 0.21507 -0.00835 0.12294 0.03431 0.19927 0.15768 -0.08179 0.00869 -0.12669 -0.06302 -0.09570 0.00830 0.04456 -0.07124 -0.02576 0.19395
0.03041 -0.14437 -0.07495 0.02101 0.12513 -0.33194 0.09586 0.06070 -0.15955 -0.13282 0.20047 0.07042 0.03980 0.05435 -0.09595 -0.07885 -0.16383 -0.03550 0.07654 0.17146 0.09722 0.01093 0.19773 0.06629 0.12095 0.03929 0.19399 -0.09295 -0.07103 -0.11622 -0.01007 0.34548 -0.22155 -0.33725 0.24434 0.29838 -0.26293 -0.19510 -0.23267 -0.07551
-0.03548 -0.07249 -0.11533 0.15386 0.21241 -0.17130 0.14225 -0.02713 -0.12648 0.10321 -0.11918 -0.01913 0.10594 0.03642 -0.06528 -0.26222 0.06223 -0.09769 -0.20591 0.35750 0.07860 0.05048 -0.08682 -0.01632 0.23254 0.29457 -0.01831 -0.17095 0.00735 0.27030 0.00357 -0.00618 0.14786 0.06769 0.13735 -0.15453 -0.11313 0.02803 -0.07823 0.35295
-0.00390 0.11092 0.05931 -0.10673 0.08393 0.20765 0.10156 -0.09070 -0.22044 0.10701 -0.24746 -0.08201 -0.13252 -0.00260 0.30968 -0.20279 0.10179 0.22500 0.09511 -0.07080 0.20277 -0.01112 -0.14625 0.21403 0.30132 -0.09348 -0.02172 0.24683 0.06456 -0.04746 0.12083 -0.09893 -0.07264 -0.20789 -0.23025 -0.10546 0.05405 0.06703 -0.00716 -0.12056
-0.20492 -0.22472 0.12239 0.05812 -0.10307 0.13823 -0.05560 -0.14206 -0.13577 0.07210 -0.27300 0.01291 0.05137 -0.21991 -0.05300 -0.13399 0.17160 -0.12457 0.08654 0.28852 0.23345 0.13906 -0.17043 0.27649 0.03647 -0.08884 -0.08348 -0.08738 0.09760 0.22363 0.03790 0.07850 0.05176 0.03562 -0.08297 0.03273 -0.12502 -0.18459 0.15912 0.27545
0.07171 -0.28392 0.10125 -0.04184 0.15772 -0.12272 0.17567 0.11411 0.17556 0.05511 -0.00220 -0.07608 -0.06024 -0.08115 0.14004 -0.07730 0.01082 -0.15216 0.22689 0.17397 0.35725 0.16299 0.03979 0.14447 0.25844 -0.22089 -0.09925 -0.04392 0.29512 0.08593 -0.03755 0.15848 0.11555 -0.12074 0.10397 -0.00594 0.13268 0.02160 0.03744 -0.03918
-0.16508 -0.12667 -0.09107 0.00893 0.10959 -0.04661 -0.06056 0.08410 0.01284 -0.00834 -0.03358 -0.11387 0.02025 -0.09270 0.22860 -0.29615 -0.08738 0.00674 0.05137 0.05285 0.24599 0.08727 0.03795 0.09411 0.20884 -0.15852 0.02915 -0.07643 0.05589 0.06197 0.09656 0.03912 0.05203 -0.22371 -0.13343 -0.06124 -0.07353 0.12638 0.11954 0.25311
0.17413 0.15920 0.36127 -0.23746 0.24653 0.02171 0.03951 -0.17051 0.00963 -0.09564 0.08671 -0.09975 0.12398 0.08451 0.11872 0.22885 0.04408 -0.26695 -0.44617 -0.19758 0.23027 -0.04569 0.11368 -0.02039 -0.32647 0.11845 -0.02222 0.13955 -0.08649 -0.10693 -0.10918 0.12290 0.01161 0.27628 0.03665 0.02199 -0.12890 -0.07482 0.02824 0.14901
0.22763 -0.13928 -0.36575 -0.06526 -0.14528 0.19898 -0.29491 0.14746 -0.05655 0.18372 -0.00535 0.05012 -0.11760 -0.17112 0.14736 0.13995 0.15042 0.28720 -0.10153 0.09733 -0.22107 -0.19186 0.12951 0.10681 0.16596 0.06690 -0.03422 -0.18942 -0.18577 -0.01424 0.28773 -0.23323 -0.22061 0.02793 0.18210 0.24315 -0.10950 -0.00011 0.22164 -0.24746
0.28471 0.03159 0.08390 0.03477 0.11275 -0.02612 -0.25660 -0.05095 0.14031 0.18483 -0.12544 -0.00823 -0.20763 -0.19550 0.09757 -0.42977 0.21471 0.07839 0.19598 -0.16655 -0.17595 0.10518 0.08425 0.27736 -0.14550 -0.06158 -0.10836 -0.03477 -0.22309 0.13463 -0.07050 0.02659 -0.11192 0.09781 0.39948 0.09508 0.28654 0.02585 0.10999 -0.22154
-0.22286 0.04488 -0.05052 -0.09062 0.10146 -0.15167 -0.10880 -0.12983 -0.11586 -0.10567 -0.01318 -0.08112 -0.03545 -0.13155 -0.08337 -0.14703 0.05022 0.06974 0.35813 0.10784 0.37432 0.11179 -0.00664 0.30858 0.25699 0.01598 -0.22707 0.00878 0.29727 -0.02422 0.07935 0.01944 -0.06218 -0.13315 -0.22394 0.07922 0.11020 -0.19505 0.16068 -0.01252
-0.17500 -0.17181 -0.07196 0.21156 0.06311 -0.17266 -0.04567 0.21246 0.07971 -0.02518 -0.10490 0.17131 0.01928 0.00814 -0.00009 -0.09332 -0.10973 0.00416 0.19580 -0.10040 0.17280 -0.19321 -0.05656 -0.00406 -0.00739 -0.17416 -0.26041 0.10777 -0.01195 0.11924 0.22604 0.11055 0.21441 -0.18288 -0.09707 -0.02100 0.20051 -0.08776 0.10347 -0.09533
-0.00946 -0.07075 0.06661 0.10886 0.11765 -0.08755 0.08711 -0.02424 0.11312 0.12567 0.10192 0.01521 -0.08781 0.22419 0.01244 0.08016 0.09461 -0.29260 -0.10184 0.20523 0.16056 0.18250 0.26704 -0.10583 0.15457 0.09584 0.05003 0.09054 0.06283 -0.08791 0.07200 0.02520 -0.06191 0.06059 0.16072 0.00763 -0.14293 -0.15684 -0.25639 0.08035
0.01827 0.07307 0.39726 -0.02661 0.13802 0.05221 -0.18483 0.07405 -0.13323 0.14447 -0.05331 -0.10866 0.09903 0.09640 -0.07236 -0.06414 -0.03202 -0.17366 -0.04049 0.12373 0.21624 0.10137 0.24263 0.15852 0.14087 0.08533 0.17737 0.03090 0.29922 0.11922 0.06332 -0.09448 0.00841 0.25959 0.07296 -0.01616 -0.14397 -0.20463 -0.16057 0.08785
0.24560 0.16348 0.16652 0.29896 -0.00867 -0.23449 -0.29920 -0.13531 -0.01585 0.00481 -0.18167 -0.17494 0.27323 0.09100 0.02910 -0.15315 0.24126 -0.15954 0.34651 -0.13732 0.05461 0.19177 -0.12959 0.14383 -0.02513 -0.41917 0.24857 -0.00150 0.28348 -0.23818 0.07034 0.30741 -0.00916 -0.06460 -0.08534 -0.18725 -0.11198 -0.23883 0.01366 0.28104
-0.04889 -0.29395 0.07548 0.11786 0.11567 0.14891 0.21353 0.11281 0.06498 0.08649 -0.01382 -0.01166 0.28804 -0.21243 0.10421 0.07511 0.00207 -0.10767 0.09202 -0.02199 0.42797 0.03903 -0.05670 0.05234 0.17734 -0.12534 0.05685 -0.17305 0.30181 0.09651 0.16468 0.02624 -0.14175 0.19111 0.15963 -0.07481 -0.11343 0.07045 0.13101 0.13163
-0.18226 0.25885 -0.15489 0.03907 -0.20686 0.00587 0.03540 0.15781 0.02650 -0.05348 0.07624 0.12411 -0.07847 -0.11033 -0.19705 0.29142 -0.11955 0.52400 0.06156 -0.09984 -0.35692 -0.06012 -0.09707 -0.16905 -0.05053 -0.02739 0.11469 -0.18359 0.02790 0.02763 -0.16944 -0.04465 -0.23483 -0.11731 -0.30118 -0.14256 0.04603 0.11196 -0.24053 -0.17399
-0.14789 0.23720 -0.19406 0.04665 -0.22185 0.02835 -0.00782 0.16590 0.02966 -0.06053 0.06041 0.16119 -0.07532 -0.11187 -0.18003 0.27308 -0.11498 0.51001 0.06395 -0.09575 -0.36415 -0.06351 -0.10528 -0.14912 -0.03652 -0.02055 0.10143 -0.14108 0.04659 0.04943 -0.14368 -0.06187 -0.21094 -0.12592 -0.28317 -0.13468 0.05712 0.13505 -0.19904 -0.16809
-0.19017 0.24459 -0.16725 0.04618 -0.18992 -0.01674 0.04625 0.17579 0.04254 -0.07443 0.07398 0.14116 -0.06585 -0.09001 -0.19494 0.29540 -0.11948 0.52087 0.04820 -0.09156 -0.34776 -0.09980 -0.08622 -0.16689 -0.07156 0.00713 0.12824 -0.18102 0.00059 0.02999 -0.14864 -0.05570 -0.24663 -0.13339 -0.28302 -0.10244 0.04022 0.11380 -0.25551 -0.18090
-0.25742 -0.03544 0.21345 0.00668 -0.13926 0.18375 0.16296 0.06858 0.04178 0.14326 -0.25117 -0.01662 0.10027 0.10568 0.24255 -0.25062 0.02081 -0.13837 0.10814 0.19769 0.20600 0.02065 0.04417 -0.02616 0.05239 0.21297 -0.07314 0.00531 0.24243 0.31314 0.04202 -0.20773 0.06655 0.13146 -0.09151 -0.29632 0.06088 -0.06758 -0.17910 0.12355
-0.12463 -0.36472 0.12250 0.11706 -0.15480 -0.04156 0.05397 -0.04537 0.07478 -0.21489 -0.02050 -0.21636 -0.20156 -0.32480 -0.02697 0.11173 0.13562 -0.16931 0.00024 0.10948 0.20009 0.17225 -0.09520 0.09496 -0.00512 -0.17952 -0.12848 -0.18931 0.07804 0.11815 0.06711 0.10182 -0.14818 -0.02672 0.04372 -0.05982 0.05189 -0.18109 -0.06837 0.00321
