0.01196 0.25542 0.23416 -0.27560 0.06322 -0.00692 -0.06176 0.01108 -0.10123 0.23609 -0.24634 0.08526 -0.25656 0.03296 -0.09981 -0.24649 0.17292 0.05002 -0.08579 0.09954 -0.07467 0.01879 0.30231 -0.02185 -0.09172 -0.02901 -0.05121 0.01494 0.29891 -0.08793 0.19852 0.07286 -0.28407 0.15797 -0.07391 0.00308 0.07738 -0.16412 -0.18108 -0.18736
0.10024 -0.21329 -0.18454 0.01580 0.15174 -0.15514 0.12234 0.12514 -0.00897 -0.08314 -0.12854 -0.20745 0.06214 0.08708 0.01899 0.10696 0.07536 -0.07517 -0.30601 -0.15533 -0.02594 -0.13713 -0.35621 0.00062 0.26125 0.27340 -0.12300 0.00473 0.15731 -0.16142 -0.27303 0.02209 0.01612 -0.14074 0.28083 -0.22272 0.04628 -0.14735 0.07457 0.18810
-0.18117 0.05177 -0.29423 -0.02983 0.03202 0.00082 -0.08002 0.19606 0.08948 0.21327 0.06822 0.03121 0.06615 0.17078 -0.07725 0.07949 0.10644 0.00732 -0.00272 0.01329 -0.04567 -0.18396 -0.19807 -0.16114 0.08502 0.33195 -0.06180 0.10098 -0.09282 -0.29903 -0.04556 0.05121 0.06574 0.09835 -0.15953 -0.10783 0.27325 -0.14497 0.02449 0.13812
0.03793 -0.07244 0.07136 0.08592 0.15375 0.15902 0.23009 0.15648 -0.16123 -0.02072 0.07324 0.03087 -0.00805 -0.00616 0.19302 0.15487 -0.03311 -0.28878 0.07873 -0.02029 -0.03426 -0.01039 -0.11998 0.00850 -0.03415 0.31102 -0.14345 -0.03837 0.00056 0.19359 -0.16159 -0.38241 0.08153 0.21595 0.19452 0.13560 -0.03360 0.24058 -0.17238 0.29129
0.11898 -0.12850 -0.05589 0.10531 0.11272 -0.04024 0.12772 -0.02597 -0.17029 0.16173 0.04121 -0.19296 -0.20661 -0.11158 -0.05675 -0.08220 -0.14182 -0.22431 0.11860 -0.05919 -0.10313 -0.14838 -0.06031 0.09445 0.00900 -0.07391 -0.01327 0.13097 -0.02943 -0.22108 -0.19014 -0.26085 -0.02010 0.05426 -0.11291 -0.25693 -0.14327 -0.08043 0.17345 0.23762
-0.16394 -0.14197 0.26849 0.30402 0.10398 0.22510 -0.00143 0.27137 -0.04707 0.03766 0.11556 -0.33652 -0.27999 -0.26805 0.21249 -0.00885 0.11151 -0.08774 -0.05029 -0.12595 0.28649 0.07232 0.14204 0.19619 -0.42572 0.24964 0.13383 -0.17845 -0.11711 0.07458 0.17001 -0.32443 0.05456 0.20206 0.26114 -0.04597 -0.21257 0.00420 0.12665 0.44205
0.08139 0.17388 -0.13601 0.19013 0.31785 0.09085 -0.05593 -0.04674 0.19940 0.11302 -0.10699 -0.04793 0.04213 0.19231 -0.03124 -0.11069 0.14814 -0.12668 0.00736 -0.14799 0.14901 -0.03076 -0.05670 -0.01650 -0.28710 0.03457 -0.05359 -0.16882 0.06493 -0.09414 -0.25320 -0.04300 -0.05637 0.09866 0.11415 0.10617 -0.19644 0.00726 0.01833 -0.03824
0.05930 -0.29231 -0.24241 -0.30638 -0.28754 -0.30748 -0.09880 0.06931 0.09966 0.11625 0.11448 -0.07704 -0.11891 -0.29898 0.00891 0.08905 -0.03110 -0.10425 -0.12194 0.16555 0.15642 0.21466 0.13324 -0.04921 -0.04156 -0.28003 0.19187 0.19937 0.12349 0.15823 -0.17341 -0.08405 -0.14333 -0.11219 0.12406 0.01353 -0.24929 0.17363 -0.07915 -0.27095
-0.05808 0.12362 0.13035 -0.25620 -0.11763 -0.01367 0.09024 0.01736 -0.16309 0.09805 0.13288 0.08607 0.11907 -0.03614 0.01917 0.10806 -0.09600 0.23096 -0.04685 -0.01114 -0.17073 0.24945 0.04618 0.00305 0.05797 -0.04668 0.08616 -0.24244 0.03567 0.21655 0.12235 0.14078 -0.12538 -0.11496 0.20034 0.03174 -0.12047 0.21494 0.12664 -0.06581
-0.18874 -0.04693 -0.11928 0.24832 -0.12053 -0.04864 0.18715 0.22116 0.22673 0.14272 -0.19517 0.00137 -0.03932 0.12434 -0.10690 0.24787 -0.01958 0.09970 -0.19830 0.02110 0.10424 -0.08116 -0.18671 0.14976 0.02710 0.16672 0.03607 -0.03161 -0.16262 0.23534 0.00771 0.04968 -0.12203 0.14084 0.18564 -0.23724 -0.02672 -0.06021 -0.07256 0.13925
-0.24375 -0.15268 -0.05437 0.12182 0.24418 0.08333 -0.12117 0.22300 0.15251 -0.17180 -0.22620 -0.12083 -0.19637 -0.11377 0.04668 0.00991 0.01401 0.16943 0.07610 -0.22249 -0.16726 0.09910 -0.17485 -0.18667 0.12386 0.19897 -0.27867 -0.06413 0.08377 -0.14259 -0.16612 -0.06569 -0.11448 -0.18809 -0.11212 -0.08050 0.14720 -0.19142 -0.19751 0.32012
0.10670 0.08318 -0.07132 0.04176 0.03429 0.16942 -0.20942 0.07292 -0.04598 0.05730 0.06805 0.20737 0.31192 0.09778 -0.16165 -0.16236 -0.19469 0.03504 0.05171 -0.04558 -0.06859 -0.17226 -0.27306 -0.15434 0.27676 -0.11122 -0.12881 -0.18206 0.06719 -0.16139 -0.12416 0.24780 0.07082 -0.29466 -0.12977 -0.10394 0.05198 0.01290 0.25483 -0.15211
-0.08492 -0.01713 -0.03723 -0.10294 0.13210 -0.00075 0.05217 0.06749 -0.03902 0.09783 -0.15369 0.03735 0.03527 0.21888 -0.11791 0.00056 -0.01958 0.16959 -0.23045 -0.08258 -0.08360 0.09951 0.00345 -0.09348 0.33008 -0.04300 -0.14753 0.00678 -0.03767 0.02906 -0.00732 0.11029 0.06056 -0.05185 0.05897 -0.06398 0.24544 -0.11035 0.03082 0.10736
0.05094 -0.20925 -0.09565 0.23720 0.20480 -0.21091 -0.06150 0.27118 -0.13324 0.07190 0.20333 -0.17855 0.10377 -0.21131 0.25153 0.00430 -0.15874 -0.25620 0.22738 -0.19452 -0.05629 -0.09545 0.07068 0.16349 0.12980 0.29538 0.00155 -0.02999 0.08818 0.11050 -0.19370 0.10466 0.31342 0.02608 -0.01025 -0.11055 0.09588 -0.04881 -0.03035 0.22583
-0.14928 0.00936 -0.22618 -0.20428 0.02591 -0.01343 0.02112 0.27695 0.00448 0.13701 -0.18972 -0.01708 0.20112 -0.04470 0.09843 -0.01429 -0.17715 0.00886 0.11526 -0.04249 0.08083 -0.06399 -0.03070 0.23182 -0.06756 0.09898 0.25391 -0.33612 0.05217 0.28450 -0.12128 -0.03527 -0.17028 -0.05706 0.06750 0.20025 0.07866 0.09676 -0.22807 0.00233
-0.02220 -0.16572 -0.32281 -0.06748 0.06603 -0.09579 0.13805 0.00900 0.11973 0.16721 0.02620 0.01683 -0.01696 0.20073 0.03464 0.10265 -0.32890 0.01063 -0.00996 0.02117 0.08386 -0.05710 0.04896 -0.17813 0.28902 -0.05502 -0.19001 -0.29674 0.08041 0.20044 -0.03255 0.13755 0.13506 0.08899 -0.02046 -0.02020 0.23148 0.09820 0.14322 0.18001
-0.11632 0.25103 -0.32874 0.10844 -0.11122 0.13487 0.11786 0.12239 -0.13708 0.17342 -0.14913 0.21625 0.14891 0.14685 -0.03123 -0.01182 -0.12378 0.14493 -0.03417 -0.04384 -0.14627 0.17397 0.01245 0.04970 0.39765 -0.01589 -0.14100 -0.22989 -0.16980 0.03653 -0.12849 -0.01592 0.10355 -0.19926 0.18437 0.14984 0.29845 -0.10518 0.01888 -0.08163
-0.21783 -0.11782 -0.18580 -0.02867 0.24617 0.19812 0.08369 0.30436 0.19742 -0.29584 0.12802 -0.16954 -0.20375 -0.20350 0.26831 0.03639 0.15532 0.26570 0.06747 0.06891 -0.26789 -0.31163 -0.09820 -0.03594 -0.13244 -0.06389 0.17294 0.19457 -0.15359 -0.03014 0.00998 -0.18088 -0.06079 -0.32170 0.17911 -0.25328 -0.11385 -0.10855 0.17868 0.29498
-0.11638 0.00370 -0.14443 0.05617 0.00872 -0.09919 -0.09402 0.22763 0.14723 -0.00574 -0.09705 -0.08641 -0.02198 0.27595 -0.08552 0.10394 0.04949 0.00300 -0.09578 0.06974 -0.22628 -0.19301 -0.04600 -0.02951 0.25493 0.05889 0.21054 -0.00501 -0.10845 0.12862 -0.06618 -0.04360 -0.05029 0.11290 -0.07842 -0.11651 0.08018 -0.15111 -0.01654 -0.09093
-0.07531 0.20645 0.11959 0.24182 0.13281 0.05480 0.23055 0.02706 0.21655 0.25047 0.02561 -0.29965 0.11995 0.10635 0.03939 -0.25761 -0.16346 -0.07125 0.05043 0.08202 0.27542 -0.28158 0.12297 -0.24150 -0.21441 0.31633 0.12454 -0.17003 0.21182 -0.31346 -0.10112 0.16153 -0.27455 0.05244 0.26717 -0.17383 -0.27943 -0.01529 0.16517 0.22314
0.03081 -0.11124 -0.30198 0.28328 0.18657 -0.18273 -0.02154 -0.14728 -0.07377 0.03990 -0.11407 0.05051 -0.03345 0.14504 0.13204 -0.04246 -0.16845 0.20269 0.00246 0.05769 0.17152 -0.23354 -0.02487 0.12422 -0.03100 0.33295 0.02261 -0.27263 -0.02203 -0.11216 0.14194 -0.06590 0.24561 0.06264 -0.05072 -0.03052 0.01539 0.09085 0.28701 0.01295
-0.02720 0.08263 0.05150 -0.27108 0.16952 -0.00012 0.08855 0.05815 -0.02902 0.06399 -0.15041 0.05470 -0.00074 0.23592 -0.15170 0.00305 -0.14820 0.01279 -0.08688 0.10901 -0.25128 -0.01810 -0.13612 -0.19162 0.18435 0.06647 -0.16646 -0.05143 0.24252 0.18041 0.11443 0.05144 -0.05331 0.02011 -0.01513 0.02695 0.15627 0.02575 0.09378 0.25681
0.29176 -0.19056 0.09364 0.09429 -0.34482 -0.15464 0.19846 0.02282 -0.13614 -0.29644 0.26865 0.18694 -0.15544 -0.19386 0.14109 0.03103 0.22259 -0.14169 0.07344 -0.15711 0.12747 0.17849 0.17736 -0.16636 0.06525 -0.00229 0.16019 0.00692 0.21055 -0.17586 0.32547 -0.25421 -0.15207 0.18134 0.27036 0.17729 -0.10836 -0.11309 0.17246 -0.14694
-0.14468 -0.10431 -0.14673 0.19228 0.22964 -0.17064 0.19898 0.15430 0.14856 -0.01163 -0.17645 -0.23862 0.15165 0.10997 -0.07030 0.09868 0.07380 0.15227 -0.04322 -0.13162 0.00684 -0.09312 -0.15131 -0.22368 0.15310 0.19377 0.08788 0.01108 0.08294 -0.00312 0.09396 -0.23361 -0.08502 -0.04914 0.07688 -0.11941 -0.01972 -0.02845 0.04399 0.17988
-0.23890 0.06393 -0.03010 0.13506 0.27306 -0.07229 0.17134 -0.04735 0.05071 0.14705 -0.05978 -0.25201 0.02804 -0.09019 0.15133 -0.11656 0.12610 -0.11488 -0.13561 0.11607 0.22851 0.12686 -0.06083 0.16952 -0.22235 -0.01790 -0.20576 0.01431 0.01402 -0.22396 -0.12932 -0.27423 0.12460 0.17354 0.18605 -0.17039 -0.24755 -0.10986 -0.07537 0.20798
0.00499 -0.00629 -0.02362 0.25706 0.12844 -0.16509 -0.09957 -0.11867 0.24876 -0.12848 0.14567 -0.05312 -0.09818 -0.22195 0.09905 -0.05479 0.09800 0.05698 0.16852 0.04651 0.00974 0.08220 -0.18821 0.16846 0.10946 0.39294 -0.11687 -0.08343 -0.09500 -0.09805 -0.10221 -0.32794 0.29142 0.09035 0.18823 -0.25317 -0.09326 -0.06811 0.16507 0.17059
0.06764 0.13051 -0.10950 0.06899 0.19685 -0.19664 0.07029 0.25633 -0.03518 0.27751 -0.01334 0.03280 0.07408 0.05665 0.15242 0.00898 -0.22299 0.16813 0.04653 0.09537 0.05971 -0.17750 -0.23911 -0.05637 -0.03412 0.18388 -0.07905 -0.35732 0.15286 0.14952 -0.07204 -0.10259 0.10722 -0.18458 0.20312 0.15874 0.01272 0.14852 0.14660 -0.03060
-0.06762 -0.19118 0.08993 0.13567 0.04583 0.35386 -0.03502 -0.11911 0.03212 -0.02181 0.01690 0.12913 0.01545 0.13626 0.10592 -0.07259 0.07007 -0.05839 0.08726 0.10318 0.23346 0.08858 0.08827 0.07500 -0.11932 -0.14196 -0.16967 0.05619 -0.02142 -0.18094 -0.11096 -0.19408 0.13701 0.10199 0.07878 -0.05303 0.01336 0.11838 0.06814 0.17174
-0.22364 -0.16605 -0.25661 0.13707 0.12720 -0.11158 -0.12226 0.25686 -0.04219 0.29236 0.15374 0.20402 0.04212 -0.04888 -0.04203 0.09141 -0.00040 -0.21306 0.13379 -0.20466 0.05064 -0.16268 0.14002 0.04638 0.00321 0.31811 0.18852 -0.21225 0.06602 -0.01877 -0.07969 -0.12826 0.26748 -0.28032 -0.03003 0.06768 -0.18429 -0.01275 0.40029 0.01744
0.10227 -0.07065 -0.17343 0.21419 0.09946 0.09271 0.09172 -0.09684 0.10748 0.14346 -0.06910 -0.13847 0.12095 -0.12674 0.15770 -0.21657 -0.06993 -0.16747 -0.10137 0.15020 0.12573 -0.19787 -0.09391 0.18349 -0.07408 0.03633 -0.03153 0.18220 -0.07985 -0.06626 -0.04395 -0.37735 0.01504 0.16082 0.01486 0.07232 -0.05335 0.02069 0.05354 0.12140
-0.07099 -0.06290 -0.19644 0.18447 0.31759 0.02687 0.01607 0.19569 0.05755 0.01701 -0.08855 -0.05517 0.00264 0.13638 -0.16378 0.16893 -0.04661 0.09653 0.15401 -0.00003 0.19255 -0.11555 0.04184 0.13302 0.27786 0.16907 -0.19239 0.11234 0.03659 -0.19360 -0.12999 0.01693 0.11271 0.08536 0.17524 -0.09571 -0.11569 -0.05883 0.08582 0.12244
-0.01445 -0.14738 0.06375 -0.21125 0.01025 -0.20231 -0.04855 0.07354 0.03350 -0.16693 0.16605 -0.02717 -0.07187 -0.17679 0.06789 0.17956 -0.06473 -0.14807 0.08846 0.05675 0.07102 0.16138 0.05853 -0.10143 -0.18819 -0.12956 0.20383 0.02885 0.05966 0.09335 0.02899 0.12637 -0.06595 0.18956 0.06530 0.17235 -0.14299 -0.03083 -0.25059 0.15142
0.00440 -0.02386 0.08831 0.32414 0.07236 -0.05063 0.17215 -0.00673 0.16783 -0.02882 0.12397 0.02948 0.07304 -0.02710 0.09553 -0.00260 0.17595 -0.20725 0.01696 -0.01137 -0.00905 -0.04725 -0.02398 0.17817 -0.21322 0.06402 -0.11846 0.05238 -0.02808 -0.24115 -0.04705 -0.26959 -0.03728 0.16518 0.02487 -0.03960 -0.14728 0.07100 0.13678 0.08276
0.01521 0.02566 -0.13032 0.10704 0.04632 0.04298 0.02182 0.01004 -0.01788 0.14272 0.00356 -0.11057 0.18104 -0.03256 -0.01443 -0.00578 0.05292 -0.21529 0.17046 0.07595 -0.11124 0.09827 -0.14581 0.07226 -0.18815 0.26286 -0.04504 -0.07910 -0.12622 -0.30060 -0.11913 0.01704 0.10892 0.10376 0.01141 0.00281 -0.02263 0.11619 -0.11550 0.31585
0.01836 0.00991 -0.24682 0.19713 0.22574 0.21755 0.15336 0.24753 0.06451 0.01304 -0.09307 -0.16276 -0.19707 -0.00570 0.03054 -0.15919 -0.00584 0.16657 -0.08113 -0.21900 -0.04005 -0.11173 -0.02841 -0.22376 0.29145 0.30390 -0.31174 0.06323 0.06865 0.17440 -0.20812 -0.07749 -0.08888 -0.02300 -0.02517 -0.00094 -0.16811 -0.13155 -0.27874 0.24358
-0.28361 -0.16320 0.12551 0.33612 0.33036 -0.05583 0.01309 -0.18182 0.31237 0.27240 -0.19141 0.24260 0.12133 0.23021 0.06442 -0.18749 -0.18375 0.25415 0.03271 -0.01755 0.22493 -0.24892 -0.20517 -0.14707 0.13090 0.15069 -0.13889 -0.25342 -0.32600 -0.05661 -0.04930 0.17620 0.24935 -0.06455 0.05966 0.06275 0.20834 -0.09689 0.01225 0.16946
-0.25572 -0.20198 -0.27529 0.24256 0.00619 -0.15458 0.05436 0.15931 0.27253 0.20518 -0.28459 0.16622 0.12364 0.17872 0.14611 -0.14117 -0.15096 0.04212 -0.10604 -0.05461 0.10161 -0.20402 0.14922 -0.08168 0.34178 0.10287 0.03202 0.04440 0.04986 0.11468 -0.07837 0.04054 -0.09087 -0.27972 0.15635 -0.05540 0.04609 -0.06091 -0.00257 0.23343
-0.03049 0.06264 -0.08056 -0.08868 0.00373 -0.08861 -0.06975 -0.30928 -0.05407 -0.18064 -0.22172 0.02783 0.01695 0.00087 0.01015 0.05032 0.01783 0.05807 -0.08331 -0.19669 -0.06983 -0.06302 0.10361 -0.00167 -0.21288 -0.20598 0.26623 0.17466 -0.05294 0.20487 0.17862 0.20684 0.05628 0.22623 0.04258 0.13869 0.12408 0.02676 0.10177 -0.20464
0.09504 0.05760 -0.06890 0.06332 -0.01113 0.01817 -0.02199 -0.16541 0.14855 0.01271 -0.14640 -0.16208 0.19454 -0.13256 -0.16700 -0.21098 0.01687 -0.18885 0.04502 0.13572 0.03827 -0.07490 -0.07391 0.15393 -0.12711 -0.21426 0.06495 0.20617 0.05942 -0.19609 -0.03855 -0.28075 -0.10053 0.13324 -0.15053 -0.08107 -0.08297 -0.11564 -0.05370 0.05278
0.07763 0.02315 -0.18188 0.05564 0.30570 0.10296 -0.07701 0.16007 0.03836 0.01350 -0.20112 0.00125 -0.13806 -0.02959 -0.08813 -0.05317 -0.17967 0.08532 0.01745 -0.20986 -0.06847 -0.23781 -0.25216 0.06042 0.01994 0.13146 -0.15921 0.13946 -0.06662 -0.00295 -0.20318 -0.02105 -0.01781 0.01664 0.13736 0.00286 -0.04101 0.16423 0.09110 0.14142
0.09729 -0.21006 0.00982 0.05068 0.14063 0.14427 0.13250 0.06294 0.04416 0.16261 -0.18840 0.23152 0.09280 0.16202 -0.20295 -0.15510 -0.10471 0.10172 0.23585 0.23419 0.02195 0.32173 -0.20749 -0.11604 0.10965 0.31309 -0.05998 0.18434 -0.00941 -0.12101 -0.21545 -0.13388 -0.14746 -0.02970 -0.03005 -0.16766 -0.04983 -0.03606 0.10185 0.28639
0.30435 -0.05423 -0.07760 0.10733 -0.02450 0.26487 0.24266 -0.01074 0.07513 0.15353 -0.25294 -0.06418 -0.24700 0.09156 -0.17253 0.01366 -0.06809 -0.19990 -0.29928 -0.26143 0.18560 -0.00542 0.26581 -0.32468 0.45879 0.39789 -0.10238 0.31450 -0.28252 -0.31934 -0.15047 -0.20911 0.14264 0.33230 -0.33378 0.22668 0.21525 0.16207 0.25155 0.19346
-0.15513 -0.10148 -0.17519 0.03884 -0.06333 0.20455 0.06711 0.23062 -0.01384 0.15202 0.03200 -0.01498 -0.03692 -0.03312 -0.06381 -0.00975 0.10520 0.17941 -0.14270 0.01399 0.06148 0.06254 -0.09523 -0.17672 0.08400 0.06219 0.05863 0.11079 0.12361 -0.16351 -0.12495 -0.20419 0.29590 0.05553 0.04227 0.01032 -0.05791 -0.10571 0.09300 0.18898
-0.12041 -0.20114 -0.04646 0.38632 0.22578 -0.13206 0.02802 0.08577 -0.05682 -0.17024 0.11664 -0.12855 -0.30116 0.11860 -0.09734 -0.20752 -0.13710 -0.19663 0.21760 0.09436 0.18430 -0.17055 0.27956 0.02468 -0.30321 -0.09739 -0.01955 -0.03034 -0.07307 0.05612 -0.06041 -0.30356 -0.01842 -0.19362 0.07183 -0.10512 -0.10195 -0.04196 0.16285 0.20835
0.11149 0.06765 0.25777 -0.07276 -0.02074 0.02465 0.01389 -0.02657 0.06383 0.07763 0.12101 0.03807 -0.08199 -0.10136 -0.11316 0.10650 0.01019 0.06321 -0.09741 0.06262 0.13086 0.07191 -0.03192 -0.19273 -0.11334 0.08184 0.17394 -0.02051 0.09052 0.10949 0.01780 0.14496 0.08190 0.14418 -0.21904 0.14346 -0.03347 0.21441 -0.18117 -0.06147
0.08001 -0.18747 -0.04587 0.14350 0.20714 -0.01987 -0.02776 0.08243 -0.00922 0.10648 0.03422 -0.03033 -0.04798 -0.10730 -0.00069 0.25633 -0.04225 -0.16681 0.07854 0.17223 0.14587 0.02368 -0.06911 -0.08818 0.12633 0.12335 -0.03438 -0.21690 0.09207 -0.18507 -0.08797 -0.02236 0.26927 -0.08336 0.13089 -0.07088 -0.00232 0.14771 0.17301 0.14178
0.08065 -0.09328 -0.00020 -0.00608 -0.03171 -0.08332 -0.01196 0.03655 0.31445 0.15903 -0.11335 0.06917 0.02372 0.19312 -0.13020 0.08804 0.00617 0.07660 -0.24619 -0.08000 0.04501 -0.21503 0.02388 0.06661 0.10102 0.05868 -0.17940 -0.05785 -0.06957 0.12775 0.07972 -0.09797 0.09643 -0.09196 0.12876 0.08577 0.11698 0.10036 0.08467 0.06175
-0.12158 -0.02489 0.32258 -0.00137 -0.37379 0.19615 -0.34011 0.08078 0.08365 -0.17343 -0.18667 0.07077 -0.13126 -0.22239 0.21624 -0.04781 -0.10999 0.02678 0.10276 -0.05743 -0.10264 0.15295 0.11125 0.12738 0.09741 -0.13758 0.05673 -0.17217 0.19357 -0.11740 -0.05222 -0.02993 0.17858 0.04998 -0.09395 -0.01140 0.03939 0.01352 0.06601 -0.21090
-0.08107 -0.04144 -0.08201 -0.15240 -0.19401 0.11281 -0.11191 -0.07208 -0.22783 -0.01832 -0.16823 0.17075 -0.00349 0.05519 -0.16821 -0.09805 0.14029 0.06610 0.03383 0.10759 0.12357 -0.09003 -0.05994 -0.09263 -0.18514 -0.02847 0.04593 0.02531 -0.10626 -0.02836 0.04293 0.20734 0.16743 -0.13968 0.05986 0.07264 0.15286 0.17997 0.08184 -0.19886
-0.19936 -0.12231 -0.13481 0.08876 0.15003 -0.15018 0.07606 0.28999 0.03360 -0.01833 0.01503 0.19452 -0.21431 -0.01376 -0.07604 0.01450 0.02607 0.16710 -0.08166 -0.18113 0.09705 -0.17615 -0.21940 -0.11000 0.20560 0.18783 -0.02343 0.03969 -0.19010 -0.02840 -0.19954 0.13870 -0.08473 0.03987 0.29178 -0.18783 -0.10656 0.06026 0.04578 0.02602
0.10329 0.04415 -0.34830 -0.00973 0.10902 0.13410 -0.04970 0.20454 0.12619 0.09869 -0.12150 0.01903 0.18179 0.20900 -0.12715 0.15095 0.00361 0.20372 -0.04277 0.16907 -0.22833 -0.16388 -0.25215 -0.15025 0.19846 -0.01941 0.10769 -0.28082 0.07585 -0.03425 -0.12233 -0.08581 -0.13371 -0.20478 0.07736 0.02414 0.19746 0.10034 0.10009 -0.20650
-0.24613 -0.02225 -0.20113 0.24143 -0.19103 0.26515 0.01799 0.40990 -0.15855 0.18025 -0.30275 0.00364 -0.03075 0.16647 -0.02966 -0.06698 -0.27110 0.19979 -0.24603 -0.01208 -0.20439 -0.10556 -0.22071 0.09295 0.13333 0.24359 -0.34660 0.17355 -0.29904 0.07442 -0.16202 0.27505 -0.03707 -0.30295 -0.14746 -0.19520 0.14290 -0.18978 0.25819 0.29730
0.05164 -0.09673 -0.20473 -0.01740 0.14002 0.06157 -0.07306 -0.00323 0.15040 -0.04299 -0.08794 -0.34352 0.09737 -0.08235 0.10536 0.09434 -0.04690 0.22325 0.01612 0.01400 0.16418 -0.18487 0.01469 0.02574 0.14473 -0.09991 0.02589 -0.28493 -0.09509 0.11882 -0.21563 0.11250 0.09745 0.05004 -0.00896 -0.17542 0.06909 0.20715 0.05216 -0.12584
-0.04580 -0.24409 -0.19597 0.07354 0.32290 -0.17421 0.00955 0.11004 0.26310 0.31988 0.15131 -0.07418 -0.04186 0.09585 0.11213 0.05791 -0.11656 0.23556 -0.04152 0.05689 0.10419 -0.22815 0.13346 -0.23236 0.25144 0.22242 -0.10389 0.15278 0.07019 -0.14671 -0.18394 -0.18906 0.03484 0.13246 0.26430 -0.32739 -0.20715 -0.16997 0.16013 0.04243
0.18621 -0.06771 -0.23191 0.13453 0.14803 -0.06068 0.19479 0.15959 0.07552 -0.02802 0.17160 -0.13522 0.23346 -0.02076 0.30348 0.16150 -0.00325 0.13264 0.24253 0.03873 -0.09228 -0.17297 -0.04800 -0.03002 -0.06221 -0.05804 -0.04707 -0.07020 -0.00933 -0.06626 -0.10324 -0.08513 -0.20026 -0.07425 -0.04940 -0.04870 0.09404 0.15846 0.32595 0.05085
-0.08167 -0.00414 0.01956 0.12993 0.07987 0.09512 0.04858 -0.08169 -0.05108 0.15102 0.01424 0.02290 0.05233 -0.18059 0.05962 -0.10891 -0.10758 -0.15167 -0.11970 0.15324 -0.15764 -0.08164 -0.22335 0.04792 0.18308 0.07629 -0.15455 0.02898 0.10529 -0.05032 -0.17202 -0.05060 0.06514 -0.07723 0.30675 -0.27696 -0.11225 0.09546 0.18767 0.21632
0.02425 0.11536 -0.27767 0.21540 0.16877 -0.01544 0.14801 0.23668 0.06197 0.18505 0.00691 0.07141 0.08475 0.17620 0.08501 0.05101 -0.12860 0.16282 -0.23608 -0.05759 -0.04052 -0.11816 -0.10510 -0.08675 0.01093 0.15604 -0.13862 -0.25299 -0.21667 -0.05148 0.00358 -0.05358 0.10738 0.06852 -0.05653 -0.09732 -0.07225 -0.01572 0.01153 0.18622
0.13088 -0.07627 -0.00861 0.23681 0.12174 -0.03755 0.00355 -0.15955 0.09380 0.08791 0.09284 -0.08170 0.10600 0.25890 0.10966 -0.12589 0.12965 -0.12592 0.01273 -0.13093 0.07160 -0.10281 0.05113 0.00359 -0.19458 0.29278 -0.10133 -0.01818 -0.20149 -0.28044 -0.18979 -0.06729 -0.03580 0.04300 -0.20027 -0.06852 -0.16681 -0.00482 -0.02042 0.10356
0.11911 0.26021 0.07182 -0.31520 0.02817 -0.15370 -0.16837 -0.14769 -0.30775 -0.16644 0.12919 0.19997 -0.17996 0.06938 -0.03716 0.09961 0.03287 -0.13848 -0.08725 -0.03538 -0.21152 0.22856 0.03644 0.13558 0.14482 0.21250 -0.03882 -0.09724 -0.16545 0.25923 0.31266 0.08616 0.18829 0.26795 -0.31799 0.24061 0.16167 -0.17275 -0.14080 -0.09403
-0.09474 0.09042 -0.19226 -0.02028 0.17640 0.11980 -0.05558 0.05472 0.19582 0.01690 -0.11665 0.14208 0.15134 0.14919 -0.18143 -0.17986 -0.06296 0.18398 -0.00558 0.01617 -0.12952 -0.02087 -0.29928 -0.09018 0.29340 0.10114 -0.10101 -0.24763 -0.07369 0.02964 0.00041 0.07903 -0.09785 -0.01465 0.05020 0.02766 0.18050 0.04739 0.01893 0.00728
0.08518 -0.12639 -0.01561 0.07710 -0.06960 -0.20346 -0.12725 -0.04079 0.18863 -0.05831 -0.13303 0.05261 -0.17173 -0.11390 -0.11924 0.01353 0.05186 -0.00779 0.02251 -0.02760 0.15780 -0.19257 0.00446 -0.09744 0.01147 0.22305 0.05080 -0.10991 -0.09113 0.10666 -0.13146 0.14134 0.00116 -0.24873 -0.11552 0.01231 0.04350 0.05371 0.09307 0.08143
-0.20826 0.00927 0.18129 -0.09537 -0.06215 -0.12907 -0.00380 -0.05330 -0.23488 -0.13812 0.28606 0.03911 -0.00796 0.12543 0.05028 0.17718 -0.05374 0.16676 -0.00968 0.04836 0.03914 0.07704 0.09342 0.03001 -0.18012 -0.13696 -0.09640 0.09225 0.15138 0.05207 -0.17538 -0.14722 0.17893 -0.12967 0.00358 0.14438 -0.28800 -0.05042 0.00654 0.17083
-0.00533 -0.10483 -0.09553 -0.13185 0.07224 -0.03820 0.05425 -0.14399 0.02609 0.16120 0.08976 0.06699 0.13750 0.21073 -0.18203 -0.05806 -0.16903 0.04901 0.07023 -0.02759 -0.07251 -0.01291 -0.24710 -0.27341 0.44201 -0.03911 0.02457 -0.15561 0.14431 0.03910 -0.06485 0.07421 -0.05205 -0.08126 0.26612 0.00046 0.17347 -0.18701 0.30681 -0.07441
-0.05383 -0.10184 -0.00550 0.09272 -0.04652 0.03777 -0.12476 0.12538 0.21099 -0.11462 0.07683 0.10397 0.27934 0.17843 0.02242 -0.07458 0.12157 -0.19188 -0.08147 0.03797 0.17946 0.03793 0.10615 -0.00306 0.32101 0.00817 -0.09781 -0.13899 -0.01830 -0.24298 -0.10539 -0.06589 -0.04965 -0.09833 0.03712 -0.06505 0.11882 -0.09259 0.13501 0.17252
0.11531 0.22416 -0.16721 -0.10915 0.02938 0.04539 0.06170 0.08708 0.12407 0.02231 -0.13277 -0.15451 0.31624 0.21296 -0.17866 -0.00917 -0.22225 0.29246 -0.28076 -0.06205 0.00281 -0.23503 -0.01417 -0.09457 0.24701 0.13899 0.02936 -0.32122 -0.05907 0.05155 0.04787 0.27630 0.05832 -0.07736 0.00004 0.07382 0.05106 0.12802 0.01577 -0.06921
-0.24275 -0.30111 0.23907 0.01737 -0.16858 -0.00922 0.04591 -0.17560 -0.18929 -0.03707 -0.05810 0.15779 -0.06123 0.04135 -0.11310 -0.16409 0.04299 0.12573 0.22629 -0.03713 -0.15454 0.34949 0.27875 -0.17979 0.09380 0.08852 0.10197 0.26967 0.06610 -0.07702 0.23422 0.18412 -0.08925 -0.05486 0.17858 0.05442 -0.01007 -0.15702 -0.09622 -0.31316
-0.09218 -0.15019 -0.24561 0.10009 -0.04684 -0.01989 -0.12895 0.13043 0.33734 0.25058 -0.01642 -0.26386 0.10316 0.00899 0.06989 -0.14796 -0.21280 -0.04619 -0.15420 -0.09122 0.00712 -0.01677 -0.27388 0.10657 0.17977 0.11752 -0.17371 -0.04438 -0.09753 0.14472 -0.01223 0.13707 0.00290 0.05151 0.03754 -0.06893 0.00062 -0.05825 0.04474 0.32435
