-0.16036 -0.00571 0.01022 -0.14025 -0.15972 0.02558 0.23941 -0.11107 -0.11083 -0.06387 -0.18273 -0.08983 0.20555 -0.12302 0.00629 -0.01745 0.12395 0.10323 -0.03545 0.18268 0.28191 -0.00945 -0.19973 0.12041 -0.19007 0.06219 -0.40122 0.06886 -0.14564 0.18439 -0.00117 -0.06040 0.15536 0.40624 0.04390 0.17403 0.04143 0.13712 -0.09493 0.28024
0.12105 -0.00011 -0.05591 0.14959 -0.00305 -0.20511 -0.00169 0.02093 -0.08536 -0.18928 -0.17871 0.21390 -0.13150 -0.11898 -0.16679 -0.22761 0.24401 0.04624 0.08827 -0.23837 -0.36834 -0.30078 0.11378 -0.08925 0.11149 -0.35807 0.00911 0.25104 0.03284 0.25818 0.09802 -0.16530 -0.39140 -0.16124 0.14019 0.13175 -0.09192 -0.11195 0.17212 -0.01405
0.02430 -0.10708 0.06708 -0.13864 -0.07861 0.08645 0.08051 0.14429 -0.16169 -0.16766 0.09753 -0.20557 0.13040 0.04310 0.08385 0.09852 -0.22039 -0.22781 -0.30087 -0.31525 -0.14915 -0.38991 0.23181 0.27183 -0.13243 0.01180 0.30076 -0.15674 -0.01289 0.06168 -0.19962 -0.25344 -0.24948 -0.00533 0.06606 -0.06283 0.06536 -0.06048 -0.01402 0.27733
-0.06172 -0.01504 0.14070 0.01523 -0.01255 0.39650 0.20536 -0.15565 -0.10853 -0.12978 0.02196 0.16990 -0.10514 0.19407 0.23635 -0.11247 -0.13189 -0.08577 -0.30314 0.40460 0.23252 -0.19356 0.15249 -0.08668 -0.02152 0.22819 -0.01343 -0.09149 -0.20984 0.05198 0.10223 0.16530 0.11812 -0.07582 0.03050 0.17197 -0.08658 0.15364 -0.02276 0.00926
-0.04268 -0.25947 0.01959 0.08940 0.07310 0.36620 0.20247 -0.16585 -0.14101 -0.16865 0.07458 0.04526 -0.17542 0.07500 0.09644 -0.13071 -0.30018 -0.05304 -0.29658 0.25683 0.21038 -0.12231 0.20738 -0.07936 -0.05242 0.15620 -0.12803 -0.08482 -0.18681 0.08697 0.12149 0.05010 0.05324 -0.20827 -0.08492 0.12064 -0.10441 0.21091 0.13822 0.17222
-0.04678 -0.05329 0.10649 0.10555 0.08515 0.24897 0.14289 0.01737 -0.04207 -0.13267 0.00099 0.16514 -0.23451 0.03653 0.18892 0.00251 -0.10915 -0.01392 -0.24721 0.34442 0.19277 -0.13160 0.12433 0.00363 -0.04786 0.17347 -0.08468 -0.22529 -0.15420 0.03290 0.01880 -0.00552 0.12825 -0.16314 -0.17763 0.17622 -0.10260 0.05113 -0.08797 0.19655
0.03655 -0.17210 0.05552 0.18512 0.08776 0.31910 0.05395 -0.09423 -0.06306 -0.18640 0.01760 -0.01516 -0.24513 0.20297 0.09792 -0.01618 -0.12824 -0.02970 -0.15934 0.38616 0.19730 -0.07100 0.13376 0.08833 0.01412 0.21512 -0.17562 -0.09065 -0.16965 -0.01969 0.07047 0.12657 0.10035 -0.16153 -0.04229 0.10400 -0.00808 0.10151 0.02815 0.18892
-0.03727 -0.00030 0.13610 -0.05505 0.08457 0.40718 0.01076 0.02331 0.08921 -0.23124 -0.06572 0.08218 -0.08483 0.08990 0.02248 -0.18277 -0.24079 -0.02259 -0.23700 0.22677 0.25837 -0.02748 0.02519 0.02679 -0.05569 0.28549 -0.06326 -0.14231 -0.11616 -0.09491 0.07480 0.10221 0.05821 -0.20238 -0.03038 0.05230 -0.07063 0.00677 0.02677 0.08358
0.07793 -0.20803 0.02425 -0.00119 0.14912 0.08881 -0.26203 0.29094 -0.15089 -0.09201 -0.16747 0.23156 -0.06196 -0.08031 0.30008 0.31475 -0.09918 0.23453 -0.26849 0.38202 0.06075 0.01868 0.04167 -0.02360 -0.07213 0.20418 0.05954 -0.02615 -0.13704 0.16875 -0.19093 -0.09774 0.18983 0.15659 -0.21448 0.04970 0.04471 -0.18207 -0.02301 -0.12035
0.07845 -0.27929 -0.03252 -0.02275 0.15278 0.05271 -0.27873 0.26816 -0.16484 -0.02224 -0.12401 0.20545 -0.00735 -0.09398 0.23888 0.34401 -0.07455 0.20157 -0.20277 0.23807 -0.00149 -0.01741 0.02314 -0.01630 -0.10174 0.18047 0.00581 -0.06302 -0.07271 0.20456 -0.22457 -0.13955 0.15343 0.12343 -0.20240 0.00820 0.04298 -0.21660 -0.01153 -0.09232
-0.27127 0.02623 0.13746 -0.29081 0.10805 0.18078 0.32027 0.05849 0.03314 -0.19478 -0.21264 -0.04279 0.09040 0.05384 0.11364 0.02538 -0.02367 0.23267 -0.03247 0.12330 0.30165 0.07456 -0.21492 0.06874 -0.02292 0.03570 -0.29994 -0.10208 -0.28507 0.11248 0.21033 -0.14439 0.28247 0.45998 -0.02330 0.13014 0.03826 0.05754 -0.11351 0.23116
0.24192 -0.26229 -0.30278 -0.22945 -0.27254 -0.23703 -0.10856 -0.01843 0.07623 0.16817 0.16328 0.06717 0.14763 -0.09928 -0.03682 -0.14811 0.02783 -0.26497 0.14885 -0.20299 -0.18556 0.14957 0.26397 -0.09949 -0.01613 -0.05887 -0.26345 0.21783 0.00421 0.09476 0.17882 0.11293 -0.17322 -0.05479 -0.07510 -0.16618 -0.11339 -0.04242 0.06997 -0.39576
0.16951 -0.17893 -0.32253 -0.17876 0.21260 -0.32827 -0.09429 -0.30291 -0.32931 0.16074 0.09775 0.00465 0.20484 -0.23743 0.01954 0.26116 0.15527 0.17792 -0.12428 -0.32952 0.02875 0.13215 0.24509 0.25633 0.17873 -0.09656 0.24312 0.34442 -0.11577 -0.16223 0.25170 0.09948 -0.26760 -0.32224 0.29850 0.12438 -0.29894 -0.08318 0.11304 0.26985
0.09643 -0.21336 -0.03610 0.03302 0.15457 0.07437 -0.26160 0.31090 -0.11207 -0.06332 -0.11733 0.22347 0.02347 -0.08544 0.21052 0.36618 -0.09239 0.16531 -0.26071 0.28957 0.00115 0.05606 0.00562 -0.01888 -0.08118 0.21187 0.00776 -0.04023 -0.09570 0.15669 -0.25397 -0.12621 0.19209 0.12974 -0.14634 0.02442 0.08801 -0.20516 0.00690 -0.06988
-0.02955 -0.16693 0.08512 0.14817 0.08506 0.28574 0.16758 -0.12310 -0.01276 -0.18297 -0.02187 0.11040 -0.23802 0.13318 0.07930 -0.06969 -0.18546 0.00592 -0.16523 0.29923 0.20149 -0.07196 0.09349 0.07025 -0.03329 0.23455 -0.16930 -0.02091 -0.21722 -0.04257 -0.04300 0.02658 0.09528 -0.12047 -0.06635 0.18713 -0.01777 0.15835 -0.01486 0.06850
-0.21145 0.00760 -0.03820 -0.12385 -0.08518 0.03831 0.25196 -0.09253 -0.13476 -0.06356 -0.17942 -0.15539 0.18614 -0.08028 0.12338 0.07221 0.08415 0.05257 -0.03453 0.22577 0.29189 -0.07298 -0.23681 0.17990 -0.08652 0.01002 -0.35791 -0.02218 -0.14583 0.10152 0.05683 -0.07178 0.20922 0.41992 -0.02205 0.20609 0.02936 0.16502 -0.11872 0.30363
0.00834 -0.26061 0.00565 0.15215 -0.13714 -0.10989 -0.05177 -0.25162 -0.21768 0.12963 -0.14570 0.15729 0.04627 0.08261 -0.25247 0.00678 -0.11999 0.31798 -0.12370 -0.13203 -0.15637 -0.02636 0.20481 0.20427 -0.16490 -0.12596 0.00437 -0.06891 -0.20645 -0.31081 -0.32600 -0.18428 0.34938 0.27004 0.02066 0.06660 0.12337 0.16006 0.13693 -0.01644
-0.19851 -0.28243 -0.01661 0.18412 -0.20042 -0.18761 -0.13885 -0.04385 -0.25177 -0.03604 -0.06789 0.20697 -0.22186 -0.26895 -0.01156 -0.27457 0.05713 -0.17656 0.04810 -0.03871 -0.02055 0.15646 0.20128 0.17106 0.08211 0.08329 0.08169 0.04968 -0.32063 -0.14554 0.09107 0.12755 0.13866 0.12832 0.02135 -0.19196 -0.06551 0.29506 0.13152 0.00948
0.07815 -0.01961 -0.14667 0.03217 -0.11017 0.20194 0.16954 -0.33310 -0.04383 0.17343 -0.28633 0.26269 0.18169 -0.16870 0.13205 -0.24681 -0.13751 0.22623 0.07556 0.08199 0.24019 0.18690 0.11336 0.12979 -0.10386 -0.02589 -0.19101 -0.15354 -0.09260 -0.01839 -0.06608 -0.11683 -0.02310 0.11667 -0.10219 0.03219 0.14789 -0.00221 0.21847 0.03909
0.17949 -0.11623 -0.26168 -0.10763 -0.16056 -0.20445 -0.17636 0.04922 0.04682 0.04406 0.21544 -0.04357 0.15976 0.01782 -0.06599 -0.11458 -0.08607 -0.15578 0.10495 -0.19269 -0.09605 0.13629 0.24151 -0.22198 0.03018 -0.08738 -0.02389 0.27777 0.16579 -0.10075 0.21968 0.18413 -0.20533 -0.02517 0.08115 -0.14838 0.00094 -0.14271 0.09388 -0.26676
0.27557 -0.23111 -0.25652 -0.07942 -0.29778 -0.28717 -0.21836 0.06594 0.09838 0.04772 0.31219 -0.11906 0.09673 -0.10771 0.04993 -0.21261 -0.06490 -0.16649 0.09430 -0.16701 -0.08505 0.17488 0.20518 -0.22661 0.06844 -0.07010 -0.04629 0.18423 0.12680 -0.08743 0.23642 0.24321 -0.16900 0.09833 0.16275 -0.12755 0.03425 -0.15532 0.02943 -0.35003
0.02777 0.17929 0.08367 -0.00806 -0.12576 0.08351 -0.19237 0.15839 0.11225 0.17239 0.02437 -0.36500 -0.13561 -0.02597 -0.34886 -0.11400 0.23015 -0.03840 0.12852 -0.21226 -0.02685 0.21912 -0.15362 -0.07294 0.04833 0.02829 0.11594 0.06934 0.13210 -0.42656 0.03658 0.22507 -0.16069 -0.15866 0.09536 -0.07222 -0.02499 0.20497 0.00501 -0.13780
0.20078 -0.24840 -0.29389 -0.15995 -0.06750 -0.21567 -0.26356 -0.10272 0.14660 0.07158 0.19134 -0.02409 0.11012 0.02984 -0.01857 -0.06459 -0.10467 -0.08513 0.12537 -0.11225 -0.19864 0.10072 0.13987 -0.18565 0.12532 -0.11292 -0.11281 0.20287 0.22982 0.00854 0.08846 0.15531 -0.24158 0.09973 0.06443 -0.24759 -0.00010 -0.20182 0.08462 -0.30863
0.25323 -0.17778 0.03930 0.05923 -0.23383 0.14683 0.03003 -0.11020 0.17511 -0.03341 0.25206 -0.10253 0.01453 -0.03527 -0.33320 0.07927 0.01707 0.14913 0.32137 -0.09474 -0.18681 -0.03565 -0.02453 0.03894 0.11255 0.02921 0.11784 -0.05170 0.04712 -0.27958 0.13252 -0.10364 -0.03118 -0.15712 0.17666 0.06804 0.17807 0.15303 -0.07768 0.00490
0.09181 0.11055 0.14681 -0.13859 0.00644 -0.13435 -0.10791 0.19859 -0.14443 0.00885 0.17880 0.04543 -0.07902 -0.10663 -0.14601 0.04707 0.18764 0.10099 0.15848 -0.05778 0.14895 0.16899 0.19701 0.00323 -0.13609 -0.13098 -0.03836 0.25118 -0.00171 -0.22318 0.17196 0.24596 -0.09301 0.18772 0.09570 -0.05737 0.21421 -0.06975 0.09539 0.15891
-0.01718 -0.03467 0.01918 0.04062 -0.13775 -0.04931 -0.03951 0.21454 0.05929 0.08450 0.24871 0.11002 0.10630 0.08858 -0.10998 -0.12953 0.01427 0.10395 0.21723 -0.22267 -0.27007 0.22218 0.05485 -0.10103 -0.02643 0.01784 0.05824 0.07973 0.01742 -0.11829 0.01793 -0.01981 0.08255 -0.03537 0.03741 -0.15624 0.17198 -0.07859 0.00183 -0.04251
-0.00553 0.06082 0.10905 -0.04253 -0.09626 0.05858 -0.08298 0.06594 0.00328 0.07426 0.17688 -0.13280 0.11533 -0.09820 -0.14253 -0.22540 -0.02051 0.15979 0.04402 -0.20373 0.00903 0.16428 -0.07188 -0.04481 -0.19867 -0.20981 0.24211 0.18125 -0.03100 -0.09582 -0.02176 -0.03751 -0.25723 -0.02079 -0.00497 -0.10936 -0.07918 -0.01880 0.14554 0.04573
-0.05342 0.01441 -0.30317 0.12381 -0.24690 -0.03812 0.07030 0.15951 -0.09171 0.17471 0.29683 -0.12069 0.10343 -0.08576 -0.18071 -0.10217 0.12224 -0.15997 0.07863 -0.22658 -0.19171 0.07470 -0.10380 0.14474 -0.08002 -0.24567 0.13506 -0.04062 0.28991 -0.21825 0.30269 0.13873 0.16147 0.04312 0.10609 0.18259 0.07191 -0.05600 -0.04948 0.19949
0.04944 0.18922 0.18918 -0.12713 -0.09733 -0.10331 -0.10629 0.13858 0.03558 0.28985 0.11543 -0.27716 -0.05527 0.06313 -0.25687 -0.04996 0.19863 -0.06128 0.26143 -0.23614 -0.07680 0.07494 -0.04748 -0.16585 0.11433 -0.07249 0.05240 0.05596 0.08311 -0.32749 0.08608 0.19559 -0.09428 -0.07768 0.00350 0.04155 0.08100 0.00421 -0.04357 -0.25368
-0.00381 0.17285 0.12058 0.03563 -0.10124 -0.01783 -0.05552 0.27786 -0.00192 0.34814 -0.01276 -0.32429 0.03508 -0.10125 -0.22031 -0.06991 0.28143 -0.00870 0.07769 -0.14723 -0.18246 0.11990 -0.14387 0.03632 0.00550 -0.02185 0.08610 0.04916 0.11936 -0.31939 -0.01306 0.02781 -0.13685 0.01754 0.02373 0.00283 0.07895 0.01777 -0.14092 -0.18640
0.05967 0.23480 0.05524 0.09537 -0.01516 0.06586 -0.10029 0.24412 0.10599 0.20295 -0.08865 -0.25735 -0.15289 -0.05783 -0.23001 -0.14287 0.18349 0.07243 0.08787 -0.13400 -0.12455 0.05767 -0.24968 0.00162 -0.02056 -0.10310 0.06832 0.06584 0.20814 -0.27767 0.02435 0.09358 -0.04048 -0.03240 0.06492 -0.01504 -0.06500 0.00294 -0.13067 -0.08837
-0.05448 0.04410 0.13509 -0.05269 0.19652 0.22746 0.04929 -0.05129 -0.16964 -0.01936 0.04429 0.04824 -0.14826 0.13083 0.15084 -0.11604 -0.06876 -0.04993 -0.21626 0.33827 0.20096 0.01781 -0.06785 0.14588 -0.01151 0.17451 -0.14263 0.03241 -0.18036 -0.04835 0.12859 0.20534 0.11111 -0.16124 -0.10624 0.24544 -0.05381 0.10800 0.14302 0.20509
-0.23287 -0.02357 0.00838 -0.13346 -0.00339 0.14651 0.29030 -0.07427 0.00513 -0.06361 -0.13811 -0.06564 0.16674 -0.09597 0.16166 -0.07336 -0.06457 0.16269 -0.09031 0.15686 0.27915 -0.04007 -0.14816 0.12255 -0.10008 -0.01734 -0.33453 -0.13984 -0.24495 0.09504 0.13768 -0.03192 0.20598 0.37659 -0.08409 0.11546 0.00372 0.08498 -0.11016 0.26112
-0.06386 -0.04012 0.11329 -0.14571 0.20604 -0.10186 -0.12081 -0.27691 -0.01743 -0.16172 0.10488 0.12471 -0.12924 0.08149 0.08063 0.33438 0.12529 -0.25317 0.18092 -0.44797 -0.12039 -0.29467 0.09331 -0.14226 -0.00331 -0.36157 0.28517 -0.11232 0.43576 0.30293 0.18642 -0.29549 -0.06633 0.08165 0.29902 -0.03402 0.16286 0.18429 -0.09224 0.06671
-0.00634 -0.07650 -0.04957 0.05728 0.20207 -0.20997 0.05483 -0.10791 -0.25522 0.05977 -0.05496 -0.00948 -0.26380 -0.12959 0.05381 0.10406 0.09526 0.12464 -0.04512 0.29305 -0.10559 0.05858 -0.18880 0.03072 0.04215 -0.05782 0.08883 0.08083 -0.02191 -0.00265 -0.16317 0.16993 -0.02687 0.20397 -0.10967 0.05898 -0.16338 -0.04190 -0.05398 0.19630
-0.05142 -0.07597 0.12211 0.11712 0.08530 0.35545 0.09517 -0.04012 -0.23287 -0.18001 -0.03520 0.11868 -0.25387 0.00440 0.17951 -0.08546 -0.11916 0.01571 -0.26396 0.41375 0.19612 -0.11777 0.07896 0.12205 -0.15636 0.17110 -0.10747 -0.08591 -0.15171 0.11034 0.04569 0.13402 0.04255 -0.13222 -0.20073 0.12672 0.03837 0.06049 -0.01074 0.13290
-0.07384 -0.18325 0.17166 0.09898 0.12603 0.22395 0.10913 -0.07515 -0.01855 -0.16007 -0.02302 0.13588 -0.15531 0.19901 0.12535 -0.00722 -0.10493 -0.07938 -0.18954 0.19008 0.19774 -0.05666 0.11506 -0.09054 -0.04138 0.22162 -0.09321 -0.10703 -0.22312 -0.03177 0.03546 0.08227 0.11409 -0.15938 -0.02375 0.17234 -0.09499 0.21122 0.03890 0.14959
-0.16326 0.10648 -0.13239 -0.09887 -0.00876 -0.08326 0.18060 -0.31536 0.13965 0.04083 -0.26063 0.03796 0.18709 -0.16070 0.21076 0.14658 -0.12154 0.32672 -0.23776 0.17435 0.27136 0.28463 0.13023 -0.03711 -0.16473 0.08855 0.03915 0.01988 -0.21708 0.00148 0.08794 0.15210 0.16166 0.10341 -0.18094 0.02066 -0.22606 -0.02743 0.02905 0.12956
-0.07749 0.09622 0.04921 0.06352 0.23284 -0.30352 0.09417 -0.23159 0.33213 -0.06371 0.01189 -0.10341 0.13718 -0.20541 -0.19332 0.05378 -0.35467 0.03344 -0.00975 -0.04954 0.21841 -0.13380 -0.06377 0.03554 -0.00767 0.07354 0.14083 -0.15534 0.07900 0.17352 0.01546 -0.03687 -0.01046 0.01512 -0.30869 -0.08839 0.03308 0.08591 0.30699 -0.11365
-0.31309 0.02386 -0.34404 -0.03528 -0.08106 -0.05257 -0.17816 0.09190 0.18848 -0.11247 -0.16853 -0.02079 -0.01099 0.10573 0.10183 -0.04851 0.11028 -0.18251 -0.03411 0.12117 0.11253 0.03945 0.23808 -0.12918 0.08803 -0.00385 0.12646 -0.28098 0.26151 -0.32301 -0.04058 -0.02334 0.12961 -0.07532 0.20194 -0.06916 0.19705 -0.16996 0.25970 0.03381
0.21607 0.20455 0.20676 0.08097 -0.15035 0.16277 -0.23238 0.09784 -0.14723 0.22724 -0.23917 0.15863 0.14187 0.23498 -0.31330 -0.20385 0.07453 0.02973 0.07746 -0.20509 -0.25450 0.10643 -0.19671 0.00095 -0.10323 -0.13518 -0.05888 -0.09971 0.16305 -0.23576 -0.03751 -0.09409 0.00381 0.06552 0.11563 0.17093 -0.08939 -0.02576 -0.14806 0.17848
0.12174 0.19461 0.16763 -0.03628 -0.04609 -0.08533 -0.13634 0.34735 0.01885 0.32744 0.13719 -0.29667 -0.06816 -0.07342 -0.23146 -0.03281 0.25052 0.01414 0.18861 -0.29385 -0.17389 0.16170 -0.16737 -0.14101 -0.02516 -0.03652 0.07571 0.12550 0.14823 -0.33099 0.07205 0.15944 -0.16962 -0.04032 0.13130 -0.03050 0.04015 0.19317 -0.04918 -0.31312
-0.11604 -0.10762 -0.26287 0.29343 -0.00762 0.18880 -0.00967 -0.09524 -0.22687 0.21153 -0.11271 0.04032 0.00771 -0.12374 0.25072 -0.07678 -0.08051 0.00302 -0.07753 0.17566 0.18309 0.17431 -0.16762 -0.02104 -0.31785 -0.16526 -0.02080 -0.33805 0.13702 -0.05030 -0.12495 0.01598 -0.10435 0.08073 0.02255 0.20909 -0.16499 -0.07782 -0.22805 0.05992
-0.05313 0.13448 0.14155 0.04170 0.23501 -0.29901 0.05833 -0.24434 0.32552 -0.06502 0.01947 -0.11201 0.13600 -0.12957 -0.26224 -0.03610 -0.38181 0.02587 -0.05646 -0.12972 0.21779 -0.14835 -0.09271 0.17799 -0.04112 0.12283 0.16455 -0.13167 0.01482 0.19273 0.05519 -0.05870 -0.04918 -0.00949 -0.32988 -0.08917 0.02326 0.04786 0.23878 -0.10176
