0.16814 0.09264 -0.10036 -0.25576 0.08868 -0.17334 -0.14011 0.13701 0.09375 -0.13276 -0.09498 -0.09486 0.14077 -0.08181 -0.04404 0.24920 0.24982 0.01862 -0.02799 0.20676 -0.26181 -0.10169 -0.11179 0.05750 -0.08605 0.13777 0.02056 0.04435 0.03243 0.05252 0.02295 -0.05296 -0.21617 -0.04730 -0.18989 -0.05041 0.03397 0.00666 -0.01162 0.41305
-0.09846 0.06597 0.08146 -0.14625 0.04409 -0.06464 -0.17493 0.10814 0.03130 -0.18228 -0.19066 -0.13000 0.19264 -0.05038 -0.19263 0.32338 0.19135 0.10617 -0.03898 0.15077 -0.02670 -0.03853 -0.10516 -0.05181 -0.09849 0.04120 0.01424 0.03102 0.09539 -0.05837 0.18685 -0.06842 -0.16164 0.04661 -0.20017 -0.00728 0.17329 0.03767 -0.00032 0.28375
0.00084 0.06922 -0.07994 -0.29154 -0.06697 -0.12194 -0.21648 0.17670 0.15273 -0.15936 -0.17099 -0.13445 0.24174 -0.04927 -0.00353 0.20889 0.31965 -0.01669 0.00424 0.21228 -0.18263 -0.10108 -0.23857 0.03356 0.04356 0.13530 -0.05929 -0.09278 0.16763 -0.05341 0.07095 -0.10037 -0.12212 0.10659 -0.20661 0.00422 0.06968 0.07556 -0.04479 0.37537
0.09906 0.06663 -0.06229 -0.16886 0.09070 -0.15940 -0.24816 0.00691 0.10516 -0.07563 -0.19961 -0.11449 0.16241 -0.02247 -0.12645 0.11985 0.27416 -0.07188 -0.03661 0.21429 -0.22781 -0.12118 -0.13326 0.11432 -0.10814 0.17150 -0.01842 0.10302 0.10395 -0.05788 0.07484 0.03727 -0.20821 0.00412 -0.36812 -0.04423 0.14252 0.21211 0.04757 0.45364
-0.11434 -0.15703 0.11547 -0.28637 -0.26862 -0.11308 -0.09697 0.12595 -0.01182 -0.13013 -0.08516 -0.00149 0.14929 0.26617 -0.06864 -0.26195 0.01510 0.26836 0.03172 -0.24082 0.20113 0.02953 -0.00708 -0.17224 -0.18390 -0.12865 -0.02891 0.09127 0.10242 -0.00560 -0.07876 0.15575 0.23491 0.03245 -0.06543 0.14387 -0.01872 -0.00051 0.14898 -0.28827
0.11146 -0.07406 -0.17192 -0.23416 -0.10918 -0.03914 -0.23537 0.07874 0.07800 0.09161 0.08907 -0.12589 0.24463 0.09791 -0.33834 0.15911 0.14371 -0.01322 -0.27605 0.21395 -0.27821 -0.17238 -0.04946 0.10843 0.07432 -0.15696 -0.05307 -0.10428 0.16529 -0.03058 0.11637 0.08813 0.08108 -0.15893 -0.38288 -0.03962 0.00234 0.23510 0.03710 0.30668
0.13629 -0.02258 -0.02542 -0.10489 -0.13692 -0.08538 -0.15033 -0.18590 0.05361 0.11395 0.22182 0.07522 0.17657 -0.01932 0.05122 -0.35701 -0.14533 -0.15280 0.11375 -0.09076 -0.14196 0.13494 0.21879 0.15213 -0.23728 0.09903 0.05900 0.05860 0.16105 0.10002 -0.06753 0.07311 0.03905 0.15905 -0.06175 0.09744 -0.28364 0.22596 -0.17374 -0.25191
0.06508 -0.08440 -0.22035 -0.16939 0.09326 -0.24164 -0.08440 0.06695 -0.00226 -0.14157 -0.00750 -0.07189 0.07380 0.00788 -0.31187 0.22436 0.19474 0.00676 -0.15266 0.07152 -0.16506 0.10882 -0.22893 0.03563 -0.31539 0.11091 0.14757 0.03291 0.12178 0.14056 -0.23477 -0.07433 -0.27168 0.04117 -0.02987 -0.04009 0.08858 0.16092 0.20098 0.32669
-0.08902 0.08351 -0.02568 -0.19030 -0.07348 -0.09222 -0.07924 0.15818 0.05462 -0.00068 -0.28317 -0.15748 -0.06165 0.02909 -0.07047 0.31223 0.22336 0.15866 -0.03130 0.28293 -0.03402 -0.04768 -0.16416 -0.14976 -0.10371 0.09071 0.03817 0.15326 0.09326 -0.10219 0.23301 -0.09478 0.03341 0.01130 -0.10637 -0.08663 0.18247 0.04693 -0.11878 0.33774
-0.03083 0.08727 0.06005 0.11540 0.02689 -0.11910 0.10702 -0.21814 -0.08321 -0.14672 0.09392 0.15437 -0.19236 -0.04681 0.12505 0.03797 -0.07269 -0.01034 0.01835 0.13374 0.01308 0.07741 0.19918 -0.08560 -0.09290 -0.01482 0.06647 0.09409 0.04472 0.00938 -0.24921 0.00087 -0.10707 -0.20305 0.17736 0.11063 -0.22790 0.23108 -0.00433 0.03019
0.12694 0.11503 -0.11186 -0.19497 0.09705 -0.04336 -0.19723 -0.01380 -0.02934 -0.09447 -0.14142 -0.12799 0.06745 -0.07848 -0.02004 0.26724 0.23460 -0.02135 0.14994 0.03638 -0.14756 -0.15789 -0.17009 0.21431 -0.06667 0.11301 0.07929 0.15087 0.00704 0.01127 0.12629 0.11041 -0.10829 0.01306 -0.13769 0.07880 0.04856 0.03571 0.00742 0.33155
0.05607 -0.15218 0.07032 -0.01187 0.08089 0.01165 -0.08953 -0.25337 -0.30912 0.10491 -0.13133 0.08985 0.09296 0.02260 0.08563 -0.54847 -0.05275 -0.02441 0.22759 -0.20382 -0.04557 0.02770 0.14842 0.15563 -0.29283 0.08994 0.03236 0.04546 -0.10727 0.01019 -0.18115 -0.03260 -0.03523 -0.03079 0.03986 -0.17190 0.07753 -0.12226 -0.13155 -0.08123
0.14312 0.15830 -0.14640 -0.21929 -0.03147 -0.11522 -0.16945 -0.02882 0.10857 -0.01317 -0.08953 -0.14465 0.06948 -0.01139 0.07351 0.19119 0.14949 -0.07537 -0.06076 0.13284 -0.14792 -0.13626 -0.08624 0.07545 -0.11621 0.22585 0.00267 0.00804 0.09311 -0.00338 -0.02990 -0.02630 -0.13610 0.03832 -0.16821 -0.07501 -0.04480 0.05005 -0.03769 0.37049
-0.18846 -0.09832 0.13018 0.16979 0.13218 -0.01615 0.02366 -0.22865 0.08662 -0.20190 0.11775 0.07367 -0.13866 -0.07097 0.05214 0.01399 0.13980 0.18214 0.05939 0.06239 0.25404 0.12017 0.08466 -0.05807 0.21255 -0.15197 0.03214 0.28469 0.11286 0.09551 -0.10352 0.04710 0.19296 -0.25326 -0.14011 0.11270 -0.08472 -0.03830 0.06118 -0.13665
0.03119 -0.06974 -0.13762 0.28132 0.12703 -0.08065 0.09306 0.06898 0.02458 0.06935 0.04095 0.09778 -0.21947 0.09367 -0.21163 0.25714 -0.05748 0.08933 -0.02521 -0.25486 0.23750 0.21472 -0.06283 0.20613 0.24210 0.00690 0.26086 0.01581 -0.09645 0.22103 0.00029 0.14479 0.17378 0.08582 -0.04683 -0.17034 0.10402 -0.22029 0.09980 -0.27419
0.07377 0.00075 -0.12528 0.28017 0.18186 -0.16228 0.09911 0.08680 -0.01538 0.02025 0.03474 0.12860 -0.22938 0.08391 -0.27077 0.32462 0.03458 0.16066 0.00441 -0.20849 0.19079 0.20329 -0.12556 0.29557 0.23494 -0.02033 0.25060 0.04198 -0.06967 0.23824 -0.01457 0.15973 0.12147 0.11852 -0.02096 -0.27854 0.16145 -0.18521 0.14013 -0.19192
-0.14788 0.14573 -0.03966 0.01607 0.13338 0.04341 0.13464 0.11108 -0.12908 -0.10043 0.08376 -0.18018 0.02065 -0.01063 -0.28575 -0.05532 -0.06086 0.12062 0.19010 0.13924 -0.00277 -0.02397 0.10696 0.11428 -0.02979 -0.08684 -0.15775 -0.10804 -0.25034 0.07132 0.16234 -0.28001 -0.06646 0.10108 -0.07805 -0.25153 -0.04492 -0.06286 0.10145 0.00452
0.27900 -0.05862 0.04145 0.10050 0.20385 0.31337 -0.20627 0.13023 0.12836 0.02090 0.04342 0.16280 0.23773 -0.19089 -0.23038 0.02752 0.13744 0.00821 0.06904 -0.15101 -0.28316 0.27011 0.16346 0.09450 -0.08580 -0.15891 -0.00964 0.15423 0.03260 -0.01611 -0.02728 -0.06740 -0.02439 0.10823 0.06558 0.20972 -0.10158 0.18141 0.15589 -0.06034
0.24812 0.12249 -0.06797 -0.19644 -0.02828 -0.16720 -0.15409 0.06699 0.00561 -0.12063 -0.20580 -0.03967 0.18271 -0.07612 0.00284 0.32366 0.28518 0.09191 -0.00643 0.22041 -0.15937 -0.10960 -0.19871 0.07109 -0.02872 0.03517 0.06478 -0.01387 0.23530 -0.05010 0.01804 -0.03413 -0.11262 -0.01786 -0.15295 -0.00992 0.04558 0.17395 -0.01454 0.40679
-0.17293 -0.18168 0.23357 -0.19024 -0.06938 -0.14174 0.01688 -0.02488 -0.03983 -0.04194 0.06631 -0.05824 -0.25324 -0.02056 0.04570 -0.34353 -0.00689 0.05259 0.27926 0.08634 0.11971 -0.22440 -0.28073 -0.12805 0.07140 -0.06614 -0.12933 0.27445 -0.06127 0.14267 -0.01726 0.06163 0.12455 -0.24777 0.06248 0.34473 0.11162 -0.07946 -0.07788 -0.26197
-0.22631 -0.15173 0.28580 -0.07852 -0.09501 -0.08172 0.06533 -0.01197 0.01041 -0.03697 0.11160 -0.02705 -0.21842 -0.06820 0.16554 -0.21553 0.06731 0.09853 0.26657 0.06240 0.17606 -0.24354 -0.19235 -0.18943 0.09615 -0.00625 -0.14357 0.26397 -0.06567 0.15102 0.01044 0.06833 0.20726 -0.17095 0.04364 0.28923 0.10784 -0.17264 -0.12629 -0.27368
-0.15241 -0.11148 -0.07239 -0.03464 0.04464 0.09781 -0.02525 -0.13733 0.06900 0.11734 -0.17762 -0.04941 0.02137 -0.13998 -0.08321 0.00050 -0.24294 -0.16218 -0.02275 -0.18861 -0.01651 0.06751 -0.04488 -0.08345 0.05361 -0.32988 0.00644 -0.27921 0.11649 0.17611 0.15527 -0.04443 0.05337 0.02563 -0.01403 0.25937 0.15595 0.07961 -0.25622 -0.27406
0.08783 -0.10623 0.11060 -0.02650 0.10839 0.04378 -0.12330 -0.06671 -0.24194 0.09012 -0.14396 0.09430 0.03698 -0.04888 0.06683 -0.33989 0.00574 0.04477 0.11066 -0.08718 -0.03704 0.08791 0.06305 0.13238 -0.17207 0.01203 0.11173 0.05983 -0.05170 -0.00587 -0.10406 -0.05683 0.06934 0.01307 0.07473 -0.18312 0.20702 -0.15846 -0.19326 -0.04405
0.10697 -0.21767 -0.03002 -0.06274 0.01988 0.14188 0.02091 0.19643 0.14098 0.00463 -0.05008 0.15504 0.12403 -0.24409 0.05039 -0.01749 -0.09729 -0.16157 -0.22367 0.01627 0.00539 0.15006 0.03809 0.01889 -0.21462 0.10351 0.12541 0.14909 -0.20883 0.17979 -0.31997 -0.03172 0.08047 -0.03798 -0.03189 -0.02566 -0.27065 0.05635 0.03724 0.03180
0.00103 0.20045 -0.19348 -0.26310 -0.06077 -0.07376 -0.06887 0.02217 0.16847 0.00121 -0.19321 -0.11396 0.11005 -0.05427 -0.01564 0.35152 0.20649 -0.00351 -0.02127 0.18266 -0.17891 -0.20475 -0.27410 -0.05253 -0.07268 0.10073 -0.06492 0.00127 0.07084 -0.08204 0.17086 0.05489 -0.06817 -0.01689 -0.21496 0.00736 0.01970 0.09302 -0.12318 0.44845
0.03639 0.18461 -0.21105 -0.21825 0.00499 -0.23085 -0.07295 0.04804 0.11654 -0.01767 -0.11333 -0.16354 0.04281 -0.01939 -0.01307 0.27252 0.08903 -0.02319 -0.03211 0.19367 -0.11161 -0.13181 -0.19236 0.09736 -0.06967 0.19092 -0.01176 -0.09658 0.12979 -0.04140 -0.06158 -0.00561 -0.12687 0.01384 -0.21542 0.00245 0.01095 0.07598 -0.01555 0.33859
-0.14672 0.05133 -0.02899 0.16632 -0.09638 0.20080 0.08776 0.13412 -0.19738 0.02545 0.15665 0.00491 -0.03784 0.25537 0.03090 0.05457 -0.10070 0.05923 -0.13775 -0.19420 0.01449 0.03511 0.25783 -0.14865 0.10910 -0.00979 -0.19254 -0.27735 -0.27600 -0.09738 0.19324 -0.06606 -0.05773 0.19837 0.21995 -0.19892 -0.23687 -0.40309 -0.01304 -0.13715
0.13204 -0.10623 0.17275 0.14863 0.21714 0.33712 -0.12700 0.03088 0.11618 0.00658 0.04869 0.17156 0.20046 -0.19911 -0.16308 -0.04770 0.05169 0.04469 0.04452 -0.08333 -0.18691 0.27848 0.10973 -0.02660 -0.04569 -0.18437 -0.05817 0.21315 0.05287 0.02763 -0.05828 -0.00207 -0.01573 0.02248 0.16014 0.29255 -0.06919 0.16394 0.09399 -0.15015
0.23579 -0.06623 0.03646 0.06520 0.14349 0.27018 -0.21974 0.07100 0.18218 0.00955 0.09826 0.17028 0.25437 -0.20067 -0.25600 -0.09312 0.08244 -0.02000 0.12397 -0.19601 -0.23749 0.31944 0.12904 0.02941 -0.08539 -0.12214 0.02740 0.19244 0.09165 -0.01324 -0.14510 -0.04342 -0.06771 0.07218 0.10962 0.24211 -0.12977 0.19687 0.09458 -0.13303
-0.13390 0.08082 -0.04392 0.09536 -0.06773 0.20269 0.04712 0.17894 -0.17957 0.03475 0.17872 -0.01136 0.04151 0.31727 0.01417 0.03069 -0.13541 0.07560 -0.16233 -0.16558 -0.05421 0.02512 0.22633 -0.19497 0.01467 0.00976 -0.22764 -0.28217 -0.28815 -0.17569 0.24826 -0.03603 -0.16741 0.23014 0.28204 -0.17150 -0.22723 -0.42355 -0.07192 -0.06203
-0.01169 -0.08695 -0.01507 0.15095 0.21933 0.03015 0.16702 -0.23149 -0.04792 0.03351 -0.19209 0.00112 0.02485 0.11348 0.00831 0.20667 -0.17732 0.19865 -0.12651 0.20163 0.29345 0.08162 0.05731 0.12025 -0.13163 -0.08956 0.02576 -0.00847 0.02380 -0.09397 0.20447 0.12653 0.14922 -0.34900 0.09371 0.21940 0.02877 0.00483 -0.03502 -0.14847
