-0.21407 0.07918 0.03535 0.14163 0.02650 -0.09326 -0.03089 -0.05072 0.05743 0.01877 0.05991 0.03313 -0.10698 0.13780 -0.13851 0.06006 0.22177 -0.14467 0.21622 0.23665 -0.00130 0.00399 -0.04816 0.22165 -0.04445 0.22439 0.12909 -0.10327 0.10948 -0.03504 0.20227 0.01861 -0.00684 0.04793 0.08471 0.17935 0.04882 -0.02309 0.07037 0.20723
-0.31662 0.04025 0.09325 0.06903 0.13166 -0.03823 0.00299 -0.03232 -0.01861 0.00245 -0.02554 0.07409 0.02077 0.04863 -0.06782 0.05400 0.07861 -0.07213 0.12712 0.14038 0.11544 0.00798 -0.10336 -0.00086 0.00036 0.15426 0.03665 -0.13314 0.03058 -0.13046 0.21052 -0.01334 0.03258 0.19931 0.09650 0.21432 0.01063 -0.19265 0.07427 0.14884
0.12067 -0.04356 0.04258 0.05876 0.02437 -0.12792 -0.08594 -0.07040 0.02781 0.07921 -0.16465 0.04558 0.07088 -0.02780 -0.06246 -0.02591 0.17040 -0.14899 -0.05833 -0.11012 0.03624 0.01669 0.15326 -0.03180 0.00832 0.04183 -0.04488 0.01963 0.07103 0.07898 0.14075 -0.01481 0.09272 0.04202 -0.06247 0.01122 -0.01166 -0.09234 0.16712 0.12443
-0.08658 -0.08527 0.01479 -0.02616 -0.07429 0.24097 0.10551 0.19598 0.07060 -0.10609 0.21281 0.02511 0.06814 0.13752 0.09175 0.13071 -0.22912 0.13638 0.05757 0.06679 -0.02944 0.22812 -0.06302 0.22105 0.08637 -0.14018 0.02318 0.07409 -0.25896 -0.21847 -0.34001 0.17105 -0.01180 -0.12551 0.20477 -0.27002 -0.00681 0.07527 -0.30649 -0.28762
-0.08990 -0.04429 0.02862 -0.04856 -0.05940 0.24433 0.07191 0.11583 0.02975 -0.08584 0.18048 -0.05796 0.07282 0.10419 0.08798 0.06728 -0.18499 0.10315 0.01905 0.08873 -0.06857 0.18062 -0.06531 0.17367 0.09712 -0.13310 0.02653 0.05035 -0.24536 -0.17980 -0.32609 0.10781 -0.01575 -0.14054 0.22312 -0.23707 -0.00766 0.05680 -0.24669 -0.25751
-0.03550 -0.04960 -0.01357 -0.01125 -0.05999 0.27968 0.01888 0.23509 0.10277 -0.12308 0.18052 0.02631 0.09056 0.09084 0.13448 0.09686 -0.23579 0.14270 0.01868 0.05033 -0.02822 0.25676 -0.04702 0.20386 0.13312 -0.15174 0.03886 0.06143 -0.24899 -0.22769 -0.37338 0.16892 -0.04305 -0.20284 0.20966 -0.33768 0.00105 0.04934 -0.36439 -0.28890
-0.07204 -0.06577 0.04268 -0.04739 -0.07730 0.24285 0.11924 0.19845 0.09401 -0.12272 0.16374 -0.02481 0.06143 0.12295 0.14127 0.11342 -0.28405 0.17966 0.06218 0.11570 -0.04468 0.27538 -0.07863 0.21815 0.13847 -0.16852 0.12037 0.06455 -0.26199 -0.26130 -0.38590 0.15075 -0.08498 -0.14049 0.19183 -0.28985 -0.02349 0.03592 -0.30028 -0.34065
-0.33702 -0.05535 0.00491 0.14308 0.19596 -0.03048 0.04428 -0.03591 0.04008 0.15760 -0.04010 -0.00270 0.04123 0.18652 -0.08508 0.21374 0.14112 -0.05675 0.12073 0.08707 0.06699 0.14213 0.02178 0.09643 -0.00080 0.16611 0.06916 0.01734 0.02280 -0.13289 0.13675 -0.00271 0.07082 0.30206 0.11642 0.12589 -0.03457 -0.21967 0.10581 0.17618
-0.02028 -0.06809 0.02811 -0.07116 -0.11659 0.21107 0.05912 0.15001 0.03668 -0.12817 0.21316 0.03651 0.03199 0.06471 0.11230 0.06051 -0.23689 0.16177 0.02416 0.06936 -0.06348 0.21795 -0.00537 0.19193 0.11701 -0.14838 -0.01072 0.04341 -0.27428 -0.16322 -0.33264 0.15694 -0.03626 -0.17238 0.16093 -0.27583 -0.03867 0.11886 -0.29993 -0.32104
-0.11880 -0.06959 0.00923 -0.02542 -0.05810 0.23979 0.11984 0.21925 0.07482 -0.15833 0.18318 0.02008 0.05414 0.12808 0.13168 0.12529 -0.27978 0.15626 0.10125 0.09272 -0.02481 0.24644 -0.07557 0.20977 0.09887 -0.17294 0.06916 0.03611 -0.23319 -0.26868 -0.37649 0.18866 -0.06055 -0.15079 0.18655 -0.31341 -0.01522 0.04193 -0.34081 -0.31111
-0.12231 -0.08346 -0.00814 -0.02711 -0.04267 0.28275 0.11608 0.16537 0.03608 -0.13093 0.21184 -0.00908 0.03769 0.10477 0.10700 0.10066 -0.24996 0.13942 0.04250 0.05350 -0.06093 0.24060 -0.06107 0.15522 0.07251 -0.14562 0.02488 0.05718 -0.25468 -0.22541 -0.35789 0.13877 -0.02225 -0.10211 0.20019 -0.25406 -0.04128 0.03270 -0.31318 -0.29174
-0.10173 -0.05740 0.02273 -0.03462 -0.00504 0.23062 0.06831 0.20249 0.09773 -0.09235 0.18074 -0.01155 0.10553 0.12102 0.10114 0.12434 -0.23524 0.13990 0.09663 0.09445 -0.02311 0.22505 -0.08076 0.18234 0.10926 -0.15801 0.06269 0.03025 -0.21340 -0.23108 -0.31162 0.17290 -0.02269 -0.10086 0.22855 -0.24337 -0.04004 0.02850 -0.30359 -0.26624
-0.22122 -0.04837 0.01103 -0.08027 0.03654 -0.15971 0.13235 -0.03522 -0.04348 0.04367 -0.18340 0.22037 -0.24398 0.11059 -0.02525 0.19038 0.00177 0.15032 0.19793 -0.05289 0.19433 -0.13004 -0.00661 0.05312 -0.19183 0.02360 0.04201 -0.18249 0.32763 0.08123 0.17385 0.01141 0.00715 0.11976 -0.14737 -0.04656 0.06885 -0.12413 -0.02667 0.13351
-0.12534 -0.06872 0.03583 -0.04567 -0.05956 0.22777 0.08311 0.17532 0.04436 -0.15632 0.18276 0.05359 0.01921 0.11643 0.09075 0.11215 -0.22288 0.16898 0.11018 0.05044 -0.02157 0.16997 -0.08309 0.22167 0.06779 -0.11716 0.04814 0.00861 -0.21773 -0.19233 -0.30883 0.14547 -0.03211 -0.12845 0.15506 -0.29857 -0.01156 0.02610 -0.31078 -0.28094
-0.19912 -0.01095 0.03032 0.09932 0.12636 -0.03547 0.06953 -0.00700 0.05549 0.00830 -0.06460 0.05962 -0.04036 0.23749 -0.05291 0.09860 0.04168 -0.08373 0.25805 0.04045 0.07239 0.03562 0.00741 0.15797 -0.02450 0.04436 0.06804 -0.07826 0.15545 -0.07604 0.03914 0.02085 0.03312 0.08378 0.07309 -0.03434 -0.04987 -0.05706 0.14855 0.18440
