-0.31402 0.05706 -0.15513 -0.20861 -0.06461 -0.09548 0.18278 -0.23373 0.02733 -0.23114 0.04490 -0.05170 0.21573 0.02290 0.36599 0.13625 0.14912 -0.04376 0.15704 -0.02918 -0.18214 -0.05462 -0.00930 -0.42286 -0.15987 0.28898 -0.09746 -0.20774 -0.20876 0.03128 -0.12555 -0.14969 0.18674 -0.25455 -0.09751 0.02734 0.43214 0.05059 -0.26759 0.35813
-0.08526 0.14980 0.05328 0.25196 0.00091 0.02047 -0.17885 -0.17017 -0.09757 0.22886 -0.23127 -0.16725 -0.18961 -0.26285 -0.18724 -0.21518 0.05936 -0.35480 0.11045 0.02242 -0.24267 -0.43890 -0.14141 -0.08936 -0.26167 -0.04055 0.08808 -0.12798 -0.21975 -0.11181 0.09983 -0.22872 -0.31010 0.08137 -0.35295 -0.14364 0.10562 0.35913 0.12690 0.31196
-0.21527 -0.26125 0.13052 -0.31196 0.28202 -0.02805 0.14885 -0.18436 0.06239 -0.01810 -0.21343 0.10399 0.10690 0.08369 -0.27206 -0.00661 0.08780 0.19171 -0.35292 0.02626 0.11726 0.14181 -0.09955 -0.22895 -0.07158 0.04059 -0.31584 -0.21163 0.15812 -0.16903 0.00536 0.17959 0.04169 0.22644 -0.14888 0.16509 -0.05198 -0.02934 0.15184 0.18861
0.01837 -0.34640 0.10925 -0.27342 0.20736 -0.28194 0.18506 -0.05199 -0.33874 0.00344 -0.24049 -0.10839 0.29831 0.38194 0.30894 0.11843 -0.30629 -0.16264 -0.37351 0.34810 0.18635 -0.28802 0.30272 0.30962 0.04833 0.17547 0.12116 -0.15315 -0.23508 0.00473 0.18674 -0.20739 0.31321 0.05811 0.42271 -0.12381 0.00993 -0.26639 0.11339 -0.17198
-0.03850 0.18479 -0.02735 0.03174 -0.31055 -0.00077 -0.20980 -0.30515 0.24014 -0.25700 0.03766 0.23653 0.26508 -0.35661 0.08360 -0.21429 -0.03028 -0.14696 -0.24266 0.03157 -0.10876 0.25312 -0.05736 0.21818 0.02093 0.13488 -0.15034 0.08188 -0.16609 -0.23016 -0.36329 0.10814 -0.27507 -0.10627 0.21736 0.13714 -0.26203 0.28561 -0.39157 0.22417
0.14969 -0.21735 -0.18802 0.01819 0.04903 -0.03623 -0.09385 0.03968 0.15943 0.17043 0.04236 -0.11761 0.01354 -0.34606 -0.36402 -0.28342 -0.11037 -0.06341 -0.16950 -0.23709 -0.23731 -0.27662 -0.11804 0.14572 -0.22193 0.04469 0.09083 -0.23443 -0.11422 -0.31599 0.04792 -0.07763 -0.05256 0.16261 -0.20277 0.19924 0.03608 0.13750 0.13316 0.15542
-0.22269 -0.27832 0.31238 -0.10571 0.19597 -0.03849 0.29158 0.10192 0.11213 -0.33257 -0.19316 -0.22208 -0.02188 -0.13520 0.20649 0.19512 0.07795 0.25759 0.07319 0.17531 -0.30621 -0.00617 -0.05524 -0.15961 0.30470 0.31129 -0.25018 -0.26237 0.05804 0.11650 0.19250 0.08844 0.31531 0.04318 -0.11645 0.01174 0.02033 0.29266 -0.25071 0.25585
0.23584 -0.17534 0.23995 0.05322 -0.29464 -0.02641 0.24459 0.14488 0.04382 0.02093 -0.20449 -0.00815 -0.09238 -0.19378 -0.18395 0.03317 -0.11011 0.04480 0.09543 -0.22759 -0.24554 0.28944 -0.15829 0.11212 0.22019 0.29987 0.32675 -0.33971 -0.14639 0.34668 0.07780 0.07946 -0.07545 0.16246 0.08274 0.12058 0.03432 0.05811 -0.31663 -0.26009
0.29801 0.29825 0.33568 0.35236 0.02602 0.01803 0.23783 0.06809 0.33137 0.14731 -0.06860 0.06232 -0.03324 -0.43394 0.03248 0.21445 -0.10468 0.21273 -0.10468 -0.13226 0.17169 0.01131 0.20084 0.05088 0.26549 0.24067 0.19399 -0.22048 -0.17315 0.10240 -0.23440 -0.26853 -0.29392 -0.09303 0.38596 -0.11019 -0.22523 0.22008 -0.44979 -0.17327
-0.22913 -0.06344 0.01441 -0.15317 0.11414 0.03014 0.13125 -0.11248 0.04003 0.22332 0.14080 -0.04450 0.29932 -0.09241 -0.05595 -0.37156 -0.02644 0.03148 0.15545 -0.16621 -0.09879 0.23648 -0.21469 0.31207 0.17056 -0.08672 -0.06442 0.18852 -0.19401 -0.40076 0.28542 0.07832 -0.00593 0.12303 -0.39725 0.42287 -0.19191 0.22348 -0.28820 0.13863
0.03348 -0.03272 -0.31063 0.25056 0.23480 0.39417 0.15814 -0.17503 0.32332 -0.29170 -0.20956 0.37022 0.32652 0.27671 -0.33117 0.03532 0.14875 0.29710 0.06315 -0.12531 0.14552 0.22231 0.25924 -0.06994 0.19629 -0.10009 0.22118 -0.11649 0.34479 0.10400 0.26467 -0.22433 0.16802 -0.31552 0.11826 -0.10811 -0.13738 0.01250 0.42211 -0.10753
0.11909 0.02433 0.29509 0.00693 0.10620 0.02810 -0.08550 -0.05507 0.14710 -0.21998 -0.39409 0.04639 -0.22261 -0.07870 0.12586 0.17731 0.15413 -0.21571 -0.12031 0.06963 -0.31782 0.08235 -0.32066 0.29526 0.16538 0.12721 -0.17184 -0.19796 -0.21068 0.34574 0.26884 0.36698 -0.06595 0.08463 0.04710 -0.16763 0.14355 -0.26666 -0.05794 0.13081
0.11912 0.05651 0.21469 0.19891 -0.03366 -0.04012 -0.06587 0.25668 -0.09667 0.25400 -0.27192 0.05239 0.03624 0.09841 -0.29968 0.15384 0.13403 0.14298 0.24791 -0.08569 -0.44164 0.05865 0.14885 0.19073 -0.01104 0.13516 -0.03355 -0.07450 0.24592 0.13185 -0.06041 -0.08050 -0.31451 0.12384 0.12206 0.16865 0.04914 -0.32682 0.09759 0.24682
0.12794 0.18784 -0.22339 0.14197 0.20968 -0.03611 0.20520 0.14767 0.09042 -0.05376 0.28634 -0.02956 -0.15214 -0.14395 0.08769 -0.05323 -0.08053 0.01829 -0.21329 -0.18903 0.13421 -0.08185 0.32991 -0.31957 -0.05061 0.30473 0.08744 -0.24027 -0.25227 0.05663 0.04132 -0.15458 0.12993 0.10570 0.21516 -0.13767 -0.19150 0.24104 0.04052 0.24606
-0.06225 0.05222 0.27491 -0.14330 0.27740 0.47093 0.06697 0.07720 -0.06154 0.20816 0.16221 0.31070 -0.00931 0.19152 0.24784 -0.05555 0.28011 0.11187 -0.25292 -0.05898 -0.03987 0.29258 -0.14332 0.05445 0.00337 0.06376 -0.17756 -0.20593 0.03451 -0.07309 -0.24412 0.07907 -0.30664 -0.05288 -0.04231 -0.02659 -0.06037 -0.41261 0.20184 0.06320
-0.10908 -0.15853 0.14253 -0.23071 0.00168 -0.17874 -0.05130 0.01821 -0.33543 0.25156 0.11531 0.33199 0.07950 0.15024 0.06809 -0.01091 0.07793 0.12140 0.18179 -0.07506 -0.21344 0.18221 0.28673 0.13696 -0.26581 0.30688 -0.21406 -0.12786 0.15912 0.05418 -0.04342 0.00322 -0.17797 -0.14263 -0.23807 -0.18003 -0.17888 0.18683 0.29536 0.10070
-0.30577 0.17405 -0.30325 -0.13277 -0.10528 -0.27828 0.31216 0.31057 -0.28550 0.33647 0.21154 0.21181 0.04877 0.01527 -0.31928 0.03860 0.29268 -0.12081 -0.02436 -0.12404 -0.13351 0.13335 -0.11994 0.18185 -0.14639 0.05404 0.21320 0.14743 -0.35754 -0.30838 -0.28986 -0.31491 0.41447 0.23768 0.11673 -0.30786 -0.09353 0.33396 0.32129 -0.03967
-0.21466 -0.15678 -0.36906 -0.05387 -0.07617 0.19428 0.29875 -0.41163 0.26144 -0.14705 -0.13692 0.00664 0.07233 -0.14395 0.30806 -0.02435 0.11956 -0.14337 -0.10794 0.22359 0.32705 0.37907 0.29464 -0.13577 -0.18825 0.35981 0.08948 -0.03558 -0.06873 -0.07392 -0.01478 -0.34819 0.10099 0.07700 -0.25565 -0.23319 0.30473 0.06134 -0.28687 0.39492
-0.06722 0.38762 0.09396 0.25793 0.35296 0.40428 0.30203 0.10515 -0.06387 0.34254 -0.29729 0.10838 -0.00321 0.45017 0.12011 0.35445 -0.26833 0.10353 0.04179 -0.34447 -0.12153 -0.42192 0.25727 -0.16281 -0.35188 -0.05892 0.21722 -0.14074 0.35877 0.28496 -0.13797 0.30366 0.18837 0.00899 -0.05641 0.16124 -0.05463 -0.08361 -0.12415 0.11137
-0.21400 0.21034 0.29550 0.29146 0.17886 0.19982 0.04421 -0.00421 -0.11118 -0.16145 0.20282 -0.37639 0.18308 -0.00729 0.22701 -0.22053 -0.24750 -0.03536 0.14278 0.27780 -0.24742 0.37031 -0.34372 -0.26817 0.01904 -0.26248 -0.04804 0.07478 -0.13884 -0.00720 -0.35218 0.10145 -0.18696 0.12510 -0.16187 0.10787 0.22445 -0.12812 0.03387 -0.23816
-0.09134 0.18376 0.31479 -0.16539 0.21341 0.10196 -0.00154 -0.31502 -0.28380 -0.02040 -0.20739 -0.19683 0.19391 0.30014 -0.20128 0.10524 0.33177 0.11385 -0.01168 -0.01948 0.02324 0.04323 -0.06234 0.12993 0.16268 -0.32837 -0.18258 -0.26695 -0.04189 0.24038 0.15896 -0.14290 0.18572 -0.27588 0.08456 -0.03077 -0.15102 -0.14606 0.10074 0.35721
0.01880 0.05779 0.25395 -0.18783 0.06932 -0.30634 0.04210 0.17798 0.03150 0.16441 -0.26603 -0.23723 0.19023 -0.02432 -0.26299 0.25611 -0.08720 -0.08230 0.32643 0.04342 0.22260 -0.00666 -0.14690 0.15743 -0.09403 0.02651 0.00268 -0.22247 0.12356 -0.03585 0.03306 0.10982 -0.03971 -0.23673 0.19518 -0.29170 0.02690 -0.22978 -0.14070 -0.08096
0.41412 0.11008 -0.34139 0.17718 -0.11812 -0.17229 -0.13286 0.27389 -0.31559 -0.14506 -0.05489 0.37023 -0.32717 -0.28982 0.14815 -0.04131 0.26829 -0.28984 0.16369 0.04972 0.26427 -0.28441 0.37455 -0.33058 -0.01688 0.03876 0.18908 0.31538 0.24482 -0.37228 -0.39252 -0.40773 -0.02890 0.40328 -0.38217 0.10477 0.41425 0.05866 -0.08281 -0.12305
-0.18849 -0.32828 -0.11787 -0.03746 0.06776 -0.37743 0.02315 0.27103 -0.30027 -0.18636 0.14531 0.15017 -0.23005 -0.32017 -0.19122 0.33285 -0.30409 -0.19920 -0.29698 0.03712 -0.16470 0.18254 0.16214 -0.13268 -0.21153 0.11256 -0.37900 0.34609 -0.27638 0.35528 -0.02691 -0.31311 0.05994 0.13723 0.05036 0.31079 0.05773 0.23889 0.10526 -0.08237
-0.23494 -0.24689 -0.17642 -0.03358 -0.03613 -0.24219 0.11582 -0.05683 -0.33125 -0.18637 -0.09181 -0.10250 -0.18507 -0.20160 0.01451 -0.06866 -0.17236 -0.17220 -0.16240 -0.27066 -0.06168 -0.25341 0.47147 0.12416 0.08806 -0.28890 -0.31919 -0.00950 0.13063 -0.00507 0.26998 0.13290 -0.30541 -0.14958 -0.02601 0.15480 0.27970 0.23682 -0.00057 -0.12643
0.19088 -0.30532 -0.36591 -0.30258 -0.22714 -0.33383 0.18867 -0.13216 -0.00393 0.36141 -0.11019 -0.29872 -0.09418 -0.44889 0.04083 0.28598 0.35080 0.04397 -0.45336 -0.06824 -0.12685 -0.22906 -0.14447 -0.10115 0.28519 -0.40345 -0.40233 0.08956 -0.19005 0.44785 -0.33344 0.28034 0.01221 -0.30308 0.04446 -0.00801 -0.03480 0.28416 0.28785 -0.25192
-0.03745 0.12359 0.05934 0.09752 -0.00469 0.28680 -0.15497 -0.28724 0.07543 -0.33806 -0.01176 0.18054 0.22741 0.35747 -0.13514 -0.27571 0.04385 -0.07686 0.24562 0.33047 -0.08694 0.14933 0.11217 0.00668 0.33085 -0.21089 0.08461 0.27245 -0.17511 -0.31829 0.40410 0.19222 0.21738 -0.28995 0.20203 0.35462 -0.34395 -0.01260 -0.12701 -0.22984
-0.08131 -0.14611 -0.08130 0.20390 0.07960 0.20719 0.16535 -0.06039 0.11871 0.20245 -0.28813 -0.22028 -0.20230 -0.23983 -0.08310 -0.19594 0.10560 -0.39822 0.32314 0.17150 -0.00184 -0.33397 0.08502 -0.11401 -0.35106 -0.05798 0.12393 0.22843 -0.15514 0.19997 -0.10463 -0.28644 -0.26797 -0.06247 -0.17818 -0.00823 -0.16917 0.17353 0.14109 0.08117
0.29760 -0.03070 0.04434 -0.06818 0.02821 0.16679 -0.01191 -0.20977 -0.19201 -0.02086 0.09290 -0.05843 -0.00617 0.06464 -0.15982 -0.01677 0.17309 -0.18600 0.08237 -0.25762 0.03297 0.26157 0.08714 0.14665 -0.14343 0.14978 0.15688 -0.35735 0.36626 0.15640 -0.12379 -0.18240 -0.20267 -0.24209 0.27043 -0.04194 0.46355 0.18318 -0.09887 -0.15224
-0.19412 -0.12923 -0.17206 -0.03780 -0.09026 -0.01990 0.23394 -0.31256 0.32768 -0.10764 -0.32620 0.11539 0.12184 -0.10073 0.24257 0.06787 0.07876 -0.21556 0.24368 -0.20314 -0.18399 0.30789 0.32746 -0.18282 -0.28896 0.08817 -0.23449 0.30745 0.03356 -0.22967 0.28464 0.29921 -0.26376 -0.03915 0.20533 0.19130 -0.40043 -0.26549 0.05114 0.32879
0.06420 -0.15909 -0.20681 0.21074 -0.37924 0.18225 -0.02706 0.04026 -0.01727 0.03612 -0.08991 0.12096 0.01977 -0.03630 -0.24804 -0.36431 0.27662 -0.21816 0.00520 0.04586 0.35554 0.29816 -0.07935 0.08829 -0.05472 -0.06752 0.23433 -0.08005 -0.16988 -0.19739 -0.11277 0.07437 0.25573 0.14560 -0.13450 -0.13245 0.15438 -0.13816 -0.17458 -0.17661
0.02023 -0.05410 -0.13825 -0.21333 -0.26805 0.10149 -0.07556 0.14109 0.21201 0.08463 0.10081 -0.03045 0.10539 -0.06684 -0.23988 0.08831 0.08473 -0.23535 -0.08653 0.27542 0.29100 0.06104 -0.25758 -0.13535 0.14525 0.32760 -0.00785 0.12691 0.20700 0.11967 -0.21572 0.15713 0.15846 -0.02904 0.35235 0.01676 -0.17790 -0.13371 0.26882 0.03867
-0.05021 0.21918 0.32288 -0.01043 -0.22159 -0.13136 -0.25000 -0.07169 0.03254 -0.30660 0.12306 -0.14026 0.15327 -0.12792 -0.33059 -0.15669 0.15092 -0.21813 -0.07906 -0.21678 0.18014 -0.04240 -0.08774 0.04111 0.02665 -0.00219 -0.17732 -0.25965 0.09240 -0.12519 0.15006 -0.00668 0.02251 -0.29709 0.18556 0.08818 0.16235 0.07751 -0.12360 -0.11889
-0.11914 0.33708 0.23933 -0.18593 -0.27392 -0.19721 -0.26460 0.25081 0.08685 -0.19362 0.06615 -0.16256 0.04142 -0.04956 -0.20919 -0.07383 0.00433 -0.19345 0.16069 -0.33034 0.02494 0.23364 -0.00978 -0.15935 0.30111 -0.14005 -0.26182 -0.10975 0.28747 -0.34893 0.09660 0.17936 -0.17188 -0.22154 0.16272 -0.14606 -0.28562 0.16501 0.07037 0.01183
-0.14977 0.36754 0.21220 0.28750 -0.19194 0.18004 -0.40883 0.21736 0.44535 0.09400 -0.24278 0.02187 0.29827 0.03120 -0.30458 -0.00249 0.45515 0.19832 -0.13589 0.12365 0.16964 -0.05781 0.01298 0.11135 0.07418 0.11603 -0.24414 0.23861 -0.18531 0.00637 -0.34647 -0.40077 -0.06688 -0.36640 0.15126 -0.32485 0.08625 0.20120 -0.19801 -0.00440
0.24970 -0.24436 -0.10564 0.02395 -0.23224 -0.11056 -0.03417 0.32818 0.02050 -0.31481 -0.02848 -0.13638 0.30693 0.31288 -0.07211 -0.18164 0.06938 0.05380 0.09743 0.01575 -0.25069 -0.27284 0.06598 -0.32600 0.29533 0.09668 0.05674 0.38023 0.13130 -0.18665 -0.19692 0.26107 0.02432 0.01749 0.35495 -0.13861 -0.18781 -0.29889 0.35865 -0.06598
0.01854 -0.07763 -0.16327 -0.23954 0.11890 0.23052 -0.07074 0.13296 -0.10564 -0.07975 -0.07659 -0.03446 -0.33988 -0.06847 -0.05468 0.08810 -0.17570 -0.21749 -0.08233 0.25618 0.00597 -0.17547 -0.11463 0.01563 -0.20467 0.22147 -0.15779 0.32987 0.15256 0.18679 0.09757 0.18290 -0.26183 0.13208 0.22810 0.19249 -0.18257 0.10740 -0.04657 -0.30853
0.20221 0.07943 -0.14017 -0.29465 0.32174 0.27112 -0.10347 0.04005 -0.18456 -0.02813 -0.02973 0.14849 -0.13321 -0.09005 -0.12840 -0.17238 -0.24165 -0.05417 0.06456 0.27486 0.09158 0.10151 -0.14635 0.28650 -0.15873 0.17701 0.46563 0.19872 -0.27721 -0.23237 0.14761 0.29682 -0.13118 -0.29322 -0.32313 -0.14220 -0.24755 0.00661 -0.24099 -0.02414
-0.11932 -0.05372 -0.29160 0.30072 0.25600 0.28974 0.30387 0.41055 -0.00862 0.18050 0.04421 0.02701 -0.29302 0.22703 -0.28566 -0.10810 0.26943 -0.09672 0.22885 0.29917 0.25673 0.23388 -0.15967 0.07006 -0.11404 0.17394 -0.32272 0.35669 0.13851 -0.20616 -0.15994 0.33414 0.19998 0.30825 0.10571 0.22687 -0.09785 0.26340 0.45304 0.26362
0.11217 -0.22711 0.41127 -0.17623 -0.04548 0.01070 0.16387 0.07390 0.06780 0.04434 -0.48173 -0.02182 -0.21205 0.24419 0.11150 0.26352 0.20144 0.11419 0.19407 -0.19036 -0.48348 0.17592 -0.46990 0.04696 0.08201 -0.22129 -0.01324 0.21118 -0.38213 0.29931 0.39299 0.41227 -0.21417 -0.05065 0.07016 -0.13728 0.18090 -0.25076 -0.32542 -0.06945
0.43595 0.26607 -0.06140 0.01901 -0.00345 -0.05109 -0.13204 -0.05049 0.16551 0.13197 -0.10402 -0.00300 0.23314 0.08291 0.17447 0.18946 -0.23199 0.09223 -0.26977 0.14252 -0.18265 -0.35458 0.04814 0.20000 0.16699 0.14256 -0.14716 -0.30988 0.20393 0.22026 -0.32208 0.11138 -0.19965 0.18432 -0.06291 0.18172 0.39719 0.22263 -0.10109 -0.06990
0.11511 -0.27783 0.11879 -0.04547 0.18421 0.06653 0.06190 -0.08681 -0.14889 0.26609 -0.17971 -0.33938 -0.19079 0.16168 -0.20735 0.28787 -0.26527 -0.06403 -0.16837 -0.28854 -0.23161 0.10578 0.30668 0.09741 -0.11180 0.36904 0.36463 -0.22111 -0.22538 0.00931 0.24715 -0.00577 -0.41097 -0.36234 0.22164 0.23771 -0.14632 -0.00306 -0.08393 -0.08031
-0.32522 -0.03069 -0.37520 -0.11246 0.13572 0.09408 -0.11298 -0.23505 -0.12709 0.10804 0.14314 -0.25611 -0.19722 0.00184 0.37549 0.25251 -0.14765 0.07126 0.04190 -0.09193 0.22865 0.28676 -0.10990 -0.29978 0.24098 0.28617 0.03684 -0.06795 -0.23176 -0.32600 -0.25671 -0.08545 0.11770 -0.32577 -0.13579 0.10778 0.26988 0.29062 -0.20344 -0.12665
-0.32695 0.29389 -0.36261 -0.28659 -0.21216 0.03453 0.15917 -0.05707 -0.15679 0.11564 -0.11490 0.36889 -0.39389 0.24819 0.10985 -0.23046 -0.26558 0.30387 0.23885 0.12800 -0.20476 0.25746 -0.10864 0.25576 0.16136 -0.22167 -0.44130 0.03609 -0.23197 0.22770 -0.22364 0.28861 -0.12507 0.06484 0.10358 0.22182 -0.22756 -0.19877 0.20058 -0.25279
0.21389 0.23746 -0.17181 0.18769 0.03975 0.23671 -0.24713 0.17303 -0.17671 0.30617 0.04928 -0.16536 -0.06389 0.21838 -0.26156 -0.25220 -0.27541 -0.26371 -0.28037 0.25722 0.31570 0.01021 0.03533 -0.22087 -0.14747 0.26979 -0.20316 -0.23165 -0.19891 0.13747 -0.08483 -0.10462 -0.24853 0.01140 0.14413 -0.26548 0.09886 -0.35393 -0.03841 0.01515
-0.24380 0.26372 0.27970 0.10948 -0.23791 -0.05288 -0.00216 0.37092 0.07034 -0.31965 0.15728 0.17680 -0.25971 0.08699 0.07297 0.01755 -0.39120 0.35986 -0.21946 -0.34440 -0.16750 0.12143 0.08061 -0.28234 -0.05354 0.40810 -0.07435 0.00183 -0.31273 -0.03874 -0.38804 0.07522 0.16378 -0.32156 0.39896 -0.12748 -0.33217 0.15680 0.06278 -0.15617
-0.27191 -0.21711 0.14603 -0.27462 -0.09775 0.24442 0.34071 -0.05112 -0.15526 0.16018 0.21137 -0.19790 -0.18402 0.16306 0.13194 0.00053 0.43062 0.27921 -0.30976 0.04503 -0.20481 0.00929 0.06829 -0.17224 0.17396 -0.20835 -0.13055 -0.09368 0.27745 0.07752 0.04612 0.22567 -0.07428 -0.18937 -0.06314 0.27669 0.01851 -0.33522 0.03396 -0.11357
0.12873 0.01680 0.08061 0.07323 0.10611 -0.37919 0.30939 -0.01360 0.42093 -0.18398 0.28695 0.11654 0.00131 -0.06959 0.03430 -0.28705 -0.10945 0.08422 -0.13496 0.18431 0.02720 -0.22889 0.14505 -0.16951 -0.13811 0.22087 0.05264 -0.14369 -0.35800 0.51045 0.22700 -0.07510 0.22598 0.06896 0.21588 0.23373 -0.09712 -0.18126 -0.18515 0.09360
-0.00371 -0.28102 0.05847 0.23941 -0.22804 0.27094 0.16896 -0.22703 0.16482 -0.19682 -0.00374 -0.17265 -0.26216 -0.21882 0.18061 0.10179 -0.00877 0.07486 -0.13562 0.09578 -0.23455 0.09785 0.02424 0.00146 0.30479 -0.00830 0.09986 0.05032 0.12233 0.14469 -0.11187 -0.12060 -0.18635 0.12598 0.15107 -0.18080 -0.04343 0.29123 -0.32775 -0.14998
-0.33062 0.18855 -0.14491 -0.30668 -0.18944 0.00290 -0.14725 -0.33666 -0.09409 0.02258 0.01041 -0.18679 0.08963 0.17504 0.21306 -0.13215 0.38084 0.11212 0.15173 -0.05959 0.10916 -0.49674 -0.16630 -0.07025 0.35316 -0.19265 0.38745 0.21303 -0.04996 0.23295 0.04466 0.03547 -0.15218 -0.04248 -0.37462 -0.41960 0.28392 -0.13088 0.20067 0.06121
-0.23096 0.14669 -0.12280 -0.17930 0.02489 -0.38192 0.15181 0.22017 0.17116 -0.07267 -0.34714 0.10181 0.02853 -0.18934 -0.09120 0.20670 0.35162 0.09024 0.32758 0.06134 -0.14484 0.03329 -0.34973 -0.09226 -0.05367 0.08652 0.31917 -0.19616 0.35026 -0.31786 0.14915 0.19773 -0.07399 0.08090 0.25261 0.03551 -0.35321 -0.30432 0.27733 0.30144
0.25683 -0.04222 -0.04912 0.04032 -0.13550 -0.03265 0.09526 -0.22559 0.10368 0.00056 0.08175 0.33735 -0.12336 0.10059 0.06780 -0.13313 -0.06378 -0.06572 -0.14451 0.00738 0.07883 -0.12124 -0.09811 0.24625 0.14248 -0.01590 -0.10282 0.23907 -0.15802 -0.13114 -0.17152 0.08380 -0.03689 0.20719 0.10232 0.21661 -0.15560 -0.14546 -0.01024 0.07894
-0.03515 -0.06924 -0.26622 0.33232 -0.10120 -0.25367 0.01244 0.17985 -0.10103 -0.31863 -0.25926 0.16615 -0.10944 0.34912 0.29750 0.20589 -0.04893 0.15282 0.10810 -0.01845 0.04337 0.11143 0.03100 -0.26104 -0.13479 0.27575 0.22411 0.19104 -0.26611 -0.00694 -0.30369 -0.23274 -0.30654 0.40103 -0.12283 -0.30649 0.03404 0.05491 -0.04463 -0.19970
0.36373 -0.29472 0.22484 -0.29797 -0.13416 0.42569 -0.14992 0.35793 0.24585 0.00806 0.05499 -0.19531 0.00924 0.44006 -0.33916 0.14189 0.12955 -0.07352 0.51468 -0.22528 -0.18608 0.13437 0.08387 -0.34327 0.03035 0.21386 -0.14991 0.25426 0.27150 -0.02382 -0.33776 0.36201 -0.21195 -0.10978 0.16909 0.00532 0.10913 0.09167 -0.21059 -0.35010
-0.09074 -0.04932 -0.17305 0.13036 0.12074 0.22098 0.26805 0.25313 0.04545 -0.25887 -0.37643 0.16738 -0.08524 -0.06760 -0.10944 0.11153 -0.20705 -0.01346 -0.11897 -0.31743 0.23157 0.26504 0.03728 0.06199 -0.22731 0.29638 0.15066 0.36795 0.11112 0.02143 -0.21609 0.03815 -0.01987 -0.19942 0.12135 0.00235 -0.23955 0.02223 0.24938 0.25505
0.20247 -0.12196 0.03367 -0.07730 -0.29074 0.02569 0.03476 0.03789 0.16300 0.22232 0.13045 0.03881 0.11933 -0.19139 -0.13377 -0.24766 0.01990 0.11691 -0.16610 0.01392 0.18299 -0.00725 0.17207 -0.04938 0.05605 -0.03976 0.06828 0.24899 -0.35551 0.15151 -0.19364 -0.13288 0.18889 -0.14290 0.19682 -0.09426 -0.05746 0.27010 0.03475 0.08859
0.18047 0.14698 -0.10032 0.36327 -0.22953 0.37981 0.36313 0.08998 -0.16949 -0.03689 -0.28823 0.20162 -0.04672 0.40252 0.24325 -0.33144 0.24275 0.20683 -0.18372 0.23565 -0.35982 0.26966 -0.02179 0.12964 0.32200 0.19916 -0.28724 -0.32391 0.09132 0.19870 0.04040 -0.21559 -0.24791 0.30713 -0.26020 0.35627 0.00056 0.13025 0.05726 -0.38406
0.28306 0.16703 -0.07393 0.11993 0.01969 -0.35913 0.13692 -0.19927 0.25873 0.20265 -0.16646 0.29845 -0.01393 0.21891 -0.20427 -0.35355 0.22753 -0.09271 0.13647 -0.28232 0.24753 0.35314 -0.20061 0.12017 -0.18310 0.32403 -0.02575 -0.03608 -0.21193 -0.12444 -0.19503 -0.11331 0.15807 -0.02021 0.12119 0.24610 0.07144 -0.00053 0.24774 -0.23213
-0.02494 0.29573 -0.20980 0.13266 0.21767 -0.03428 -0.13651 -0.03042 0.34098 0.06876 -0.35804 0.17699 -0.31230 0.06677 0.15580 0.06816 0.02753 0.31337 -0.08560 0.22949 0.35429 -0.24520 0.06765 0.23022 0.18534 0.18764 0.11238 0.26016 -0.31102 0.20350 0.23429 -0.31339 -0.01145 -0.04967 -0.27552 -0.16245 -0.24979 -0.34271 0.35218 -0.17413
0.04072 -0.07269 0.20397 -0.23889 0.10031 0.29611 0.25766 0.19285 0.19903 0.15922 -0.07557 0.03703 -0.09627 -0.05515 0.18529 0.04916 0.09942 -0.06846 0.28645 -0.01969 0.32610 0.00254 0.22181 -0.13265 -0.27354 0.04262 0.29126 0.08366 -0.21620 0.12289 0.24081 0.29396 0.04576 -0.30331 -0.13676 -0.06193 -0.28786 -0.31146 0.03212 -0.30573
0.33303 -0.13342 0.10692 -0.20599 -0.08932 -0.09572 -0.19950 0.03881 0.11274 -0.21477 0.22767 -0.29001 -0.06215 -0.15880 -0.04736 0.32624 -0.06535 0.16702 -0.31916 -0.12753 0.04511 0.21281 0.08048 0.11509 0.07046 0.05932 -0.28446 -0.42159 0.16410 0.34524 -0.26347 -0.08996 -0.00016 -0.16009 -0.17819 0.05264 0.42957 0.05271 -0.29417 -0.09029
0.24631 0.03973 0.45186 -0.12764 0.17714 0.30323 0.31450 0.33427 -0.21342 0.00397 -0.38716 -0.16731 -0.01624 -0.29248 0.31327 -0.13246 -0.38805 -0.39814 0.30708 -0.13761 0.04806 -0.15232 -0.36968 -0.01272 -0.26414 -0.43257 -0.22462 -0.32046 -0.07741 -0.36881 0.02129 0.19501 0.44135 -0.43814 -0.03268 0.14653 -0.13790 -0.37659 -0.20811 0.29400
0.15372 0.33504 -0.08907 -0.23676 -0.33887 0.34247 0.19138 -0.30363 -0.24406 0.35021 0.15942 0.13782 0.13600 -0.06671 -0.02396 0.02708 0.33608 -0.06223 0.06295 0.19756 0.16920 0.15119 0.09785 -0.21475 -0.09808 -0.26003 0.33252 -0.35746 0.24167 -0.22329 0.16621 -0.01499 -0.15978 0.14758 -0.34054 -0.39886 -0.01047 0.16922 -0.18302 0.01139
-0.10975 0.23046 0.26237 0.20465 0.19131 -0.16730 -0.00364 0.37094 -0.30576 -0.15921 0.04605 -0.14288 -0.09068 0.25609 -0.21853 -0.24854 -0.34720 -0.25045 -0.24025 0.33673 -0.32365 0.43613 -0.24297 0.10537 -0.10141 -0.32057 -0.00596 0.16741 0.11228 -0.11939 -0.41144 -0.07255 -0.17393 0.04383 -0.13997 0.13270 0.40389 0.18085 0.12457 -0.26793
0.00021 -0.24764 -0.45580 -0.12600 0.18222 -0.31691 -0.24167 0.12588 0.24439 -0.24386 -0.33620 0.39524 0.01490 0.02946 -0.08042 0.21782 0.22048 0.36436 -0.11234 0.04896 -0.12852 -0.04672 -0.02385 0.00928 0.22426 0.04483 -0.15443 0.22519 0.09573 0.14929 0.08842 -0.12887 -0.08946 0.32102 0.12524 0.34082 -0.16811 0.01529 0.04161 -0.15350
-0.21661 -0.31214 0.07008 0.05716 -0.20655 0.33114 0.09218 -0.41337 -0.14304 -0.19488 0.27865 0.11803 -0.09927 0.24725 -0.06905 0.33787 -0.05629 0.32167 0.31044 0.38608 -0.11019 -0.45517 -0.07865 -0.27498 0.05146 -0.30011 -0.05246 -0.05929 0.38261 0.12020 -0.34951 -0.15176 -0.12771 -0.35939 0.15165 0.00240 -0.11548 0.05963 0.32809 0.20530
0.39657 -0.05435 0.17763 -0.17997 -0.13099 0.25871 -0.11547 -0.05430 -0.13250 0.08376 0.16425 -0.20518 0.25448 -0.21198 -0.00779 -0.17637 0.13222 0.09503 -0.39757 0.17671 -0.26522 -0.21997 -0.15772 0.19477 -0.17674 -0.20315 -0.09770 -0.27936 0.11463 0.15012 0.08202 0.17839 0.01907 -0.00350 -0.22466 -0.26607 0.30809 0.23041 -0.42736 0.17192
0.11427 -0.28467 -0.34705 -0.34404 -0.06128 0.24432 0.31770 0.13604 0.01230 -0.19450 -0.33175 -0.18791 -0.38600 0.14276 -0.24529 0.26819 0.26085 -0.29159 -0.12681 0.13118 0.26506 0.07720 0.04372 -0.26825 0.19787 -0.22720 0.40627 -0.30468 -0.02476 0.20650 0.10333 -0.23296 -0.12295 -0.31206 0.10472 -0.16017 0.16895 0.09270 0.25029 0.07777
-0.17337 0.36023 0.15566 -0.15322 0.04958 -0.10646 -0.05421 -0.34297 -0.19121 0.08877 -0.27532 -0.38932 0.14053 0.13702 -0.11025 0.00238 0.16888 -0.18746 0.20578 0.10803 -0.05478 -0.20092 0.30443 -0.23977 0.03186 -0.45716 -0.22127 -0.02983 -0.14945 0.04576 -0.05698 -0.21775 -0.03844 -0.29106 -0.10266 -0.08122 -0.30750 -0.22580 0.13941 0.26053
0.09029 -0.16183 -0.35898 -0.33191 0.08055 -0.30797 -0.05290 -0.38743 -0.19035 0.28949 -0.44751 0.34387 -0.28981 0.35572 -0.04686 0.26990 -0.07548 -0.29044 0.33642 -0.38314 -0.11008 -0.27424 0.17227 0.01451 -0.25994 -0.03201 -0.28715 -0.10002 0.19578 -0.27589 -0.28332 -0.00361 0.19973 -0.21608 -0.11031 -0.08270 -0.17972 0.27648 -0.39079 -0.09408
-0.12675 0.33865 0.16682 0.02404 -0.00119 0.02907 0.09086 0.19440 -0.35700 -0.08983 -0.10499 0.18320 0.09551 0.19329 -0.38957 0.08895 0.20894 -0.32008 0.11146 -0.26758 0.09356 0.33396 0.39221 0.26493 -0.26677 0.19858 0.19407 -0.09848 0.35939 0.14843 0.20478 -0.34284 0.38677 -0.07652 -0.05670 -0.19205 0.17106 -0.09688 0.02645 -0.14093
-0.06952 0.10351 0.09551 -0.20912 0.32478 -0.11009 -0.20560 0.17070 -0.22372 -0.12980 -0.04647 0.19823 0.33252 -0.09475 -0.23152 -0.15734 -0.03642 0.14726 -0.17775 -0.20067 -0.13230 -0.06851 -0.26587 0.26464 -0.18209 -0.02072 0.22771 -0.07551 0.09402 -0.28431 -0.00689 0.16133 0.00790 0.38132 -0.22832 0.53365 0.10724 0.05306 -0.06071 -0.09723
0.41580 0.17750 -0.14049 -0.10606 -0.36814 -0.12007 -0.06983 -0.38946 -0.28336 0.05941 -0.12210 -0.27600 0.07874 -0.37176 -0.11804 -0.15286 0.24776 -0.21097 0.00884 -0.19110 0.07963 -0.09664 -0.22788 0.25153 -0.29071 0.16314 -0.24413 -0.11796 0.22854 -0.21376 -0.18386 0.17791 0.41213 -0.27562 -0.33388 -0.32455 0.02829 0.31027 0.26869 -0.30983
0.02652 0.32646 -0.15196 0.16919 -0.23634 -0.10145 -0.06877 0.33746 -0.18900 0.29608 0.28790 0.01627 0.33666 -0.04408 0.27071 -0.00150 0.27357 0.12547 0.17770 0.11753 -0.01871 0.04663 -0.18727 0.20440 0.35993 -0.21929 0.20264 -0.14739 0.14723 -0.15105 -0.32004 -0.22169 0.14449 0.00857 0.23469 0.38341 -0.10802 0.11839 0.27819 -0.09761
0.05776 0.14132 -0.22276 -0.32447 -0.00134 -0.31392 0.16296 -0.33931 0.01287 0.11186 0.14693 -0.19000 0.05017 -0.20583 -0.11769 0.15165 0.12505 0.18488 -0.12639 -0.17961 0.04495 -0.49772 -0.10512 -0.08898 0.24572 -0.38438 0.32789 0.10956 -0.15945 -0.13100 -0.15548 0.16126 0.11066 0.08970 -0.36828 -0.40971 0.04539 -0.15935 0.29005 0.32382
0.29313 0.29673 -0.39517 -0.13528 0.39341 0.14248 0.13163 0.18835 0.38944 0.07427 -0.10507 -0.19546 0.19111 0.36073 -0.04488 -0.03841 -0.52772 -0.35307 -0.10483 0.18575 0.45851 0.08764 0.14488 -0.32281 -0.06915 0.34523 -0.31973 -0.06759 0.28370 0.31361 -0.34723 0.00545 0.02503 0.36118 -0.25691 0.33060 0.10003 0.05368 0.27337 -0.03057
0.06421 0.22702 0.14043 0.28910 0.13737 -0.13013 -0.27437 -0.06768 0.22707 0.13257 -0.18811 -0.24967 0.01347 -0.16708 -0.36951 -0.16731 0.33470 -0.00649 0.01397 0.01537 0.11152 0.08053 -0.13029 0.29750 -0.08341 0.02569 -0.19502 -0.00808 -0.35227 0.07425 0.07324 0.02007 0.16684 -0.44256 -0.15814 -0.01032 -0.01421 -0.20798 -0.08953 -0.20824
0.13741 -0.34749 -0.23362 0.21268 0.16611 -0.33759 0.39141 -0.10903 -0.16926 0.26367 -0.11556 -0.40825 -0.35547 0.18697 0.30771 0.25155 0.42889 -0.13946 -0.17653 -0.05958 0.09044 0.44727 -0.26688 -0.02341 -0.10091 -0.01806 0.09506 0.30354 -0.03219 0.16877 0.13111 0.44603 0.21341 -0.35653 0.18549 0.47532 -0.16502 -0.27816 0.16675 0.39271
-0.23440 0.49149 -0.02494 0.34942 -0.26057 -0.00600 0.22058 0.01119 0.33985 -0.06497 -0.23992 -0.12044 -0.39958 -0.13433 -0.29616 -0.33115 -0.33641 0.21626 -0.04544 -0.27450 -0.36259 0.00164 0.14549 0.22054 0.13267 0.27020 0.16108 -0.12429 -0.28068 -0.36996 0.20248 -0.18003 -0.17126 0.09582 0.13913 0.28063 0.02184 0.03237 -0.00311 -0.25367
-0.09501 -0.03474 -0.39903 0.20019 0.30844 0.34065 0.03672 -0.08438 0.24326 -0.28978 -0.13059 0.24563 0.22076 0.36598 -0.29984 -0.11347 0.27635 0.33730 -0.06500 -0.13255 0.10661 0.24696 0.14747 -0.13879 0.29983 -0.18942 0.22163 -0.15391 0.26230 0.08281 0.26579 -0.27384 0.25035 -0.17792 0.04013 -0.02752 -0.06763 0.05242 0.22377 -0.09887
-0.02392 0.14444 -0.01718 0.02856 0.14803 0.05284 -0.27922 -0.24873 0.07044 0.23651 -0.18423 0.27940 0.25538 -0.33563 0.08490 -0.15291 -0.13575 -0.12603 -0.06994 -0.05070 -0.27323 0.05301 0.09848 0.01811 -0.21604 -0.35287 -0.08341 -0.22293 0.23828 0.01571 -0.12558 -0.13403 0.18401 -0.01662 -0.22985 0.00080 0.12133 0.22301 -0.18685 -0.15302
-0.06057 0.15994 -0.39410 -0.14646 -0.10553 0.27753 0.20339 0.04884 -0.03250 0.16564 0.11655 -0.09671 0.11315 -0.01430 -0.22301 -0.14491 -0.09421 0.29815 0.21411 0.03768 -0.00263 -0.22412 0.06857 0.34660 -0.21297 -0.42582 -0.26742 -0.18586 -0.29640 0.10185 -0.11512 -0.15281 0.24347 0.13273 0.09077 -0.01773 0.40253 0.09606 -0.19979 0.29660
-0.15582 -0.15193 -0.20241 0.18521 -0.14011 -0.13810 -0.24440 0.08958 -0.03253 0.18865 -0.26183 0.23560 -0.03721 -0.13488 0.01678 -0.18864 -0.13220 0.28126 -0.32052 0.29925 0.28051 -0.14507 0.26373 0.12515 0.27755 0.12082 0.23569 0.36344 -0.20242 0.26608 -0.33341 -0.30428 0.29521 -0.15605 0.09646 -0.07009 0.15881 0.05815 0.05191 0.36399
0.21844 -0.28462 0.13174 -0.35060 -0.09256 -0.05501 0.06783 -0.32137 0.06500 0.20156 -0.07953 0.16210 0.21985 0.23475 0.24440 -0.10954 -0.07142 -0.23233 0.40623 0.00455 -0.28862 0.00806 -0.21572 -0.01364 -0.02390 0.30060 -0.30248 0.26931 0.37602 0.27692 0.36084 0.32664 -0.15460 0.10465 -0.05102 -0.29668 0.02835 0.06526 -0.21722 -0.02295
-0.26869 0.26397 0.21741 -0.35185 -0.03372 -0.12087 -0.31160 0.32255 0.07154 -0.38985 -0.27019 -0.23496 0.08693 0.38345 -0.37072 0.05976 -0.29701 0.08369 0.22442 0.27444 0.31841 0.33405 0.15336 -0.16881 -0.09019 0.30065 0.01581 0.04506 0.42172 -0.20528 0.16469 0.25103 -0.24025 0.33438 0.09283 0.06318 0.01260 -0.26287 -0.04756 -0.40485
-0.10011 0.03462 0.17597 -0.30965 -0.00715 -0.03191 -0.12977 0.15117 -0.08601 0.07461 0.10465 -0.16075 -0.26651 -0.29348 -0.01952 0.14870 -0.17791 -0.23486 -0.20329 0.16177 0.12212 0.27835 -0.27495 -0.03169 -0.23777 0.16781 -0.25233 0.31026 0.09244 0.05935 0.04522 -0.06063 -0.11062 0.20753 0.30508 -0.14426 -0.12191 0.19631 0.07499 -0.30199
-0.02089 -0.15438 -0.20120 -0.16939 -0.16813 -0.09349 -0.21423 -0.20059 0.02926 -0.04202 0.09365 0.05094 0.02141 0.01316 0.29730 0.07171 0.18833 -0.19395 0.09677 0.03148 -0.05998 0.01277 -0.01732 -0.03503 -0.06904 0.15374 -0.26264 -0.04232 0.04067 0.26131 -0.01018 0.09479 -0.06634 0.00335 0.12984 -0.09401 -0.20655 -0.16766 0.03195 0.02949
0.08848 -0.27469 0.02549 -0.08374 0.16338 -0.01956 -0.17898 0.24818 -0.42005 0.12229 -0.20146 -0.27075 0.07640 -0.34388 0.34401 0.18183 -0.11430 0.20342 -0.31889 0.28912 -0.17577 -0.02055 0.09828 0.01885 -0.30359 0.26351 0.17372 -0.06812 -0.26406 0.14582 0.09444 -0.27801 0.31732 0.43641 0.03478 -0.20631 -0.03432 -0.27044 0.03854 -0.03105
-0.21355 0.05082 -0.08710 -0.21044 -0.15592 0.32109 -0.33766 0.19673 0.34251 0.16520 -0.02040 -0.15088 -0.27678 -0.12053 -0.13113 0.24690 0.24988 -0.09907 0.13721 0.04901 0.43118 0.13510 -0.20616 -0.02877 -0.33920 0.12685 -0.17241 -0.00358 -0.28276 -0.09191 0.10113 0.23370 0.00076 -0.08207 -0.19023 -0.12451 -0.30885 -0.26345 -0.07481 -0.07940
0.31867 0.32517 -0.15127 0.34674 -0.13095 0.16720 -0.37873 -0.20912 0.22766 0.16220 -0.17853 0.25291 0.10347 -0.24937 0.15290 -0.11210 -0.06498 -0.15137 -0.40329 0.11961 0.07160 -0.00912 0.39083 -0.22587 -0.14033 -0.01984 -0.11248 0.34425 0.31738 0.04793 -0.11755 -0.08698 -0.01719 -0.00051 0.05573 0.24884 0.28030 -0.48101 0.01570 -0.14216
-0.28768 0.17529 -0.19852 0.17653 -0.22740 0.11191 0.08855 0.07475 -0.01219 -0.00092 0.19326 -0.03450 -0.21226 -0.28384 0.09146 -0.31445 0.29461 0.11599 -0.22317 -0.08810 -0.02322 -0.20462 -0.02510 -0.13342 0.03839 0.39396 -0.08194 0.32306 0.17715 -0.08460 -0.18613 -0.17446 0.19628 -0.05630 0.06868 -0.20467 -0.17037 0.32743 -0.12082 -0.14534
-0.17378 0.24928 -0.29448 -0.38450 0.29915 0.17255 -0.10446 0.25641 -0.27357 -0.09482 -0.27516 0.21863 -0.31592 -0.15551 0.16731 0.08853 -0.31382 -0.11294 0.14837 -0.08353 0.27591 -0.39849 0.07866 -0.26165 0.14871 0.24792 -0.02294 0.16960 -0.04807 -0.05566 -0.18516 0.22770 0.31138 0.01143 -0.19241 -0.28259 -0.09345 0.00896 0.21610 0.22522
-0.00583 -0.15098 -0.27911 -0.22998 -0.21028 -0.07966 -0.22760 -0.15431 -0.27649 0.00513 0.01517 -0.00633 -0.16848 0.08097 -0.03829 0.02071 -0.00191 -0.15030 -0.25840 0.06552 -0.25340 -0.12725 -0.04237 0.04625 0.21560 0.26823 0.14672 -0.16442 -0.16908 0.10741 0.12670 0.13189 0.15947 0.21147 0.04853 0.10268 0.10841 -0.05443 -0.01291 -0.14505
-0.01099 0.02615 0.07200 -0.11530 0.03660 0.11449 -0.27224 0.15933 -0.20138 -0.18665 -0.26247 0.07765 -0.13275 0.21644 0.10688 0.16401 -0.14087 0.14268 -0.03287 0.11336 0.12997 -0.33016 -0.14858 0.12125 -0.09500 0.24178 -0.05728 -0.21606 0.13684 0.03643 0.18994 -0.08062 0.19910 0.08964 0.03715 -0.07172 -0.12049 0.13782 -0.07338 -0.14249
-0.35157 -0.02133 0.26233 -0.06252 -0.18650 0.29582 -0.39033 -0.14605 -0.18734 0.01680 0.27903 0.27536 -0.28584 0.17996 0.09973 -0.19379 -0.01798 -0.25968 -0.25555 0.08113 0.28756 0.07528 0.18798 -0.27607 0.28274 0.32670 -0.22965 0.20372 -0.20360 -0.02008 0.10310 0.05510 0.10884 0.32037 -0.13658 -0.10484 0.22204 0.22438 0.03794 -0.33204
0.27713 -0.25213 -0.29064 0.01628 0.06965 0.10770 -0.18785 -0.13433 0.15153 -0.27536 -0.17337 -0.10809 -0.31268 -0.20309 0.04756 0.16140 0.11800 -0.07793 0.12590 0.12595 0.34157 -0.14978 0.28047 -0.10414 -0.06368 0.19990 -0.01770 0.08431 0.06314 0.35312 -0.17004 -0.01615 -0.20540 0.27767 0.13117 -0.22088 -0.04974 -0.01448 0.01217 -0.15178
-0.30539 -0.33881 0.22571 -0.15957 -0.01784 -0.20497 -0.16428 -0.00715 -0.24729 -0.04104 0.22366 0.21220 -0.01174 -0.25449 0.32328 -0.03122 0.15419 -0.25846 0.01751 0.07417 0.37302 -0.12593 0.31330 -0.16722 -0.12988 -0.26112 -0.16243 -0.20330 0.07763 0.08318 0.14035 -0.18526 -0.26763 0.00966 -0.34490 0.21069 -0.00283 0.15878 -0.25146 0.07508
0.15176 -0.29414 -0.24998 -0.25760 -0.08334 -0.23516 0.02114 0.15432 -0.22155 0.27423 0.28545 -0.32281 0.19517 0.18105 -0.11000 -0.13716 0.22735 -0.20989 -0.20210 0.12893 0.20113 0.30797 -0.28118 0.20170 0.21139 0.06779 0.29681 -0.01061 0.05820 -0.27637 -0.06433 -0.00920 -0.21604 0.05891 -0.03800 -0.22781 0.26481 -0.21216 0.21804 0.21245
0.12669 -0.07401 -0.12937 -0.13358 -0.12271 0.00816 -0.15983 -0.09437 0.26358 -0.10369 0.02625 -0.16263 -0.28790 0.17083 0.05758 -0.07172 -0.20696 0.14287 -0.11828 0.23514 0.26931 0.09838 0.01918 -0.16468 -0.09844 -0.00371 0.09208 -0.06214 -0.11348 0.02374 0.15435 0.17067 0.02556 0.26131 0.14269 0.06347 -0.32556 0.07596 0.28281 0.07706
-0.16687 -0.22114 -0.00646 -0.31229 -0.19565 -0.00843 -0.20188 -0.02713 -0.33243 -0.28516 0.42684 0.12149 0.01817 0.02976 -0.08672 0.10269 -0.11845 0.05227 0.20443 -0.30063 0.39220 -0.27912 0.23328 0.06966 -0.23739 -0.33601 -0.33857 -0.13446 0.33410 0.22133 0.43307 -0.00524 0.07421 0.03964 -0.32042 0.28198 0.16623 0.24301 -0.10341 -0.18284
0.10265 0.06128 -0.26244 -0.21954 0.18321 0.17274 -0.35103 0.08434 -0.35669 -0.06697 -0.18274 0.07523 -0.07351 -0.29244 0.07695 -0.25323 -0.16590 -0.08772 0.00089 0.28723 -0.10774 -0.11623 -0.03244 0.06031 -0.07997 0.18960 -0.14358 -0.10926 -0.15940 0.01371 0.07886 -0.16566 0.08928 0.11304 0.15070 -0.00091 -0.37856 -0.04968 0.07239 -0.03111
0.05388 -0.38388 0.06996 -0.06484 -0.07411 0.36478 0.22890 -0.00217 0.10256 -0.39285 0.09577 0.04774 -0.23278 -0.04024 0.30234 -0.07149 -0.18016 0.30010 0.22534 -0.29566 -0.16893 0.28695 0.08794 -0.03955 -0.38614 -0.23639 0.12612 -0.07931 -0.34474 -0.22672 -0.03527 -0.25912 -0.18552 0.07107 0.25954 0.08034 -0.04009 -0.01660 0.07498 0.22638
0.24205 -0.24459 0.23941 -0.33021 0.30112 0.21915 0.34935 0.05828 -0.23051 0.38113 0.28027 0.07357 -0.03994 0.48517 -0.20058 0.29027 -0.14000 0.24836 -0.16237 -0.20934 -0.00215 0.09084 0.12442 0.27041 -0.30764 -0.10306 0.29677 -0.21465 -0.38337 -0.29593 0.20034 0.27548 -0.29195 0.09234 0.17256 -0.15539 -0.19306 -0.01453 0.14402 -0.09115
-0.04634 -0.01773 0.17194 0.02930 -0.13596 -0.09680 0.15124 -0.14500 -0.08298 -0.00235 -0.08152 -0.20740 0.13166 -0.33568 0.08186 -0.31885 -0.27841 0.15742 -0.02830 0.10627 0.03160 -0.08067 -0.18560 -0.08861 -0.24106 0.00172 -0.04035 -0.07440 -0.28987 0.23394 -0.18792 -0.27427 -0.29116 0.03853 0.35801 -0.00594 0.19215 -0.10635 -0.34088 0.19117
0.31928 -0.27924 0.40023 -0.37265 0.20455 0.29503 0.09759 0.11044 -0.01432 0.13427 -0.23862 -0.36713 -0.30468 0.05865 0.19444 -0.21648 -0.15992 -0.31536 0.31204 -0.07978 0.02587 -0.28472 0.26085 -0.01767 -0.28025 -0.28047 0.07007 -0.01442 -0.12260 -0.03102 0.38121 -0.22927 -0.08291 0.44196 0.10990 -0.20614 0.02869 -0.25742 -0.00074 -0.16811
-0.21340 0.37942 0.14664 0.27998 -0.03869 -0.33595 -0.06565 0.19344 0.05219 -0.19393 0.27317 -0.05577 0.24657 -0.12201 0.06600 0.24068 -0.20776 -0.23750 0.33450 -0.33450 -0.36599 0.17737 0.33074 0.19261 -0.15122 -0.23163 0.11214 -0.24793 -0.22005 -0.20730 0.37072 0.18922 0.25364 0.07055 -0.27779 -0.07619 -0.30085 0.16553 0.04476 -0.13770
-0.22225 -0.36797 0.00112 0.00349 -0.12903 0.21257 0.18127 -0.26485 -0.04547 -0.32988 -0.14732 0.18527 -0.15993 -0.14110 0.06439 0.20116 0.06869 0.31753 -0.11855 -0.30733 -0.16956 -0.12922 -0.15508 0.10773 -0.25517 -0.27752 0.17756 -0.11410 -0.27081 -0.18419 0.11936 -0.04592 -0.35079 -0.11097 0.05128 -0.13252 0.15143 -0.30582 0.16033 0.13508
0.09138 -0.37405 0.02061 -0.21590 0.30789 0.15033 -0.09573 0.27701 -0.08782 0.10377 -0.02145 0.25828 0.03023 -0.03917 -0.06585 -0.08972 -0.20768 -0.19373 0.03520 0.23969 -0.17346 0.00078 -0.37020 -0.13625 0.09154 0.03591 -0.31839 -0.18323 0.06841 0.01593 -0.01740 0.09008 -0.03097 0.13749 0.22575 -0.15288 0.12024 -0.27497 -0.00467 -0.01838
-0.07563 -0.15984 -0.20334 0.10233 0.39567 0.14073 -0.05344 -0.43369 -0.02974 -0.25963 0.24681 0.25772 -0.24697 0.00759 -0.17783 -0.40264 0.06756 -0.19127 -0.13478 -0.14012 0.09952 0.19232 0.17269 0.12373 0.25102 0.14659 -0.30106 0.21356 -0.23779 0.28949 0.08696 -0.26966 0.15170 -0.21847 0.20941 -0.18464 0.14732 -0.29224 0.43575 0.25440
0.12553 0.03490 0.17042 -0.14801 0.06061 0.14434 0.36724 0.37691 0.23029 -0.50559 0.08933 -0.14136 0.11090 0.26811 -0.38245 0.26469 -0.27478 -0.00328 -0.12491 -0.34519 -0.41563 -0.42868 -0.28886 0.01915 -0.31637 -0.41878 -0.31805 0.36994 0.06098 0.14086 0.03704 -0.29092 0.00264 0.24066 0.22767 -0.10879 0.10145 -0.38333 0.20493 0.35411
-0.29552 0.00997 -0.10305 0.14957 -0.29993 0.01247 0.21087 0.19819 -0.02289 0.46447 0.34682 -0.33480 0.02329 -0.27492 -0.34507 -0.14292 0.00130 0.32195 0.25467 -0.00411 -0.22190 0.27523 -0.34026 0.31245 0.40892 -0.15164 0.17066 0.18096 -0.29349 0.14724 -0.11502 0.10392 0.20060 -0.06967 0.15625 0.40755 -0.44161 0.12789 0.16657 0.20415
-0.07737 -0.17269 -0.07744 -0.01927 0.11633 -0.22218 0.11461 -0.33937 0.02007 0.24887 0.11230 -0.16081 -0.16743 0.04846 -0.06595 0.35052 -0.26480 -0.12009 -0.29013 0.21908 -0.18332 -0.14263 0.41841 0.07898 0.03211 0.36597 0.18478 -0.03304 0.05160 0.20351 -0.18813 -0.29768 -0.47064 -0.24303 0.02152 -0.22444 -0.06767 0.10621 0.02535 0.26844
-0.15202 -0.18356 0.20408 -0.03349 -0.08426 -0.26339 -0.28494 -0.30000 0.32470 0.39694 -0.02467 0.08275 -0.21131 0.05982 -0.00859 0.26452 -0.24238 0.23007 0.10549 0.01791 0.15350 0.19540 0.15292 -0.21156 0.06966 0.46398 0.00330 0.20063 -0.01239 -0.01216 0.04083 -0.26631 -0.25368 -0.21007 0.21131 0.25985 0.10253 0.08764 -0.04456 0.30207
0.35841 -0.00761 0.10947 -0.29748 0.28275 0.15372 0.14924 -0.08193 0.06345 -0.12403 -0.14266 0.34012 0.07573 0.28650 -0.08793 -0.18598 -0.27956 0.23905 0.22823 -0.23141 -0.14724 -0.26867 0.36890 0.01486 0.15825 0.10370 -0.24273 -0.03411 -0.01629 0.33285 -0.21893 -0.03542 0.26981 0.21898 0.19508 -0.07857 -0.24348 0.25150 0.05009 0.28903
-0.16513 -0.20084 -0.06844 -0.23462 0.16882 0.43840 0.17589 0.01329 -0.17718 0.10011 0.10797 0.09971 -0.38971 -0.07255 0.15732 -0.22107 0.22402 0.40957 -0.21894 -0.23102 -0.14157 0.00413 -0.09206 0.22971 0.13771 -0.19059 0.09794 0.08704 0.11302 0.22583 0.07984 0.11247 -0.37095 -0.35429 -0.02793 0.12323 0.15468 0.20589 -0.21463 -0.23768
-0.14174 -0.06263 0.26857 0.24227 0.22860 0.34210 0.09206 0.45324 0.02258 -0.28873 0.14793 0.25485 0.11457 0.04762 -0.01841 -0.24114 -0.06419 -0.23652 -0.32804 0.30876 0.28980 -0.27159 -0.06874 -0.00214 0.29802 0.26543 -0.28656 -0.04485 -0.15226 0.16496 -0.01664 -0.00891 0.29479 0.04941 0.10604 0.25915 -0.08491 0.31085 0.33627 0.02472
-0.20990 0.25948 0.26959 0.29072 -0.12175 -0.41728 -0.28419 -0.19979 0.10676 0.06634 0.16255 -0.40106 -0.01758 -0.29169 -0.25248 0.39906 0.10503 -0.16048 0.16356 -0.03084 -0.24317 -0.27705 -0.31802 -0.00486 -0.05343 0.30413 0.03754 -0.23144 -0.34197 -0.11108 -0.29578 -0.16898 -0.33309 0.02619 -0.47599 -0.34216 0.00799 -0.27642 -0.05977 0.19743
-0.27002 -0.12049 -0.12272 0.22643 -0.01941 0.44836 0.14131 0.26053 -0.31349 0.14327 -0.14921 0.15890 0.06770 -0.17824 -0.43964 -0.22149 0.35291 -0.42677 -0.06121 -0.40210 0.11638 0.13605 -0.13342 -0.17714 0.46675 0.17069 -0.23420 -0.28495 -0.35887 0.22267 0.06545 0.29910 -0.08822 -0.16556 -0.28089 -0.41518 -0.15967 0.27033 0.50412 0.17419
-0.07082 0.18180 -0.22827 0.23673 0.22814 0.21925 -0.26607 -0.26182 0.35340 -0.09028 0.05252 0.22253 0.11232 -0.03080 -0.09681 -0.14188 -0.17267 0.34951 -0.33676 0.16049 0.29672 -0.24517 0.02458 0.24544 -0.20242 -0.27178 0.22612 0.24153 -0.05171 0.38283 -0.06147 0.06355 0.22591 0.03485 -0.20667 -0.05500 0.30909 -0.18945 0.41953 0.23343
-0.37277 0.02233 0.04959 -0.16319 -0.18318 -0.18363 0.30416 -0.23051 0.27116 0.07951 0.30778 0.02905 -0.25293 -0.29210 0.00041 -0.08094 0.01319 0.30520 0.20770 -0.28141 -0.04854 0.05768 -0.07722 0.11365 -0.18319 0.32355 0.36227 -0.11865 0.07190 0.11025 0.03429 0.15058 0.35258 0.40118 0.03296 0.21005 0.14848 0.33544 -0.11265 -0.16852
0.11189 -0.09580 -0.09353 0.39309 0.05565 0.43298 0.07142 -0.31840 0.42597 0.27286 -0.13461 0.16024 0.12557 0.20570 -0.12304 0.26321 0.02682 0.27948 -0.22893 0.32244 -0.13655 0.16153 -0.30488 0.44510 -0.35238 0.34963 -0.02708 0.26470 0.10783 0.05566 -0.28578 0.18543 0.00418 -0.31377 -0.29143 -0.37574 -0.20602 0.01121 -0.17558 0.28380
0.22863 0.20596 0.07871 -0.20620 -0.01931 0.24576 0.07990 -0.17880 -0.04198 0.18607 -0.25680 -0.01105 -0.05184 0.00778 0.19773 0.11918 -0.00410 0.26458 0.26490 0.18224 0.11295 -0.19967 -0.26422 -0.19196 -0.04445 -0.00787 0.34115 -0.09413 -0.22812 -0.11929 0.04581 -0.18657 0.27041 -0.10450 0.05112 0.12520 -0.22784 0.13993 0.18811 -0.07067
-0.03768 0.01651 0.16029 0.05976 0.20717 0.19785 -0.20780 -0.19566 -0.35590 0.11380 -0.08697 -0.14412 -0.27503 -0.17994 0.08570 -0.23015 0.16548 -0.09665 -0.15333 0.16761 -0.07266 -0.07841 0.49017 0.33668 0.17026 -0.10120 -0.36571 0.29155 0.05461 0.28262 0.19660 -0.13400 0.08175 0.16181 0.15086 0.14139 0.27500 0.14342 0.11673 -0.43698
-0.02295 -0.39420 -0.22785 0.24403 0.31791 0.42178 -0.15224 -0.10634 0.23555 -0.40183 0.22533 0.01699 0.00753 -0.07133 0.03059 0.09804 0.15815 0.18685 0.43438 -0.41742 0.31186 -0.08875 -0.03235 -0.02059 -0.30754 -0.12915 -0.06093 0.10192 0.22287 0.40523 -0.07912 0.47713 -0.42814 0.03757 0.19899 -0.21809 -0.35890 -0.39701 -0.03147 -0.14013
0.03100 -0.17944 -0.27308 -0.09767 0.18484 0.09974 0.12408 0.27043 -0.25351 -0.10806 0.25540 0.19708 0.19588 0.14623 -0.06162 0.16554 -0.10321 -0.24353 0.22933 0.06867 0.24306 0.06109 0.10585 0.35340 0.07540 0.29589 0.21561 -0.07486 -0.25326 -0.23927 0.27746 0.01791 -0.10579 -0.03750 -0.07863 -0.02526 -0.07717 -0.16316 -0.01221 0.18163
-0.00108 -0.15439 -0.28102 -0.00858 -0.15925 -0.09237 0.07765 0.19785 -0.36705 -0.22694 0.14380 0.33919 0.39296 0.13268 -0.25448 0.35519 -0.01737 0.01561 0.18346 -0.07756 0.22743 -0.26735 -0.00618 0.41467 0.12416 0.16271 0.09947 0.28325 -0.08755 -0.04437 0.32676 -0.04351 -0.04742 -0.03605 -0.22847 -0.08208 0.12501 -0.07567 -0.19973 0.24894
0.07881 -0.33200 -0.19174 0.08565 0.19342 0.16625 -0.01281 0.06018 0.21421 0.13579 -0.22870 0.22202 0.25674 0.09104 -0.25298 -0.21024 -0.21194 0.13667 0.11373 -0.26158 0.11964 -0.24756 -0.19711 0.24857 -0.33594 -0.27057 -0.34386 0.40497 0.35483 0.04921 0.02782 0.04924 0.25671 -0.16669 -0.25493 0.27493 -0.11369 -0.26452 0.16484 -0.31822
0.13382 -0.06968 0.17058 -0.08782 -0.19453 -0.10849 0.28950 -0.04271 0.17351 -0.24718 0.29281 -0.23878 0.02086 0.18906 -0.02454 0.20961 0.39685 0.11080 0.11140 0.06946 -0.15402 -0.20763 -0.08139 -0.13055 -0.05879 -0.37583 0.17216 -0.12310 0.20082 -0.38542 -0.12845 0.32993 -0.10596 -0.03192 -0.05321 -0.07388 -0.28326 0.21487 -0.22556 -0.04341
-0.09597 -0.29265 0.22463 -0.20178 -0.13994 0.35415 0.04085 -0.10743 0.16388 0.15747 0.07006 0.12651 -0.08598 -0.16623 0.00796 -0.12831 0.18530 -0.13955 -0.18419 -0.04976 0.18075 -0.08205 -0.23589 0.05381 0.27411 0.16706 0.16607 -0.22141 0.29861 -0.08052 -0.03865 0.23688 -0.40693 -0.39712 0.08623 0.01114 0.26117 0.02727 -0.22462 -0.29031
-0.17987 0.03329 0.19836 0.22338 0.06269 -0.20504 0.17840 0.01640 0.23829 -0.01257 0.03330 -0.28498 0.17893 -0.24996 0.21611 -0.20557 -0.24049 0.22359 0.12222 0.32778 0.07006 0.03932 -0.07888 0.10505 -0.10593 0.17880 0.07779 -0.07663 0.00625 0.39734 0.40828 0.25311 0.05879 -0.22571 0.02971 0.13898 -0.29954 0.19579 0.00586 0.25117
0.23620 0.21857 -0.18031 -0.13390 -0.15355 0.28606 -0.30703 -0.06856 0.35639 0.14796 -0.08894 -0.33859 0.30623 -0.06230 -0.27791 0.17885 -0.38999 -0.07296 -0.24648 -0.30145 0.22927 0.22258 0.19440 0.26507 0.17197 0.40278 -0.07937 0.36038 0.05209 -0.26410 0.07228 0.37777 0.18986 -0.02435 0.07249 0.29787 -0.32022 0.11470 -0.34867 -0.00966
-0.28216 -0.40063 -0.00617 -0.42931 -0.05765 0.20301 0.10668 -0.22037 -0.26550 0.18201 0.15752 0.26898 -0.27825 0.15403 0.37790 -0.22343 0.11882 -0.27661 0.06290 -0.21476 -0.16951 0.26477 -0.06024 -0.04589 0.07661 -0.27349 -0.31678 0.02175 -0.00093 0.17769 0.06315 -0.04785 -0.01334 0.02751 -0.38305 0.15505 -0.12067 -0.03967 -0.10117 -0.04929
0.11054 -0.21522 -0.20839 -0.17547 0.33131 0.01339 0.21510 -0.25488 -0.01612 0.22150 0.07396 0.10634 -0.03066 0.34176 -0.18239 -0.34412 -0.07329 -0.00413 -0.01451 0.15334 0.22947 -0.09482 0.08550 -0.17717 -0.38412 0.00466 -0.26734 0.21720 -0.28287 -0.19392 0.11310 0.02714 0.21044 0.06817 0.31254 -0.08629 0.00035 0.09847 0.39067 -0.27493
0.13323 -0.24310 0.36078 0.03493 -0.02574 -0.29042 0.22780 0.21688 -0.17736 0.14110 -0.06847 0.28708 0.39988 -0.05048 0.29380 0.35147 -0.00681 0.14707 0.08158 -0.08203 -0.24176 0.07211 0.06747 0.01693 0.21919 -0.05655 0.20693 -0.27425 0.21761 -0.39510 -0.11504 0.10861 0.40576 -0.31350 0.09460 -0.25576 -0.27814 0.10480 -0.10020 -0.25498
-0.37570 0.00950 -0.42290 -0.06057 0.12932 -0.07725 -0.47223 0.11509 -0.03708 -0.08732 -0.31290 -0.30115 0.39365 0.30319 -0.36364 0.19757 -0.11950 -0.00426 0.01950 0.34643 -0.29426 -0.11813 0.04512 0.09898 -0.22663 -0.08097 0.14326 -0.00137 0.46096 -0.34942 0.13305 -0.36987 -0.29512 0.31270 0.09982 -0.17947 -0.42906 -0.32975 0.31450 0.06703
-0.10695 -0.14627 0.24453 0.09320 -0.08935 -0.17733 -0.07650 0.03655 -0.29298 -0.20637 -0.20634 0.00690 0.20590 -0.00066 0.02758 -0.04252 -0.02282 -0.04525 0.32692 0.14326 -0.20903 0.23084 0.02449 -0.28211 -0.13493 0.02455 0.14295 0.16637 -0.05615 0.26235 -0.18176 0.31521 0.31047 -0.14760 0.30163 -0.14623 -0.04865 0.20934 0.19912 0.03755
0.31556 -0.11543 0.05181 -0.12410 -0.25970 0.07534 0.11342 0.11799 0.15087 0.32244 0.25982 -0.45571 -0.00770 0.34583 -0.22080 -0.06897 0.00479 0.11142 0.31478 -0.15749 -0.34735 0.00292 0.12803 0.20366 -0.21751 -0.30287 -0.33081 0.28852 0.25876 -0.13242 -0.44535 -0.40773 -0.24583 -0.03863 0.24963 -0.13407 0.08516 0.13173 -0.16705 0.22154
0.23073 0.15714 -0.01171 -0.24935 0.33694 0.00521 -0.22376 -0.09090 0.00370 -0.27261 0.09657 0.09979 0.37568 -0.00236 -0.03831 -0.30040 -0.10930 -0.03750 -0.08709 0.09847 -0.10266 0.19098 0.24213 0.14006 -0.19520 0.03072 0.07992 -0.05872 0.29611 -0.17067 -0.02659 -0.24469 -0.27015 -0.05538 -0.07773 -0.06033 0.23438 0.28413 -0.40882 -0.07824
0.33058 0.06930 0.33207 -0.12360 -0.25535 -0.36398 -0.11829 0.21514 -0.23241 0.12232 -0.20853 0.21307 0.29908 -0.05117 0.07776 0.36694 0.22303 0.33390 -0.20154 -0.17042 -0.35033 0.22423 0.12330 -0.22466 0.07041 -0.24493 0.16765 0.06856 -0.16270 -0.34425 -0.19697 0.05795 0.26698 -0.25302 -0.28667 -0.45701 -0.07376 -0.02742 0.10528 -0.32926
0.20347 -0.16115 0.01218 0.19418 0.06627 0.28215 0.04592 -0.03269 -0.05077 -0.05500 0.23228 -0.31735 0.08038 -0.01674 -0.23205 -0.26414 -0.45090 0.14426 -0.21279 -0.03934 0.16282 -0.04484 0.01211 0.25397 0.22266 -0.36258 0.11706 0.27589 0.13649 -0.25930 -0.03176 -0.15855 -0.22444 -0.28396 0.14869 -0.06205 0.22657 -0.04145 -0.14874 0.33297
-0.11202 0.08793 -0.12100 -0.04631 0.15460 -0.12976 -0.30241 0.37265 0.24109 0.21688 0.29173 0.05129 0.03990 -0.26493 -0.05792 -0.05316 -0.25958 0.09435 0.16010 -0.37825 0.13245 -0.35031 0.10740 -0.26363 0.12641 0.21176 -0.26970 -0.01162 0.18737 -0.07372 -0.41224 -0.34011 0.25161 0.19748 -0.14653 0.16071 -0.09380 -0.07828 -0.24477 0.08614
-0.43403 -0.19159 0.23394 0.12324 -0.06352 0.11216 -0.19415 -0.10739 -0.31114 -0.00730 -0.15510 0.25245 -0.16430 -0.23604 0.16520 -0.23006 -0.32313 -0.14842 -0.05815 0.35188 0.02122 -0.14289 0.41252 0.19462 0.18231 0.14031 -0.27169 0.05453 0.11682 0.19947 0.05370 -0.37356 0.17541 -0.30547 -0.22607 -0.13946 -0.27473 0.09319 0.02951 0.32702
0.33942 0.04232 0.08527 -0.26861 0.14223 0.25998 -0.15427 -0.12068 0.27538 0.27433 -0.29765 -0.04765 0.01548 0.22717 -0.38429 0.15092 -0.01752 0.00126 0.21271 -0.23322 -0.06035 0.28824 -0.35102 0.21797 0.03382 0.02620 0.13405 -0.02570 0.05611 -0.33290 -0.15170 -0.26233 -0.33495 -0.22744 0.28238 0.19201 -0.21632 -0.03172 0.15401 0.17990
-0.18495 0.27854 0.22708 0.10927 -0.27621 -0.32978 0.04397 -0.19486 0.21121 0.20931 -0.10271 -0.12025 -0.03280 0.36961 -0.11710 0.35414 0.16271 -0.34319 0.14622 -0.10988 -0.21254 -0.27942 0.07859 -0.37884 0.02384 -0.18642 -0.07051 0.10284 -0.21940 0.06468 -0.25099 -0.12629 0.02491 -0.33475 -0.00205 -0.10374 -0.37264 -0.07185 -0.10128 -0.10357
-0.14517 -0.13948 -0.04421 0.01937 -0.10246 -0.02126 -0.17853 0.23023 0.17165 0.20504 0.27335 -0.12515 -0.08721 -0.34541 0.12834 -0.09034 -0.16119 -0.10842 0.22478 -0.30958 -0.12187 -0.24052 -0.06764 -0.27684 -0.00307 0.04578 -0.17341 -0.05643 0.10756 -0.15750 -0.32764 -0.35330 0.02032 0.19101 -0.15334 0.06000 0.10241 -0.17054 -0.20475 0.12042
0.27229 -0.22363 0.19614 0.27098 -0.12167 -0.27054 0.13098 -0.26710 -0.37550 -0.13673 0.07873 -0.13509 0.10752 -0.38409 -0.29517 0.34480 -0.02011 0.19137 0.23842 -0.07170 0.00851 -0.18757 -0.33989 -0.08823 -0.28499 0.16415 0.28217 0.11960 0.01849 -0.26974 -0.23900 0.12461 0.37407 0.22501 -0.09246 -0.03190 -0.22748 0.29055 0.24342 -0.32016
0.23168 -0.08242 0.14976 0.05914 -0.14144 0.01703 0.33579 -0.00455 -0.07298 -0.22229 0.17452 0.03656 -0.21972 0.15014 0.26499 0.33820 0.22946 0.29157 -0.35498 -0.18974 0.23354 0.08573 0.15804 -0.33331 0.14013 -0.12386 0.11413 -0.35164 0.09985 -0.14324 0.11298 -0.18452 0.21554 -0.26186 0.00418 -0.24486 -0.20232 -0.11661 0.01002 -0.26897
0.05937 0.05842 0.03750 -0.08678 0.17566 -0.35484 -0.17096 -0.14353 -0.13650 0.30547 -0.03822 -0.20990 0.20585 0.18653 -0.09299 0.28231 0.03528 -0.22768 0.29147 0.03820 -0.05617 -0.10569 -0.12891 0.30491 -0.15715 -0.01459 -0.13320 -0.32357 -0.11795 -0.08434 -0.21423 0.09647 -0.18263 -0.36006 0.02725 -0.13386 -0.06100 -0.31892 -0.17249 -0.21442
-0.18579 -0.15620 0.06500 -0.43130 -0.28567 0.01598 0.19154 0.02811 -0.04907 0.19347 0.27688 0.33419 -0.24257 0.31571 0.43558 -0.40064 0.13726 -0.15423 0.29871 -0.33754 0.20092 0.03464 0.29312 0.22593 0.04464 -0.03153 -0.28437 0.20764 0.29871 -0.21397 0.00977 0.29727 0.12124 0.27681 -0.38474 0.04951 -0.09501 -0.13613 -0.12124 0.13181
-0.17646 -0.42786 0.11140 -0.16472 -0.09681 0.00697 -0.05328 -0.02695 0.04397 -0.24635 -0.07057 -0.03489 -0.11371 0.16545 0.24096 0.19568 -0.20412 0.32484 0.08541 -0.30829 0.07027 -0.21192 -0.16080 0.13263 -0.24287 0.03683 0.16095 -0.16558 -0.28261 -0.32603 -0.06817 -0.08101 0.14910 -0.05516 0.23945 0.12632 -0.15476 -0.28739 -0.15584 0.24861
-0.11276 -0.27081 0.24339 -0.02237 -0.28852 -0.19001 0.26773 -0.23753 -0.28842 -0.24144 0.34407 -0.21661 0.28049 0.06272 0.15759 0.24772 -0.01467 -0.07125 0.12203 0.19438 -0.18277 0.00609 -0.33178 0.07631 0.02686 -0.37879 0.34332 0.16878 -0.22130 -0.41258 -0.26891 -0.05647 -0.25006 -0.31268 0.36606 -0.29149 -0.03451 0.24973 -0.11528 0.21223
0.29260 0.20298 -0.15201 0.21926 -0.03468 -0.15538 -0.13418 0.12043 0.10897 -0.35154 -0.22262 -0.25739 -0.10349 -0.15501 0.18370 -0.03129 0.00669 0.32831 0.09423 -0.21024 -0.30728 -0.26713 -0.09394 -0.27733 0.15980 0.11875 0.09048 -0.16673 0.03849 -0.30325 0.13331 -0.11055 0.22242 -0.23530 0.25974 -0.19933 0.35626 0.32540 0.06450 0.20271
