-0.09445 -0.01134 0.05977 -0.04472 -0.09224 0.03453 0.00794 -0.07194 -0.15947 0.18998 0.20984 -0.02114 0.04131 -0.03271 -0.15717 0.16366 0.05400 -0.21659 -0.10683 0.12793 0.17004 0.09596 0.01962 0.13238 0.00177 0.23635 -0.01173 0.07288 -0.22580 0.36215 -0.03238 0.03127 -0.16118 0.03964 0.01092 -0.01752 -0.10634 0.03197 0.06835 0.12909
0.09942 0.12817 -0.08028 -0.01543 0.12257 -0.15657 0.19034 0.16742 -0.00670 -0.05232 -0.19300 -0.20143 -0.10212 -0.04254 -0.14878 -0.24606 -0.13247 0.08163 -0.08785 0.08634 -0.12420 -0.00853 0.16066 -0.34436 -0.07558 0.20127 0.09824 0.02934 -0.03934 -0.16961 0.23653 -0.24376 -0.02320 -0.00130 -0.09506 0.06404 0.01226 0.16546 -0.04984 0.04551
0.04022 0.04321 -0.00467 0.03334 0.02570 0.00370 -0.04587 -0.12751 -0.03595 0.12249 -0.12273 -0.00860 0.05594 0.06730 -0.03810 -0.03581 -0.21643 -0.25803 -0.15463 0.14048 -0.15287 0.03910 0.23579 -0.16593 0.06674 0.20136 0.01224 -0.14730 -0.21697 0.30148 0.03745 0.18841 0.00412 0.23304 0.07641 0.25002 0.03959 0.06250 -0.21516 0.19430
-0.05010 0.07605 0.04403 0.04931 0.15741 -0.13673 -0.03766 -0.04471 -0.04383 0.02829 -0.04064 -0.01534 0.04674 -0.11340 0.32606 -0.01702 0.16186 -0.00837 0.17144 0.10482 0.04079 -0.24364 0.06633 0.40625 0.18626 -0.09864 0.08437 -0.13120 -0.24195 0.08571 0.14921 -0.29787 0.02805 -0.21899 -0.00705 0.01636 0.14369 -0.02296 0.25015 0.00111
0.02835 0.04078 0.04117 0.03220 0.15794 -0.02034 0.05011 -0.07459 0.11241 -0.01711 0.01842 0.04386 0.18430 -0.16108 0.30004 -0.08562 0.07014 -0.08158 0.21924 0.00938 0.02337 -0.18148 -0.01125 0.36411 0.15451 -0.14407 0.13586 -0.13499 -0.17123 0.07686 0.16430 -0.09566 0.06760 -0.10747 -0.13596 -0.07108 0.10549 -0.07929 0.14555 -0.06489
0.03076 0.06356 0.05437 0.02879 0.15280 -0.03867 -0.10351 -0.09738 0.06509 0.04986 0.06173 -0.01801 0.05726 -0.20014 0.34575 -0.01512 0.03588 0.01446 0.21670 0.05138 0.09969 -0.18432 0.00422 0.50361 0.12771 -0.10267 0.08297 -0.12457 -0.24415 0.23530 0.16787 -0.19490 0.11998 -0.20553 -0.09033 -0.06176 0.07787 -0.02278 0.15743 -0.05696
0.34483 0.08990 0.18429 -0.06799 -0.06972 0.01125 -0.04334 0.19290 -0.02188 0.00800 -0.07601 0.07670 0.19142 0.01075 0.08537 0.14463 -0.02032 -0.12064 -0.15558 -0.30175 0.06886 -0.01385 -0.15594 -0.08029 -0.08041 0.11993 -0.02735 -0.02458 0.21613 0.00109 -0.00886 0.12148 0.05240 0.15942 -0.06786 -0.02666 -0.01904 -0.04246 -0.17314 0.12085
0.20201 0.23035 0.08388 0.04988 0.00604 0.02289 -0.10879 0.19461 0.08868 0.12971 0.01196 -0.07893 -0.02101 -0.15103 0.03798 0.16681 -0.01802 -0.27553 -0.00560 -0.32127 -0.10427 0.06390 -0.00909 -0.11164 -0.04151 0.17125 -0.11599 -0.07437 0.08212 0.08615 -0.13802 0.37596 -0.18927 0.07468 -0.02443 0.11794 0.06329 0.01199 -0.13749 -0.00629
0.02574 -0.03149 0.01566 0.02576 0.13222 -0.12188 -0.17655 -0.01160 0.02419 0.00935 0.02205 0.06413 -0.00668 -0.18010 0.38478 0.11462 0.04052 -0.05751 0.22722 0.07897 0.13029 -0.14466 0.01685 0.40760 0.12977 -0.03307 -0.02583 -0.00431 -0.24835 0.13240 0.05082 0.07281 -0.00682 -0.12065 0.01209 0.06175 0.13490 -0.02349 0.05940 0.00234
-0.06589 -0.02609 0.18195 0.16571 -0.26321 0.10824 0.07361 -0.05227 0.08250 -0.04955 0.19791 -0.05067 0.17196 0.13323 0.12371 0.00929 0.15515 -0.02124 -0.07590 0.00507 -0.16027 -0.17744 -0.02959 -0.05245 0.24932 -0.07895 0.18136 0.06832 -0.19434 0.14380 0.16428 -0.21859 -0.17101 -0.07195 0.00208 0.01456 0.07095 0.14757 0.14101 0.11864
-0.15437 -0.09966 -0.13822 0.03278 -0.26984 0.02926 -0.10726 -0.02191 -0.06319 -0.16871 -0.02590 -0.03828 -0.11397 -0.26781 0.03414 -0.06689 -0.16207 0.14741 -0.33307 0.19802 0.18387 -0.08350 0.01880 0.00237 0.17266 0.08751 0.00464 0.03989 0.02608 0.19003 -0.15385 0.13062 -0.18661 0.32954 0.19211 0.13641 -0.09209 0.18216 -0.14092 -0.27639
-0.15069 -0.10603 -0.09488 -0.01959 -0.28626 -0.07036 -0.11047 -0.06546 -0.00141 -0.28301 0.01455 -0.00693 -0.15892 -0.24404 0.06207 -0.19648 -0.12510 0.16975 -0.21258 0.14795 0.15463 -0.02597 -0.01297 0.05097 0.18664 0.10509 -0.00119 0.09948 0.02763 0.17828 -0.16728 -0.02721 -0.13626 0.21659 0.09272 0.07289 -0.05912 0.03612 -0.11667 -0.29177
-0.11222 -0.09829 0.09135 0.15011 0.10586 -0.06435 -0.03862 -0.14382 0.02160 0.03757 0.06077 0.03268 0.04566 -0.18398 0.32142 0.06792 0.18312 -0.17736 0.14371 0.05033 0.10447 -0.19768 0.04528 0.43965 0.10481 -0.02804 -0.02197 -0.14421 -0.26531 0.03444 0.14826 -0.11218 -0.04929 -0.10581 -0.08641 -0.02733 0.11773 0.06525 0.30827 0.07346
0.04719 -0.00580 0.02898 0.06427 0.01142 -0.10744 -0.07316 -0.05661 -0.03183 0.05667 0.05546 -0.08010 -0.00641 -0.06293 0.30190 -0.02320 0.07928 0.06320 0.12524 0.06663 0.08686 -0.15271 0.08902 0.38967 0.19713 0.01582 0.03001 -0.01392 -0.16715 0.09294 0.11708 -0.04207 -0.01040 -0.08364 -0.04510 -0.11021 0.13621 -0.03945 0.22017 0.08001
0.14233 -0.11827 -0.07165 0.00575 0.09386 -0.10303 -0.04020 -0.03237 -0.02186 0.11326 -0.02544 0.15893 -0.00568 -0.17226 0.25424 0.14854 0.11205 0.16740 0.40148 0.03694 0.04595 -0.08122 -0.05024 0.31507 0.16863 -0.08226 0.01923 -0.09331 -0.12331 0.15544 0.10807 -0.18292 0.02822 -0.04981 -0.19485 0.00047 0.14012 -0.09120 0.17860 -0.00049
-0.05030 -0.02651 0.08507 0.16132 0.00367 -0.08538 -0.07723 -0.14077 0.03113 0.05027 0.05274 -0.02959 0.12615 -0.12533 0.35809 0.03342 0.08018 -0.01926 0.10066 0.10661 -0.00729 -0.16821 -0.03094 0.39190 0.23303 -0.03356 0.05651 -0.13905 -0.28932 0.14950 0.07064 -0.20678 -0.04848 -0.16746 -0.09758 -0.06612 0.04758 0.07535 0.22652 -0.01228
0.18530 -0.25380 -0.02222 0.09681 0.02003 0.18858 0.08083 -0.06536 -0.17357 -0.10553 0.19227 -0.15980 0.00068 -0.12143 0.01441 -0.23272 -0.23360 -0.02634 0.05128 0.12229 0.11295 -0.21256 -0.04578 0.16247 -0.24961 0.14616 0.03679 0.32385 0.13689 0.12112 0.14045 0.20093 0.07242 -0.11047 -0.01625 -0.10823 -0.16530 -0.04700 0.05165 -0.18294
-0.00647 0.03383 -0.13214 0.12437 0.14851 0.12672 -0.12710 0.08912 0.12884 0.15436 0.14618 0.11767 0.00099 0.12783 -0.05587 0.05727 -0.24206 -0.02041 -0.00090 0.01236 0.17729 -0.00852 -0.37058 0.10043 -0.05712 -0.06570 -0.06123 0.01203 -0.07194 -0.07198 0.09019 0.08962 -0.08965 -0.03909 -0.07145 0.09854 0.12157 0.12258 -0.10148 -0.12246
-0.15185 -0.09193 -0.15214 -0.04863 -0.32818 -0.07046 -0.07220 -0.02562 -0.07609 -0.24945 -0.07341 -0.05767 -0.10923 -0.25889 -0.05614 -0.15708 -0.12279 0.20407 -0.36746 0.15914 0.14381 -0.06525 -0.02886 -0.02062 0.19651 0.10107 0.06659 0.00686 0.05414 0.11092 -0.21029 0.05091 -0.22248 0.26775 0.06369 0.05647 -0.14338 0.13124 -0.11997 -0.33695
0.04316 -0.10174 -0.04135 0.07526 0.18169 0.10160 0.03710 0.17031 0.02334 0.06994 0.01176 -0.04198 0.02158 0.03262 -0.08480 0.17946 0.00862 -0.20203 -0.15349 0.09657 0.05840 0.03956 0.03533 0.15500 0.06726 0.08209 0.22511 0.15167 -0.14494 -0.04290 0.03691 0.09717 -0.16570 0.16166 0.08289 0.17201 -0.03306 -0.08047 0.05503 -0.08310
0.08991 0.11845 -0.04127 -0.01210 0.02079 -0.05101 0.23790 0.09959 -0.05432 -0.02820 -0.15283 -0.18300 -0.09565 0.02353 -0.21476 -0.19607 -0.02932 0.01704 -0.18350 0.16886 -0.05473 -0.06150 0.15947 -0.27206 0.00190 0.22265 0.17262 0.06050 -0.06390 -0.16472 0.23569 -0.25780 -0.06556 -0.05743 -0.10808 0.03642 -0.05580 0.22523 -0.02318 0.05046
-0.04338 -0.04767 -0.20163 0.11186 0.16895 0.11255 -0.06051 0.10026 0.11353 0.06221 0.17854 0.07802 -0.08955 0.13618 -0.04365 0.06324 -0.18822 0.04051 -0.02423 -0.12647 0.18249 -0.04402 -0.36513 0.14405 -0.10504 -0.11713 -0.08640 0.05345 -0.02036 -0.17593 0.05435 0.02085 -0.04558 -0.03064 -0.07658 0.05455 0.12408 0.05805 0.01411 -0.14029
0.05323 0.08217 -0.11629 0.02710 0.05015 -0.01068 -0.05651 -0.11604 0.01293 0.17974 -0.00591 -0.04410 0.06482 -0.05749 -0.00022 0.01324 -0.25247 -0.20859 -0.14213 0.19226 -0.07352 0.20700 0.23496 -0.26312 -0.01647 0.14443 -0.00381 -0.08436 -0.16463 0.23638 0.06725 0.10334 0.09017 0.23733 0.14976 0.18156 -0.01396 0.13307 -0.20634 0.11740
0.17069 0.02635 0.28151 -0.00784 -0.21919 0.20315 0.06128 0.05562 0.08779 -0.08113 0.22027 -0.05734 0.01940 0.17316 -0.01429 -0.01019 0.15743 -0.16775 -0.00646 0.01612 0.07807 0.03472 0.07401 0.05240 -0.09244 -0.11818 -0.01375 0.21143 -0.15417 0.06256 -0.12204 -0.03289 0.18309 0.17060 0.01416 0.00494 -0.04528 0.06788 -0.23793 0.19507
-0.01253 -0.07154 -0.04607 0.16349 -0.04607 -0.15744 0.21182 -0.12388 -0.10607 0.12071 0.11708 -0.00650 -0.06296 -0.13092 -0.06735 -0.00714 -0.02756 0.05101 0.02339 0.11143 -0.15200 -0.10527 -0.00551 -0.14407 0.21467 -0.07163 0.34507 -0.09448 0.00553 0.17803 0.11485 0.18818 -0.13662 -0.15561 -0.14851 -0.09545 -0.10754 -0.07549 0.20261 0.10417
0.00111 -0.06652 0.03479 -0.02095 -0.00613 0.10574 -0.04621 -0.19126 -0.01789 0.11257 -0.08193 -0.00306 0.11383 0.06591 -0.01323 -0.08771 -0.17186 -0.21010 -0.11454 0.10711 -0.10160 0.07411 0.21784 -0.15043 0.03778 0.12596 0.02277 -0.15796 -0.20457 0.32626 0.03924 0.28586 0.10133 0.26037 0.16736 0.15728 0.01803 0.02611 -0.22040 0.12656
0.28376 -0.05296 0.27854 0.03492 -0.18544 0.17582 0.10154 0.06102 0.15380 -0.05102 0.18163 -0.00738 0.03828 0.18285 -0.04765 0.04640 0.24221 -0.23276 0.03726 0.01150 0.06060 0.08532 0.07083 0.02257 -0.17581 -0.10467 -0.01329 0.29271 -0.12668 0.04338 -0.10588 -0.01687 0.25451 0.17149 -0.09334 -0.03743 -0.09670 0.19863 -0.24784 0.23063
0.12093 -0.09955 -0.07329 -0.01066 -0.09420 -0.00558 -0.14244 -0.09975 0.10868 0.25639 -0.18486 0.13119 -0.09158 -0.05297 -0.22923 -0.22363 -0.20347 -0.20003 0.08087 0.27146 -0.02734 -0.23793 -0.02787 0.17149 0.22885 0.16629 -0.09346 0.06969 -0.25329 -0.15299 0.06955 0.18841 -0.22937 -0.10149 0.07080 -0.16924 0.08130 -0.03316 -0.20620 -0.19484
-0.05893 0.10273 0.09255 0.06222 -0.03369 -0.10448 -0.11733 -0.15457 -0.00499 0.02133 0.00234 -0.08818 0.21066 -0.16352 0.24272 -0.25999 0.09863 0.03637 0.24641 0.17690 -0.10223 -0.10363 0.13401 0.43723 0.25078 -0.01547 0.20752 -0.19492 -0.31953 0.07578 0.22542 -0.25296 0.00609 -0.24726 0.02859 0.12140 0.14169 0.03413 0.10960 -0.07841
0.15338 0.31443 -0.08755 0.00338 0.03714 -0.18501 -0.04500 0.03823 -0.00668 0.19809 0.00622 -0.06165 0.15474 -0.20114 0.03356 0.10010 -0.14755 -0.03951 -0.06173 -0.34610 0.06116 0.12259 -0.16378 -0.04870 -0.05194 0.17687 0.02955 -0.12128 0.31476 0.03956 -0.03253 0.17173 0.01609 -0.10615 -0.02831 0.07415 -0.02304 0.00073 -0.12745 0.15496
0.22033 0.26223 -0.03432 -0.09228 -0.04553 -0.03073 -0.02322 0.05831 0.03019 0.06966 -0.05500 -0.07177 0.10062 -0.24472 -0.04950 0.20668 -0.12702 -0.16701 -0.00526 -0.39742 0.07505 0.13764 -0.00098 -0.14170 -0.06007 0.11666 0.02422 -0.09033 0.20810 0.07309 -0.08412 0.34725 -0.11331 -0.14848 -0.00282 0.02752 0.01371 0.05380 0.09048 -0.05177
0.28750 0.30859 0.02176 0.03877 0.10123 -0.05076 0.00883 0.16391 -0.00545 0.13899 0.07923 -0.15154 0.05637 -0.17908 0.04327 0.22019 0.06520 -0.08739 0.08696 -0.31363 -0.13506 0.22640 -0.08145 -0.12897 -0.01525 0.16797 -0.06406 -0.04536 0.24530 0.14223 -0.08224 0.25738 -0.18156 -0.12916 -0.02837 -0.00418 0.03380 -0.00149 -0.16576 -0.11229
0.34100 0.13240 0.00557 -0.06350 -0.12377 -0.07639 -0.03014 0.09832 -0.08554 0.07391 -0.01867 -0.16445 0.11167 -0.03985 -0.13989 0.14074 -0.15617 -0.19584 -0.24307 -0.24687 -0.08257 0.03993 -0.01479 -0.14556 -0.00212 0.22158 -0.09300 -0.03707 0.12708 0.19508 -0.07198 0.25718 -0.13607 -0.00885 -0.07568 -0.07583 -0.03158 -0.07777 -0.06612 0.03715
-0.06926 0.00660 0.15022 0.09237 -0.11167 0.00927 -0.00211 0.07819 0.08391 0.19643 -0.05905 -0.06186 0.05095 0.04830 -0.12605 0.06427 -0.04500 0.11386 -0.06273 0.19379 0.00140 -0.23794 0.06072 0.18701 0.10115 0.09584 0.04369 -0.02983 -0.07808 0.10300 0.07646 0.01191 -0.09759 -0.04226 0.13454 -0.12247 0.14383 0.15793 -0.02519 0.18222
