0.24319 -0.05189 -0.05774 0.09567 -0.15621 0.12597 0.17494 -0.15483 0.12698 -0.00137 -0.08786 0.35288 -0.13107 0.15089 -0.04898 -0.01876 -0.09410 -0.02739 -0.11690 -0.08426 0.10936 0.20686 0.05959 0.14842 -0.04705 -0.10058 -0.17629 0.22721 0.01213 -0.28404 0.16026 -0.15555 -0.04756 0.18499 -0.08362 -0.27057 0.18744 0.07250 0.19884 0.14978
-0.34395 -0.07980 0.00459 -0.11250 0.03606 0.29624 0.14723 -0.19119 -0.01248 -0.13281 0.13843 0.30816 0.01465 -0.45281 -0.04186 0.03705 -0.09528 0.07755 0.13721 -0.07520 0.25593 -0.03560 -0.19162 0.18061 -0.16438 0.28394 -0.15540 -0.08791 -0.09226 -0.27135 -0.06481 -0.03113 -0.11623 0.06969 -0.00711 -0.18678 0.03856 -0.11239 -0.06771 -0.12077
-0.26416 0.07214 0.05882 -0.19219 0.09029 0.27926 0.04554 -0.07200 0.13715 -0.18203 0.10573 0.29991 0.00909 -0.35379 0.07939 0.09784 -0.03159 0.07533 -0.00626 -0.04944 0.26196 0.08852 -0.13658 0.19510 -0.21858 0.19421 -0.20010 -0.09636 -0.06772 -0.21791 -0.00986 -0.16926 -0.03352 -0.07061 0.00615 -0.02975 -0.03224 -0.01956 0.02964 -0.05311
-0.04458 -0.04527 -0.00907 0.28065 0.08396 0.07188 -0.11658 -0.31079 -0.12134 -0.10023 0.05468 0.25365 0.10664 -0.28055 0.01840 -0.34415 0.11340 0.14900 -0.16642 -0.19724 -0.01647 0.09424 -0.02695 -0.03186 0.04130 0.11909 0.07635 0.06760 0.02647 0.04248 0.12602 0.19959 0.10002 -0.11984 -0.17275 0.01193 0.11933 -0.13637 -0.06408 -0.01312
-0.28060 -0.03484 0.03513 -0.22196 0.10287 0.23575 0.07583 -0.17206 0.04851 -0.14501 0.08191 0.19840 0.03747 -0.28798 0.06790 0.00171 0.12947 -0.00404 0.08152 -0.00807 0.19520 -0.04762 -0.19847 0.19917 -0.18132 0.21636 -0.07413 -0.08434 0.03358 -0.27627 -0.01964 -0.14319 -0.15287 0.02810 0.10675 -0.14692 0.07586 0.02908 -0.17228 -0.08241
-0.31207 -0.12241 0.07064 -0.18675 0.03644 0.28220 0.06290 -0.30674 -0.00473 -0.07718 0.18630 0.17738 -0.14427 -0.33949 0.05204 0.08256 0.07673 0.04281 0.22927 -0.12760 0.23640 -0.13739 -0.16489 0.15942 -0.29635 0.27241 -0.18392 -0.12030 -0.01177 -0.29489 -0.04390 -0.07911 -0.07004 -0.03747 0.07498 -0.08979 -0.06607 -0.00075 -0.09590 0.03671
-0.06071 0.16244 -0.09487 0.03693 0.22628 0.06840 -0.25098 0.32981 -0.12302 0.15587 0.26426 0.01291 0.24004 0.14427 0.27384 -0.05453 0.06609 0.09955 -0.26548 -0.02666 0.16270 0.11815 0.29980 0.01695 -0.09210 -0.08987 -0.00581 -0.16987 0.07902 0.05111 -0.17999 -0.01599 -0.04235 -0.32216 -0.11090 -0.00795 -0.29253 -0.15137 -0.28104 0.20941
-0.31903 -0.01360 0.03492 -0.15112 0.11000 0.24922 0.01972 -0.11366 -0.02930 -0.14178 0.06561 0.20544 -0.09487 -0.34055 -0.00275 -0.06281 -0.20090 -0.13720 0.00057 0.03790 0.07735 -0.12860 -0.32321 0.23831 -0.12029 0.25410 -0.24371 0.03836 0.01010 -0.31643 -0.19056 -0.14002 0.01332 -0.05928 -0.06191 -0.25068 0.06088 -0.00825 0.00916 0.02728
-0.26592 0.28700 0.07800 0.01663 0.00036 0.18167 -0.01313 -0.07372 0.23853 -0.37964 -0.26046 -0.23193 -0.11512 0.07649 -0.25727 0.04757 -0.08506 -0.02716 -0.12727 -0.06255 -0.29333 0.04230 -0.07391 0.29633 -0.38851 -0.10242 0.05347 0.09089 0.00574 0.20664 -0.08765 -0.07752 -0.05973 -0.06072 -0.10197 -0.08856 -0.17963 -0.08041 0.26627 0.13246
-0.03678 0.08720 -0.02720 -0.04504 0.11828 -0.27885 0.20254 0.01274 -0.09913 -0.22287 -0.02129 0.04166 -0.37245 -0.00181 0.09282 0.32642 -0.05117 -0.05900 0.10879 0.11692 -0.06205 -0.00870 -0.08818 0.28253 0.24765 0.27045 0.30903 0.04132 0.07022 0.19309 0.08252 -0.18880 -0.21777 0.04740 0.09316 -0.05617 0.38898 -0.07447 -0.03380 0.16344
0.16233 -0.05111 -0.23273 0.05143 -0.05330 0.04038 -0.18922 -0.19720 -0.20736 0.10145 -0.01585 0.00958 -0.18177 -0.02206 0.05632 0.13160 -0.05898 -0.08628 -0.16110 -0.21821 0.26678 0.06468 0.14058 0.13143 0.06667 0.09358 -0.04704 -0.10990 -0.31975 -0.17303 0.15825 0.18328 0.07464 0.05183 0.12171 0.13429 -0.16779 0.07245 0.16391 -0.09402
-0.27958 0.15914 0.12820 0.46009 0.02198 -0.08535 -0.12629 0.09612 -0.20917 -0.20679 -0.27236 -0.30411 -0.15171 -0.06377 0.19944 -0.00614 0.11611 0.27910 -0.01415 -0.20715 -0.06898 -0.05766 0.20291 0.25812 -0.26459 -0.18225 0.02017 -0.35315 -0.21710 0.03716 0.36145 -0.18382 -0.07453 0.24612 -0.22784 -0.13356 -0.42514 -0.29804 0.25063 0.05151
-0.00741 0.24393 0.05987 0.09980 0.01874 0.05389 0.06753 0.32015 -0.21867 0.07518 0.24826 -0.05129 0.12366 0.11785 0.23918 -0.16498 -0.06725 0.06016 -0.14991 -0.10232 0.03628 -0.00138 0.32434 0.02981 -0.01670 -0.03637 0.03230 -0.15716 0.14445 0.19283 -0.04755 0.02772 0.07866 -0.30190 -0.07341 0.10076 -0.25386 -0.11680 -0.28035 0.18149
-0.00051 -0.09745 -0.00775 0.06608 0.13704 -0.17844 -0.30210 0.11548 0.02071 0.11360 -0.07441 -0.03351 -0.26747 -0.04177 -0.08325 -0.03613 0.27437 0.21355 -0.23606 -0.01203 -0.23791 -0.09036 0.11961 -0.17597 0.23947 0.01117 0.16443 -0.16781 0.25203 -0.21931 -0.17572 -0.20451 -0.32622 0.05358 -0.14462 0.07566 -0.06590 0.02550 0.31290 -0.25976
-0.14102 -0.03340 -0.05244 -0.09505 0.13897 -0.05024 -0.00822 -0.02110 -0.17451 0.18877 0.24231 0.01199 -0.08268 -0.36215 -0.22230 -0.18976 0.21538 -0.00761 0.04301 0.21602 0.12961 0.18229 0.25910 -0.06350 0.08550 -0.04681 -0.01328 0.01386 0.10291 -0.29109 0.02541 0.06963 -0.20166 0.20120 -0.20142 0.10397 0.19127 0.11546 0.10550 0.26457
-0.10116 -0.02052 -0.12528 -0.28016 -0.09159 -0.03785 0.16843 -0.04518 0.18227 0.26350 0.15327 -0.11217 0.21691 0.12513 0.05773 -0.07208 -0.03768 -0.26452 -0.09502 0.07707 -0.04613 0.10168 0.02366 -0.05152 -0.09775 -0.02306 0.02782 0.13331 0.23025 0.10255 -0.11336 -0.14624 -0.08564 -0.03890 0.01075 -0.09979 -0.12114 0.00081 0.37044 -0.24770
0.29841 0.10939 0.12490 -0.02953 -0.33626 0.10510 0.29522 0.21879 -0.03543 -0.09646 -0.17673 -0.30094 -0.15633 -0.28240 0.29959 -0.04622 0.20789 -0.08020 0.06851 0.19727 0.16715 -0.27550 -0.14226 -0.11982 -0.13233 0.11789 -0.09380 0.11059 0.26287 0.02770 -0.19622 0.04337 -0.25829 0.15618 -0.04673 0.13090 0.10600 0.06645 -0.19230 -0.30406
0.38927 0.33288 -0.33139 0.36188 0.19906 0.23670 -0.35582 0.16353 0.21706 -0.35859 0.35663 0.28357 -0.05537 0.12653 -0.07176 0.36412 -0.06834 -0.09137 -0.26707 0.36367 -0.03194 0.21942 0.37756 0.18422 -0.21018 0.10238 -0.26460 0.02196 -0.20695 -0.24328 0.05184 0.11794 0.18444 0.21935 -0.27805 -0.28952 -0.22565 0.25227 0.08209 -0.19570
0.00606 0.04715 0.01994 0.12604 0.19271 0.04754 -0.10480 0.22516 -0.22855 0.13600 0.15797 -0.05272 0.12225 0.09368 0.25013 -0.09535 0.07102 -0.02491 -0.20008 -0.13301 0.17397 0.11245 0.29128 0.03578 0.01219 -0.01020 0.03852 -0.16275 0.11433 0.15857 -0.03165 0.00210 0.04445 -0.21857 -0.12963 0.11925 -0.20916 -0.15910 -0.17753 0.04665
-0.09362 0.04476 0.08963 0.03892 -0.02414 0.13811 -0.17210 0.16901 -0.08986 -0.08958 -0.15479 0.03179 -0.16564 -0.06422 0.18802 -0.22021 -0.13162 0.10390 0.12148 -0.16439 0.10830 -0.01218 0.23644 -0.51126 0.00282 0.08080 -0.19807 0.20784 -0.36340 0.07339 -0.07275 0.08276 0.08543 0.23208 -0.18822 -0.08716 -0.03549 0.02622 0.20209 -0.23471
0.06402 -0.32182 -0.24160 0.08556 0.12659 0.03871 -0.22216 -0.19679 0.07856 0.09132 -0.37008 0.02513 -0.23342 0.18746 -0.05454 -0.29973 -0.01372 -0.11793 0.31464 0.15233 -0.15555 -0.20477 0.27906 0.04160 0.06128 0.19263 -0.22872 -0.18204 -0.30053 -0.19160 0.09681 0.12225 -0.05727 0.10527 -0.01337 -0.18599 -0.23985 -0.06876 0.34448 -0.09043
-0.33156 0.08501 -0.05476 -0.21887 0.07673 0.19144 0.05416 -0.13536 0.03165 -0.18313 0.15038 0.17178 -0.05294 -0.40067 0.03745 0.08818 0.01446 -0.03242 0.14342 0.01778 0.20581 -0.07285 -0.34279 0.11637 -0.09860 0.09803 -0.18489 0.06815 0.11078 -0.25828 -0.18737 -0.24922 -0.11896 -0.05703 0.05534 -0.04157 0.08536 -0.04983 -0.08283 -0.17200
0.17694 -0.10850 0.13110 -0.38657 -0.18862 -0.05006 0.17775 -0.15785 0.21599 -0.16580 -0.21071 -0.41316 0.27476 0.11445 0.27325 -0.16545 0.01713 -0.37149 0.08334 0.08446 0.18478 0.11183 -0.10190 -0.00567 -0.36175 0.21152 0.18291 0.29545 -0.39919 -0.01693 -0.30237 -0.22105 0.24351 -0.07139 -0.00057 -0.25691 0.26916 -0.07829 0.07154 -0.13959
0.19302 0.15113 -0.09985 -0.22345 0.10806 -0.30688 -0.07135 0.29798 0.18810 0.15140 -0.05471 0.43062 0.20778 -0.07128 -0.34527 0.03767 0.16371 -0.31851 -0.17512 -0.00159 0.00512 -0.15465 0.10274 0.29757 -0.02885 0.03468 0.01986 -0.04748 0.14420 0.24659 -0.18661 0.19210 0.03972 -0.40162 -0.01736 0.18166 0.19828 -0.12989 -0.16866 -0.02173
0.22044 -0.24104 0.12188 0.23050 0.06468 -0.23107 -0.30531 -0.32142 0.02710 -0.22634 -0.30791 -0.25470 0.22926 0.03975 0.11087 -0.20779 -0.00536 -0.25407 -0.17958 0.34231 0.22235 -0.29491 -0.08469 0.00623 0.28027 0.17800 0.07294 -0.23677 0.05069 0.04761 0.11160 -0.15849 -0.27076 -0.23812 -0.09659 0.05204 -0.18634 0.21302 0.18219 0.21690
-0.14342 -0.05128 -0.14938 0.16702 -0.28411 0.16543 0.05455 -0.24886 -0.03787 0.17044 -0.01190 -0.00653 -0.02197 -0.29466 -0.17327 0.15424 0.00318 -0.07371 -0.03481 0.13310 -0.11900 -0.01249 0.00678 -0.17821 0.18723 -0.06281 -0.21426 0.01377 -0.16468 -0.04024 -0.17995 -0.17152 0.28940 0.12789 -0.02756 0.06828 0.08521 -0.13786 -0.30918 0.21957
-0.21799 -0.39827 -0.36264 -0.35947 -0.08141 0.31345 -0.08555 0.13209 0.05313 -0.33900 -0.02962 -0.00796 -0.19791 -0.29977 0.19880 0.12121 -0.08221 -0.20123 0.02535 -0.03860 0.20731 -0.08645 -0.10873 -0.21823 -0.00616 -0.00241 0.12961 -0.11866 -0.11176 0.18616 0.35231 0.23019 -0.33547 0.37666 -0.36167 -0.33011 0.27614 -0.03547 -0.12102 0.13916
-0.11496 -0.31804 0.00489 0.18771 0.02580 -0.13550 -0.12259 0.05001 0.13783 -0.22170 -0.19920 0.27255 -0.13719 0.15088 0.18039 0.05367 -0.03940 -0.01039 0.03080 -0.27448 0.12533 -0.25195 0.12849 -0.02072 -0.10057 -0.02590 -0.20883 0.10395 0.08240 -0.14308 -0.15826 0.15957 0.14297 0.13099 0.10338 -0.09766 -0.12085 0.02654 -0.29387 -0.10753
0.15740 0.17009 0.24577 0.09374 0.05433 0.06083 0.34782 0.12244 -0.19906 0.13273 0.10362 -0.15440 0.22129 -0.11048 -0.20207 -0.13439 -0.25404 -0.21359 -0.13542 -0.04531 -0.13544 0.13019 -0.02009 0.10130 0.24730 -0.10105 0.03639 0.08423 0.16338 -0.32156 0.14107 0.38525 -0.12976 -0.12046 0.16872 0.05387 -0.08348 -0.08444 -0.03938 -0.13927
-0.13302 -0.29626 -0.23155 0.26361 -0.06904 -0.10059 -0.16612 -0.20644 0.00172 0.11202 -0.30507 -0.13038 -0.08154 0.15900 0.20343 -0.02716 -0.11361 -0.10677 0.13499 0.17878 -0.10064 -0.15756 0.20095 0.10098 0.11557 -0.06402 -0.06315 -0.08496 0.25374 -0.12095 0.00060 0.37247 -0.34306 0.31131 -0.13799 0.05867 -0.02132 -0.20147 -0.12305 0.03339
0.04265 0.14219 -0.04240 0.08840 0.07111 -0.00447 -0.23043 0.37661 -0.10163 0.00664 0.24697 -0.12111 0.17889 0.10712 0.21061 -0.11464 -0.00031 0.03528 -0.29959 -0.14903 0.17913 0.05864 0.33808 -0.03257 -0.07577 -0.06048 0.06394 -0.08046 0.19777 0.26768 -0.17350 0.00105 0.16561 -0.23479 -0.11168 0.03209 -0.28840 -0.10622 -0.32031 0.13680
-0.03921 0.02754 -0.16598 0.25149 -0.27339 0.09946 0.01031 -0.29963 -0.02583 0.09328 -0.05155 0.08739 -0.06934 -0.20100 -0.09827 0.08070 0.06425 -0.08860 -0.05828 0.08188 -0.00735 0.00475 -0.00563 -0.20755 0.19112 -0.03626 -0.13930 -0.06818 -0.11177 -0.02916 -0.21489 -0.08742 0.28114 0.17260 0.03206 0.11706 0.03227 -0.12394 -0.33602 0.21044
0.27118 0.01148 -0.10742 0.10344 0.13021 0.05358 -0.22085 -0.17932 -0.24116 0.04623 -0.12663 -0.09615 -0.16090 -0.03485 0.03558 0.05194 0.00801 0.06011 -0.03867 -0.09331 0.26361 0.19882 0.06294 0.17568 0.04002 0.02787 -0.10694 -0.03120 -0.38077 -0.17918 0.17238 0.25920 0.13966 0.04556 0.19583 0.16655 -0.29478 0.08158 0.05235 -0.04735
0.00218 0.07742 -0.00738 0.04207 0.08246 -0.24527 0.25355 0.03888 -0.08259 -0.20969 -0.02016 0.10179 -0.34318 -0.02482 0.08807 0.31870 0.02461 -0.03593 0.05714 0.12489 -0.09207 0.03430 -0.10303 0.21082 0.26351 0.26401 0.24295 -0.00159 0.09637 0.19435 0.08231 -0.26625 -0.23133 0.05469 0.01658 -0.02145 0.37295 -0.03561 0.01443 0.17260
-0.08232 -0.03368 0.00406 0.19306 0.15176 -0.02847 -0.09001 0.17000 -0.38583 0.00467 0.28107 -0.02203 -0.00804 -0.03409 0.07336 -0.06831 -0.12198 0.06377 -0.23415 -0.20123 0.13977 0.10890 0.32363 0.04873 0.06938 0.05150 0.13260 -0.33973 0.11291 0.18005 -0.15163 0.14729 0.11577 -0.09743 -0.00789 0.06689 -0.10001 -0.20729 -0.29812 0.13240
0.11395 -0.05393 -0.12547 0.12734 -0.17091 -0.15451 -0.20127 0.00176 -0.01166 -0.32248 0.07247 -0.06454 -0.08871 -0.23342 -0.18957 -0.26544 0.07902 0.01224 0.00443 -0.05317 -0.08501 -0.03612 -0.28641 -0.17819 0.25506 -0.26939 -0.13168 -0.08786 0.17947 -0.06045 0.11800 -0.11457 -0.03837 0.04456 0.05432 -0.14638 -0.01893 0.08544 -0.02307 -0.01869
-0.27574 -0.20669 -0.03649 -0.04436 0.18747 -0.07911 -0.18664 -0.08784 -0.15541 0.10491 -0.02854 0.05608 0.17107 0.26994 0.25274 -0.03928 -0.16718 0.03289 -0.18767 -0.25496 0.10911 0.12457 0.13218 -0.00402 -0.22008 0.03575 0.30683 0.01904 0.17248 -0.25032 -0.09960 0.05492 -0.09445 0.08432 -0.07330 -0.28393 0.08309 -0.02706 0.25367 0.28664
0.23204 -0.27019 -0.21368 0.21281 0.17566 -0.16145 -0.09985 0.27680 -0.02446 -0.11622 -0.22257 0.06426 -0.18496 -0.07369 0.21820 -0.26456 0.25789 -0.04982 0.16092 0.33368 -0.00117 0.01647 -0.12790 0.03936 0.04604 -0.15973 -0.15000 -0.01446 -0.07522 0.00455 0.26508 -0.15365 0.09624 0.13041 -0.36470 -0.01106 -0.02979 -0.11008 0.24702 -0.32938
-0.09986 -0.18648 0.01727 -0.04812 0.06221 0.06922 0.41357 0.24702 0.10831 -0.33827 -0.09224 0.22590 0.30730 0.26847 -0.11687 0.00994 -0.04723 0.11502 -0.01971 0.18823 0.00917 -0.21368 -0.05459 -0.13047 0.11920 0.27119 -0.14074 -0.03143 0.29131 0.20891 -0.05059 -0.12513 -0.01700 0.12517 0.15671 0.14466 0.04441 -0.02907 -0.03472 -0.13087
-0.09093 -0.24756 0.01923 -0.06639 0.06239 0.14128 0.42682 0.23588 0.18923 -0.32611 -0.05430 0.20953 0.34844 0.22871 -0.12337 -0.05471 0.00723 0.15100 0.02112 0.25478 0.00185 -0.30285 -0.10978 -0.25042 0.10534 0.26321 -0.18153 -0.01400 0.28120 0.09025 -0.09899 -0.09166 -0.00120 0.23521 0.18741 0.18948 -0.01178 0.04295 -0.02570 -0.26321
-0.04705 -0.11874 0.17979 -0.03974 0.07382 -0.21965 0.09940 -0.03763 0.02628 -0.12850 0.16196 -0.16279 -0.06202 0.08658 0.01306 -0.19304 -0.17427 0.01695 -0.19997 0.11879 -0.12818 0.15127 -0.11079 0.14802 -0.23723 -0.25119 0.05023 -0.08463 0.31403 -0.09206 0.04935 -0.33820 0.15194 0.01171 0.16821 0.05389 -0.22065 -0.19865 0.07917 -0.00300
0.13446 -0.06630 -0.19300 0.04836 -0.39734 0.17137 -0.08877 0.08429 -0.17797 0.05758 -0.01208 0.03110 -0.10643 0.13475 -0.18828 -0.16339 0.02245 0.00636 -0.19665 -0.20511 0.14279 -0.21895 0.31026 0.09964 -0.04848 -0.25876 -0.19474 -0.09203 -0.14279 0.14237 -0.03700 0.12907 0.06222 -0.11221 -0.10573 0.23325 0.25242 -0.06866 -0.06522 -0.15313
0.06582 -0.25794 -0.29517 -0.03819 -0.13217 -0.12660 0.12104 0.03272 0.15090 -0.15030 0.23999 -0.13595 -0.16617 -0.09794 0.19697 -0.16906 -0.27922 0.23135 -0.05539 0.06786 -0.11675 0.13660 0.13989 0.17385 0.05681 -0.22515 0.13869 -0.17695 0.00408 0.14479 0.11589 0.21266 -0.06234 0.13405 -0.25199 0.13990 0.18525 0.15255 0.26615 -0.06166
-0.16969 0.22664 0.06180 -0.01792 -0.06581 0.24154 0.06843 -0.12888 0.08974 0.06396 -0.02752 -0.21158 0.18245 -0.10402 0.04226 0.03024 0.05711 -0.02066 -0.27556 -0.28515 0.00690 -0.15028 -0.17397 0.09612 -0.10845 0.25332 0.21567 -0.04679 0.02020 0.37989 0.14022 -0.21508 0.03748 0.12913 0.20761 -0.11232 -0.20091 0.28100 -0.22799 -0.27025
-0.03427 -0.11133 0.14876 -0.06433 -0.00864 0.14318 0.06004 0.03513 0.06841 -0.04017 -0.24341 -0.16224 -0.14592 -0.14356 0.15968 -0.22321 0.19448 0.07563 -0.01225 -0.15876 -0.05534 -0.09403 0.08779 0.04312 0.07056 -0.02781 -0.19131 0.21439 0.10631 -0.01489 0.03853 -0.08593 0.05524 -0.01675 -0.11331 -0.04024 0.22950 0.22797 -0.02174 0.06453
0.12935 0.11296 -0.02300 -0.01282 -0.26075 0.17445 0.05001 -0.00951 -0.08732 -0.02481 -0.07500 0.07984 -0.00032 0.15132 -0.18387 -0.14103 -0.05109 -0.01137 -0.13676 -0.07644 0.08683 -0.21893 0.11507 0.07586 -0.04842 -0.27642 -0.06886 0.00340 -0.05004 0.02678 -0.02198 0.01654 0.02829 -0.21005 -0.06051 0.17315 0.29051 -0.00474 -0.12912 -0.12986
-0.00857 -0.01137 -0.03400 -0.16586 -0.11124 -0.14206 -0.07452 0.01233 -0.33163 0.22639 -0.30692 0.17021 -0.33892 -0.28001 -0.20024 0.03175 0.37719 -0.16509 -0.12841 0.01009 0.10731 -0.12108 -0.32836 -0.05949 -0.28383 0.21135 -0.05106 -0.36133 -0.03782 -0.08505 -0.30908 0.25437 0.17100 0.19395 -0.30243 0.17888 0.12876 0.21819 -0.12502 0.01019
0.12997 -0.21249 -0.14966 0.10194 0.07376 -0.24441 -0.16674 0.30620 0.12644 0.15635 0.17975 0.36712 -0.20928 0.16511 -0.13597 0.08703 -0.07560 0.01055 -0.04609 -0.37317 0.16752 0.26419 0.32183 0.07956 -0.38310 0.22617 -0.06534 0.15279 -0.23910 0.14155 0.10897 -0.09281 -0.03959 0.18073 -0.25181 0.02456 0.09530 -0.24786 -0.27167 0.20225
-0.04557 0.21091 -0.17600 0.28203 -0.27713 0.10039 0.10815 -0.23861 -0.25804 0.31713 0.19106 -0.04494 0.11299 0.18226 0.07491 0.25795 0.09426 -0.01331 0.03147 0.27719 -0.16088 -0.06121 0.01209 -0.03745 0.07013 0.02525 -0.14913 0.15820 0.03550 -0.17417 -0.05724 -0.01208 -0.19986 -0.03737 0.11985 -0.05275 0.34341 0.14106 -0.02141 0.34788
0.25655 -0.02312 0.23603 -0.04826 -0.20057 0.08625 0.06801 0.12098 0.05421 -0.06263 -0.29281 -0.13752 -0.18980 -0.12737 -0.05813 -0.16397 0.14721 0.01296 -0.04353 0.10628 0.08505 0.02340 0.14646 -0.14745 0.03993 0.15912 -0.26819 0.00636 0.02695 -0.21201 -0.05008 0.03984 0.08547 0.22990 -0.19621 0.19831 -0.16802 0.03376 -0.30372 -0.09099
0.04719 0.16726 0.15422 0.15481 -0.04053 -0.10976 -0.00143 -0.00020 0.31473 0.00564 0.10002 -0.30047 -0.09056 0.37466 0.26169 -0.06506 0.15392 0.28063 -0.23689 0.31342 -0.10141 -0.35867 0.47884 -0.31311 0.13977 -0.15643 -0.08395 0.15171 -0.10188 0.10935 0.25860 0.27679 -0.18765 0.08515 -0.21233 -0.06477 -0.03023 0.23004 -0.22490 -0.22883
0.05058 0.08207 0.21488 0.12845 0.00943 0.23574 0.29385 0.20393 -0.20381 0.07037 0.12396 -0.15916 0.21532 -0.04594 -0.19455 -0.12904 -0.30232 -0.20260 -0.08143 -0.14238 -0.12236 0.16572 0.03507 0.00440 0.24103 -0.11890 0.08329 0.01046 0.09832 -0.37010 0.22783 0.38727 -0.17696 -0.07217 0.15021 0.10004 -0.03703 -0.08567 -0.03770 -0.16130
0.26597 -0.07038 0.07642 -0.00943 0.08934 0.01459 0.13420 -0.02231 0.13875 0.02842 0.08273 0.01198 0.04330 -0.24632 -0.14528 -0.19884 -0.11382 -0.02142 0.07243 0.21675 -0.22939 0.01701 0.14077 -0.13707 0.20094 -0.21481 -0.07891 -0.06940 0.19398 -0.06956 -0.01312 -0.12935 -0.14388 -0.18500 0.15917 -0.10928 -0.05456 0.00024 0.10376 0.16620
-0.17890 0.27984 -0.11680 0.21623 -0.09674 0.06590 0.04167 -0.24708 -0.23697 0.20282 0.24954 -0.11231 0.09117 0.15637 0.06455 0.17423 0.29127 0.05340 -0.23022 0.21179 -0.09462 -0.02362 -0.08149 -0.04026 0.05213 0.02548 -0.23890 0.07337 0.11442 -0.15906 -0.04020 0.22174 -0.11866 0.06816 0.06026 -0.12775 0.24517 -0.02896 -0.14723 0.28774
0.46067 0.05262 -0.06668 0.34147 0.20129 -0.05564 -0.01520 -0.17581 -0.00266 0.41484 0.21708 -0.23126 -0.24260 0.17675 0.36498 -0.10746 -0.18536 -0.26151 0.37085 0.16096 -0.26213 0.39026 -0.40569 -0.13819 0.00153 0.42121 -0.20534 -0.18668 -0.29505 -0.27598 0.14161 0.34399 0.22304 -0.23863 -0.29480 0.20750 0.02640 0.02990 0.23302 0.30038
0.19189 -0.09328 0.34402 -0.08145 -0.05357 0.07537 0.10058 0.03171 -0.32315 -0.21407 -0.01544 -0.22018 0.12504 -0.04658 0.00026 -0.30036 -0.33908 -0.23871 -0.18064 -0.12496 -0.18922 -0.18439 0.06504 0.15393 -0.25385 -0.04443 0.04982 0.23436 -0.03318 -0.06975 0.15021 0.14894 0.20854 0.05736 -0.03173 0.11662 -0.00383 -0.20529 -0.09279 0.03745
0.07722 0.13120 0.12493 -0.08575 0.29135 0.11124 -0.05579 -0.13601 -0.03509 -0.06567 0.18726 0.17045 -0.18991 -0.22214 0.12001 0.17064 -0.20859 -0.23987 0.34906 -0.22843 0.08296 -0.08337 0.28086 0.27769 0.21929 0.30623 0.03858 -0.34647 0.24712 -0.00025 0.09362 -0.14064 -0.05583 -0.12461 0.04127 0.08413 0.00194 -0.22027 -0.10537 -0.16954
0.14281 -0.06111 -0.39322 -0.14619 0.08548 0.23722 -0.09874 0.18874 0.16522 0.16300 -0.13311 0.06980 0.20155 -0.32807 0.12364 0.08925 0.06675 -0.01697 -0.34808 -0.09342 0.08957 0.06746 -0.00126 -0.11447 0.02919 -0.01259 -0.21003 0.04812 0.01793 0.00349 0.07960 0.22928 -0.11101 -0.14645 -0.18026 -0.02890 -0.17497 -0.02493 -0.06142 -0.09815
0.04316 -0.29778 0.27325 0.40493 -0.04323 0.12909 0.06169 0.37740 0.18360 -0.03607 -0.14749 0.08455 0.18481 0.36844 -0.35259 -0.10369 0.38083 0.26436 -0.11559 -0.33543 -0.31718 0.33886 -0.16852 0.24310 0.16952 0.27766 -0.24908 -0.01257 -0.16509 0.05881 0.38142 -0.11574 0.09501 -0.33492 0.27478 -0.15773 0.36867 0.16439 0.43149 0.20861
0.20684 -0.27555 0.08331 -0.17653 -0.10564 -0.21630 0.09640 -0.13813 0.18745 -0.11262 -0.05259 0.12089 0.27942 0.10986 -0.06792 -0.12321 0.15492 -0.29233 -0.09204 -0.16469 0.11801 -0.11160 0.15704 -0.00195 -0.12019 -0.21177 -0.00120 -0.17287 0.01784 0.05142 -0.27155 0.20737 -0.15114 -0.18756 0.25857 -0.31752 0.04366 -0.06197 0.22679 0.01294
-0.05591 0.21861 -0.21788 0.24579 -0.22212 0.01316 0.08494 -0.18525 -0.28328 0.20576 0.20367 -0.14633 -0.05846 0.07838 0.18431 0.34163 0.20675 -0.04292 -0.12213 0.31795 -0.03633 0.01221 -0.14536 -0.00034 0.06022 0.03031 -0.22636 0.03829 0.19697 -0.15671 0.04356 0.12841 -0.27820 -0.02768 0.13360 -0.13754 0.40714 0.11562 -0.03015 0.29718
-0.15811 0.29972 -0.13171 -0.17327 -0.26130 -0.37847 0.20174 0.07743 -0.12030 0.20755 -0.16592 -0.38431 -0.08237 -0.20149 0.18399 -0.17241 0.42078 -0.13396 0.12847 0.12999 0.16107 -0.30780 0.23752 0.15233 0.44830 0.26687 -0.11279 -0.05662 0.24512 0.30679 0.32840 0.15962 -0.24327 -0.15302 -0.17155 0.30818 0.30478 0.33192 -0.05996 -0.01093
