-0.12643 0.03081 -0.11373 -0.08155 -0.12862 0.14577 -0.09166 -0.00912 0.02384 -0.07436 0.11223 -0.22143 0.03235 -0.08559 -0.18287 0.15401 -0.18597 -0.06821 -0.06987 0.24717 -0.04319 0.03202 0.01564 0.05629 0.09258 0.08165 -0.06054 -0.06403 0.03072 -0.20819 0.04679 -0.06849 -0.03176 0.10439 0.13689 -0.05066 -0.14935 -0.32143 0.04753 0.24888
0.10296 0.15948 0.27701 0.02543 0.14615 0.19201 0.02286 -0.12633 0.05962 -0.06714 -0.09347 0.01743 0.14709 0.00566 0.19571 -0.04283 0.19690 0.07768 0.01541 0.12340 0.19822 -0.19507 0.06326 -0.08890 0.04086 0.01695 0.08091 -0.17654 0.03152 -0.12312 -0.04673 -0.04805 0.21573 -0.13415 -0.03122 0.32726 0.16258 -0.03916 -0.08383 -0.13609
0.02688 0.14724 0.28522 0.01814 0.19677 0.13653 0.31367 -0.22028 0.06892 0.01310 0.05422 0.06411 0.30739 0.01658 0.09986 -0.02433 0.14009 0.13660 0.11698 0.02831 0.16849 -0.05627 0.03890 -0.10120 -0.05265 0.07485 0.16403 -0.06124 0.00860 -0.02261 0.00317 -0.10878 0.16717 -0.06837 -0.10179 0.38270 0.19989 -0.03989 -0.04447 -0.10491
0.02032 0.22409 0.35333 0.00973 0.24297 0.08055 0.09151 -0.08069 0.14545 0.00863 -0.07029 -0.00174 0.29917 0.00570 0.24389 -0.11990 0.11306 0.07765 0.11690 0.07090 0.16108 -0.06026 0.06141 0.01499 0.00381 0.15935 0.08305 -0.08661 -0.05953 0.03266 -0.11591 -0.09609 -0.00645 -0.02228 -0.09693 0.27948 0.20203 0.09282 -0.05799 -0.06412
-0.01400 0.02126 -0.17380 -0.05256 0.01475 -0.02670 -0.01246 0.03612 0.23812 0.10846 0.01788 0.09211 -0.13782 0.08234 0.05868 -0.04597 0.17964 -0.16748 0.10840 -0.36123 -0.01383 -0.11496 -0.04853 0.04432 -0.00873 0.09231 -0.12761 0.18626 -0.12936 -0.03733 0.01569 0.16638 -0.09103 0.18540 0.04827 -0.29955 -0.18411 0.20199 0.21860 0.03242
0.15569 -0.08617 -0.04895 0.05667 -0.25394 0.16750 0.02139 0.06714 0.02612 -0.05162 0.11970 -0.12618 -0.09463 -0.04192 -0.33237 0.09500 -0.21377 0.08379 0.10228 0.26135 0.09235 0.09613 0.06041 -0.11801 0.18831 0.15964 -0.20808 0.05901 0.11100 -0.12884 0.13220 -0.03851 -0.04429 0.10821 0.20770 -0.02395 0.12505 -0.22266 -0.02883 0.01431
-0.06574 0.04404 -0.04392 -0.03038 -0.14063 0.07460 -0.12804 -0.01202 -0.16318 0.21830 -0.04552 0.06485 0.07035 0.04204 0.16161 -0.02608 -0.18588 -0.11426 -0.00851 -0.03112 -0.16341 0.15414 0.26801 0.09393 -0.32349 -0.21531 -0.13633 -0.23714 -0.11064 0.03501 0.10442 -0.17677 -0.00009 0.12361 -0.20166 0.07524 -0.16222 0.20444 -0.11050 -0.06516
-0.15373 0.33062 0.10936 0.14460 0.15314 0.08649 -0.21576 -0.07008 -0.32784 0.10121 -0.09819 0.18058 0.00065 0.21381 0.12708 0.12445 0.00313 -0.02714 -0.19286 0.02963 0.05235 -0.01483 0.09715 0.11728 -0.32436 -0.00106 -0.05720 -0.05599 0.10836 0.07384 -0.07509 -0.01440 -0.05516 0.14695 -0.10476 0.01706 -0.15222 0.19907 -0.00623 -0.04405
-0.20643 0.25927 -0.09127 0.09671 0.17705 -0.04950 -0.28265 -0.14477 -0.28964 0.05104 -0.11247 0.24621 -0.08955 0.20955 0.10623 0.13307 0.03016 -0.11873 -0.22585 -0.05527 0.07614 -0.11150 0.01717 0.18010 -0.41903 -0.07916 -0.05845 -0.02390 0.08562 0.07540 -0.13827 -0.03567 0.04407 0.07789 -0.10481 -0.08303 -0.10694 0.20894 -0.00236 -0.12423
-0.20730 0.18924 0.03749 0.01474 0.19470 0.02059 -0.18475 -0.02676 -0.21290 0.01065 -0.05735 0.16535 -0.01056 0.10637 0.10896 0.10838 0.01415 -0.07115 -0.23825 -0.12477 -0.02236 -0.11192 0.08923 0.09233 -0.33786 -0.11205 0.02404 -0.03132 0.10236 0.12110 -0.04449 0.00397 -0.08765 0.03872 -0.05367 -0.05407 -0.08402 0.17805 -0.06905 -0.07158
-0.07576 -0.08879 -0.01087 0.03816 -0.13361 0.13518 -0.02142 0.03564 0.06080 -0.10654 0.03657 -0.24390 -0.09482 -0.10082 -0.24935 0.13003 -0.18058 0.03378 -0.12805 0.24721 0.01665 -0.04856 -0.04377 0.00752 0.19494 0.13526 -0.06493 -0.05464 0.06007 -0.11859 0.16698 -0.14588 -0.03027 0.04691 0.14524 -0.14108 -0.14558 -0.32806 -0.09866 0.13846
-0.14787 -0.03907 -0.10301 0.04316 -0.10081 0.15364 0.10530 0.02821 0.06822 -0.07497 0.07040 -0.18490 -0.11532 -0.04114 -0.24219 0.07714 -0.23469 0.05223 -0.01996 0.19482 0.03777 -0.12781 -0.13359 -0.07290 0.16212 0.13994 -0.13135 0.02560 0.06392 -0.20572 0.15916 0.00208 0.07563 0.15650 0.09654 -0.07138 -0.05026 -0.31003 -0.09513 0.11693
-0.09496 -0.14153 -0.15231 0.08875 -0.22707 0.15376 -0.01672 0.00114 0.10634 0.02911 0.11450 -0.10719 -0.05336 -0.10914 -0.26705 0.10232 -0.09382 0.03684 0.03211 0.17731 0.11961 0.12990 -0.07237 0.02189 0.18582 0.21163 -0.06287 0.11586 0.09736 -0.17839 0.18384 -0.12550 0.03384 0.15118 0.14736 -0.02188 -0.03145 -0.35200 -0.01863 0.03953
-0.03592 -0.12355 -0.11975 0.03383 -0.15405 0.01450 -0.08038 0.00042 0.05195 -0.00523 0.01888 -0.10967 -0.11600 -0.19180 -0.23952 0.09563 -0.25775 -0.01670 0.00407 0.21822 -0.07717 0.05902 -0.05139 -0.02679 0.25641 0.19058 -0.11319 0.03068 -0.00064 -0.19413 0.25382 -0.04570 0.10378 0.20096 0.27090 0.11286 -0.01336 -0.29545 0.04756 0.10487
-0.33223 0.05888 0.01656 -0.01624 -0.04814 -0.08417 0.01788 0.17289 0.20904 0.28114 -0.02240 0.11430 -0.17771 0.22887 0.00943 -0.22639 -0.10927 0.09431 -0.29989 0.10295 -0.02271 0.15162 -0.26553 -0.20041 -0.11069 0.02424 0.20603 0.20368 -0.06346 -0.00825 -0.12976 -0.21688 -0.08532 -0.07339 -0.28291 -0.15350 -0.15089 -0.01327 -0.15862 -0.21519
0.04154 0.26912 0.38340 -0.08287 0.20636 0.24035 0.21024 -0.04920 0.02648 -0.03105 0.08272 0.01865 0.28467 -0.06938 0.23682 -0.12789 0.17359 0.08230 0.01613 0.10533 0.11994 -0.08671 -0.06621 -0.02269 0.02236 0.16204 0.14695 -0.08956 0.02659 0.07377 -0.04289 -0.03875 0.21075 -0.05840 -0.17444 0.36626 0.26072 -0.11569 -0.06615 -0.17807
-0.07587 -0.17489 -0.15683 0.02744 -0.13920 -0.09213 -0.03180 0.10376 0.05279 0.03604 0.10147 -0.21657 -0.14199 -0.14917 -0.21679 0.06297 -0.20032 0.00275 -0.03577 0.13162 -0.01716 0.06759 0.02937 -0.01413 0.11931 0.18058 -0.14992 0.02088 0.12765 -0.22165 0.25839 -0.08591 0.09918 0.08520 0.14264 -0.11057 -0.13259 -0.23401 -0.17572 0.16814
-0.08455 0.14169 -0.11575 0.04471 0.16044 -0.11354 -0.03518 0.05274 0.11230 0.00437 -0.03013 0.09646 0.00745 0.11567 0.09636 0.02954 0.11378 -0.23353 0.11588 -0.23928 -0.04680 -0.14308 0.01805 0.04108 -0.09800 0.03089 -0.01826 0.30383 -0.02901 0.01693 0.04924 0.27482 -0.20281 0.12633 0.01278 -0.12497 -0.03269 0.37191 0.37229 0.09301
0.02699 -0.30464 -0.17918 0.12941 0.00723 -0.08130 -0.11911 0.15226 0.05837 0.27782 0.12013 -0.04053 -0.15167 0.06838 -0.06307 -0.05903 -0.16583 0.04677 0.26605 0.05679 -0.16338 0.00437 -0.21211 0.00021 -0.07466 -0.03867 -0.08423 -0.00601 0.08402 0.11183 0.01139 -0.08889 0.10324 -0.23673 -0.27917 -0.05273 -0.14613 0.07576 0.06603 -0.03098
-0.10045 -0.13537 -0.12199 -0.01187 -0.07529 0.03294 -0.08975 -0.04268 0.29020 0.08970 -0.05578 0.03027 -0.16537 0.09899 0.08265 -0.05762 0.11351 -0.03823 0.10797 -0.24385 0.00791 -0.05281 -0.02821 -0.06077 -0.01384 -0.05184 -0.03375 0.32034 -0.13002 0.09115 0.05713 0.25913 -0.07777 0.03631 -0.04395 -0.17842 -0.22834 0.27166 0.34763 -0.03120
-0.10651 0.13334 0.00276 0.00785 0.08828 0.07998 -0.01778 0.00124 0.10154 0.09932 -0.09037 -0.03472 0.02761 0.13389 0.26765 -0.02511 0.08888 -0.09122 0.06569 -0.22970 -0.04753 -0.11440 0.06507 -0.02290 -0.07450 -0.07131 0.00715 0.19906 -0.17586 0.00266 -0.02882 0.27290 -0.07089 0.15397 0.00193 -0.14509 -0.21108 0.34479 0.24117 -0.01995
-0.14190 -0.01206 -0.02641 0.08025 0.03267 -0.01609 -0.04364 -0.17383 -0.24818 0.03355 -0.07130 0.04476 -0.15429 -0.14337 -0.03298 0.03946 -0.18554 0.07413 0.06406 0.16889 -0.16123 0.15268 0.10997 0.02605 0.00685 -0.15115 0.06082 0.10060 -0.27824 0.01923 -0.05550 0.00087 -0.19326 0.11796 0.05854 0.08949 -0.18519 -0.24732 -0.03662 0.17440
-0.10564 0.03970 0.00530 0.04327 0.16595 -0.02672 -0.14468 -0.20929 -0.33278 0.04863 -0.09676 0.03060 -0.13933 -0.13512 0.00262 -0.01133 -0.15636 0.00167 0.17026 0.13857 -0.18020 0.07062 0.12352 0.00090 -0.12718 -0.17568 0.06353 0.03416 -0.30238 0.11929 0.01990 0.08762 -0.15537 0.08349 0.05164 0.07147 -0.14306 -0.20675 0.06071 0.18124
0.07520 0.00512 -0.10517 -0.15245 -0.10906 -0.12646 -0.29541 -0.17756 -0.02999 -0.01238 0.17163 -0.21125 -0.03514 -0.11415 0.00296 -0.04352 -0.01414 0.01395 -0.14921 0.09811 0.05192 -0.06409 0.07753 -0.01799 -0.11912 -0.32726 -0.02940 -0.12985 0.03324 0.08185 -0.04210 -0.13449 -0.20365 -0.04917 -0.13714 -0.24058 -0.24623 0.14283 -0.13577 -0.07822
0.02477 0.21679 0.25523 0.02493 0.26410 0.09635 0.07488 -0.13097 0.13671 -0.00329 -0.16667 -0.08199 0.27078 0.00594 0.34938 -0.02427 0.14984 -0.11083 0.08674 -0.06363 0.12393 -0.07166 0.01283 0.00115 -0.07970 -0.07943 0.02942 -0.26623 -0.01635 0.03656 0.03581 0.05641 0.18361 -0.23521 -0.06455 0.27844 0.19088 0.07894 -0.09673 -0.18821
-0.12405 -0.05058 -0.14491 -0.20583 -0.11767 0.02535 0.17483 0.20103 0.11096 -0.05385 -0.05624 -0.05246 0.03240 0.23208 0.31312 -0.07168 0.09061 -0.20773 -0.00289 -0.19995 -0.02701 -0.10008 -0.14248 0.00824 0.01894 -0.11113 -0.11495 0.16041 0.02773 -0.04418 0.00168 0.34826 -0.26094 0.05938 0.06268 -0.14439 -0.05107 0.19432 0.31734 0.06328
-0.17225 -0.02602 -0.24349 -0.04617 -0.06509 -0.15962 -0.05167 0.05295 0.17136 0.05624 0.04014 -0.01972 0.03412 0.06024 0.10539 0.01391 0.13129 -0.25455 0.02485 -0.32279 -0.04700 -0.00454 -0.07768 0.08312 -0.19035 -0.06779 -0.10819 0.18701 -0.08512 -0.02138 -0.04645 0.20055 -0.09503 0.06512 -0.00984 -0.04475 -0.09042 0.36199 0.27366 0.03986
0.01550 -0.09632 -0.13957 0.03762 -0.25792 0.01613 -0.00783 0.15252 0.01249 -0.12352 0.05773 -0.17481 -0.26896 -0.16294 -0.40702 0.25541 -0.14082 -0.00604 -0.05341 0.23280 0.02718 -0.00840 -0.12814 0.00663 0.17476 0.12726 -0.10592 -0.00716 0.19961 -0.16551 0.12899 -0.00951 0.13640 0.04799 0.11747 -0.19344 -0.00068 -0.33269 0.07246 0.04884
0.15795 0.20954 0.37306 -0.01088 0.16780 0.13791 0.25856 -0.16191 0.18613 -0.08908 0.00101 -0.10902 0.31442 -0.04079 0.20989 -0.17571 0.16097 -0.09114 0.01606 0.05000 0.20369 -0.00533 0.10330 -0.07592 0.04510 0.24425 0.08562 -0.09613 0.11883 -0.12529 0.04413 -0.05330 0.20228 -0.10314 -0.05771 0.23118 0.09011 0.02754 -0.14568 -0.10805
-0.04890 -0.35532 -0.11013 -0.02592 -0.16171 -0.17054 0.02508 0.15756 0.04907 0.36442 0.06334 -0.06136 -0.13036 0.15601 0.15012 -0.04823 -0.18500 0.02139 0.30196 0.17957 -0.11400 0.06093 -0.20031 -0.11725 -0.18941 -0.20672 -0.17903 0.04814 0.13333 0.11738 0.08513 0.00325 0.10516 -0.28342 -0.28298 0.03066 -0.13755 0.14864 0.05121 -0.09633
-0.07349 0.20470 0.12725 0.19591 0.12970 0.01557 -0.15017 0.00279 -0.20031 0.11413 -0.09588 0.29012 -0.04622 0.20866 0.11003 0.12280 0.17144 0.03257 -0.14060 -0.13233 -0.04615 -0.02072 0.06100 0.10463 -0.30136 -0.11074 0.02865 0.04010 0.11227 0.20189 -0.06360 0.04429 -0.05921 0.00312 -0.08308 -0.02494 -0.08612 0.34287 0.14180 -0.10378
-0.04562 0.13304 0.31064 -0.00075 0.28000 0.09444 0.15173 -0.00896 0.07872 0.09128 -0.13935 0.00150 0.24948 0.05136 0.27161 -0.15354 0.11857 0.03451 0.09987 0.07879 0.19549 -0.07337 0.00906 -0.06593 -0.03363 0.12850 0.08455 -0.18102 -0.08509 -0.07409 -0.16373 -0.11231 0.16850 -0.19675 -0.09328 0.32792 0.18617 0.07638 -0.17478 -0.15563
-0.04177 -0.18527 -0.03260 0.02117 -0.18079 0.15594 -0.16164 0.00036 -0.00666 -0.05435 0.00931 -0.18429 -0.16831 -0.08704 -0.15563 0.17759 -0.13145 -0.00877 -0.10917 0.27625 0.01564 0.03614 -0.06597 0.09818 0.11109 0.17960 -0.04249 -0.02000 -0.02550 -0.25016 0.19803 -0.14904 0.10841 0.16913 0.16971 -0.09835 -0.13913 -0.38292 -0.06228 0.14032
