-0.03639 0.03432 0.33076 0.22227 -0.17321 -0.17518 0.21435 0.24851 -0.27271 0.16611 0.08553 -0.12339 -0.07070 0.11442 -0.24512 -0.03712 -0.16728 0.21598 0.00860 -0.01094 -0.07959 0.11762 0.06941 0.30295 0.04063 -0.18609 -0.07514 0.20324 0.26029 0.10182 -0.02352 -0.15468 0.16649 0.01895 -0.23112 -0.09078 -0.17558 0.18687 -0.01728 0.07429
-0.08250 0.29729 -0.17175 0.09228 -0.28883 0.25280 0.12082 0.09234 -0.25107 -0.04308 -0.07951 -0.04214 0.18981 0.00214 -0.13122 0.01284 -0.03162 0.25705 -0.02574 -0.16252 0.22874 0.19597 0.21538 -0.00515 -0.02151 0.13647 0.17528 0.08118 0.25892 -0.26141 0.15322 -0.14318 0.19508 -0.10684 -0.08447 0.14519 0.06505 0.08094 0.22521 0.07096
-0.06581 0.29899 -0.20128 0.13871 -0.25817 0.22137 0.07282 0.12088 -0.22283 -0.09200 -0.06322 -0.04986 0.22922 0.10682 -0.20308 -0.00723 0.01375 0.21765 -0.00656 -0.09326 0.23978 0.18905 0.20058 0.00476 0.01967 0.18824 0.16814 0.06204 0.23173 -0.21452 0.14275 -0.13982 0.16815 -0.08672 -0.07959 0.14845 0.07649 0.04784 0.15571 0.07373
0.15699 -0.11662 0.10215 0.31184 0.11163 -0.10237 0.05170 -0.09896 0.13607 0.22604 0.14393 0.03819 0.22590 0.17418 0.22561 0.14774 0.05346 0.14965 0.02478 -0.08929 -0.11535 -0.15101 0.00438 -0.00122 -0.02525 -0.22450 0.04687 0.20486 -0.37210 0.21887 -0.22746 -0.03064 -0.33569 -0.11166 -0.21564 -0.00043 -0.26978 -0.13264 0.06489 0.15201
0.19633 -0.04603 -0.00534 0.31659 0.03966 0.07496 -0.12572 -0.15181 0.09379 0.18932 0.22396 0.06890 0.11895 0.14073 0.12560 0.03756 -0.04568 0.11695 -0.00912 -0.02789 -0.16871 -0.09239 -0.08420 -0.11999 -0.04396 -0.13447 0.07661 0.07066 -0.19630 0.03435 -0.26159 0.07027 -0.26372 -0.19493 -0.16512 0.08515 -0.17390 -0.18658 0.01888 0.15616
0.22612 -0.08781 -0.00958 0.19640 0.14247 -0.07242 -0.13223 -0.10890 0.06689 0.19172 0.09803 -0.02264 0.14020 0.03905 0.24682 0.13835 -0.03189 0.03557 0.06310 0.09172 -0.15808 -0.03303 -0.06062 -0.04604 -0.03379 -0.22586 0.11457 0.13923 -0.29631 0.16592 -0.31648 -0.01943 -0.27193 -0.23536 -0.21032 -0.01491 -0.25472 -0.36915 0.07545 0.06636
0.21154 -0.04620 0.03355 0.31373 0.19613 -0.07978 -0.06479 -0.01968 0.11736 0.20126 0.03313 0.08331 0.13430 0.14179 0.20773 0.16158 0.04082 0.03391 -0.00429 -0.01623 -0.16090 -0.07263 0.02640 -0.15011 0.00993 -0.23945 0.06434 0.12388 -0.25871 0.08424 -0.22702 0.09403 -0.23322 -0.09759 -0.23123 -0.01077 -0.28324 -0.20454 -0.09333 0.10762
0.20281 -0.14391 0.05842 0.18388 0.18971 -0.04235 -0.07249 -0.12361 0.14156 0.15612 0.11400 0.03186 0.08762 0.18038 0.25273 0.10101 0.03776 -0.01574 -0.09655 0.04100 -0.11776 -0.03256 -0.10405 -0.08483 -0.06320 -0.10470 0.02086 0.11181 -0.14181 0.08160 -0.22093 0.05098 -0.27317 -0.17333 -0.11353 -0.01890 -0.13923 -0.17530 -0.00921 0.07315
0.18766 -0.19229 -0.12327 0.17934 0.10642 0.05884 -0.14359 -0.13099 0.09257 0.13191 0.04318 0.02225 0.05340 0.10361 0.31000 0.07641 -0.00469 -0.01784 -0.06915 0.02964 -0.19761 -0.04980 -0.08346 -0.10658 -0.11384 -0.19602 0.04974 0.05125 -0.25403 0.13362 -0.20567 -0.01482 -0.22700 -0.09925 -0.15676 0.07382 -0.14063 -0.10926 -0.07937 0.04417
0.10342 -0.00231 0.11127 -0.22273 0.23033 -0.04486 0.21671 -0.18284 0.14963 0.34825 0.20502 0.05667 0.02492 -0.18283 -0.14950 0.08746 0.10992 0.03500 0.08227 -0.12983 0.18339 -0.00296 -0.14247 -0.19544 -0.21273 0.02005 -0.12903 0.02121 0.16972 0.09956 -0.10693 0.08944 0.09692 -0.11623 0.19963 -0.04459 0.18879 0.02305 0.08668 -0.12710
0.10007 -0.08827 0.05859 0.35727 0.17127 0.10393 -0.08441 -0.12077 0.10713 0.08589 0.06218 -0.00598 0.21650 0.21376 0.19297 0.04661 0.03734 0.04909 0.04540 0.14806 -0.12902 -0.07401 -0.09302 0.07892 -0.04902 -0.26069 0.10246 0.11565 -0.14508 0.20410 -0.18555 0.09017 -0.23115 -0.21885 -0.09815 -0.10552 -0.28015 -0.15815 0.08487 0.11314
0.15582 -0.10635 0.05265 0.20162 0.09934 -0.10257 -0.04432 -0.00530 0.18688 0.14603 0.10846 0.04022 0.22666 0.14463 0.25485 0.10568 -0.00809 0.02982 0.00099 0.06904 -0.14645 0.05791 -0.16380 -0.11074 -0.07506 -0.10490 0.07306 0.10817 -0.25349 0.21679 -0.21619 0.04518 -0.24983 -0.16938 -0.05912 -0.07151 -0.19013 -0.20974 0.06939 0.03512
-0.17628 0.03033 0.16244 -0.15924 -0.20042 -0.16282 -0.18444 0.00416 -0.18397 -0.08897 0.16727 0.07729 -0.00855 -0.11317 -0.27108 0.05020 -0.15505 -0.02662 -0.16352 -0.08897 0.08188 0.08342 -0.09149 -0.06191 0.11802 0.02403 -0.19575 -0.14247 -0.01065 -0.27632 0.43182 0.07431 0.25214 0.05174 0.26195 -0.01991 0.10411 0.09929 -0.23874 0.11904
-0.19817 0.00278 0.24536 -0.12210 -0.20622 -0.13165 -0.11799 -0.00540 -0.14236 -0.04061 0.15720 0.07684 -0.02920 -0.08749 -0.28950 0.05657 -0.16563 0.04543 -0.15415 -0.02361 0.03089 0.07736 -0.08382 -0.00153 0.08575 0.01956 -0.12315 -0.14760 0.00596 -0.15542 0.37499 0.03325 0.18365 0.03621 0.25331 0.01197 0.07459 0.15736 -0.20680 0.05341
-0.19458 0.09444 0.23371 -0.17919 -0.24701 -0.16873 -0.09483 -0.00147 -0.15150 -0.03744 0.12237 0.01138 -0.04735 -0.09234 -0.29452 0.04817 -0.13443 -0.01560 -0.11371 -0.09117 0.08334 0.11721 -0.07616 0.07768 0.13188 0.03270 -0.10955 -0.15880 -0.00938 -0.18265 0.34718 0.01251 0.22344 0.04919 0.27983 -0.02100 0.07723 0.16820 -0.12670 0.04496
0.09391 -0.09444 -0.10976 -0.03457 -0.02715 -0.01809 0.09338 0.15359 0.07255 -0.09100 -0.18149 -0.03196 -0.20651 0.09407 -0.00786 -0.16030 -0.01234 0.00301 -0.14048 -0.03216 0.16952 0.06358 0.06736 0.17980 -0.11651 0.06818 0.04107 -0.03104 0.26278 -0.00957 0.18896 0.01170 0.11557 -0.13756 -0.00911 0.04275 -0.08700 0.34355 -0.19052 -0.05455
-0.11743 -0.00557 -0.27599 -0.04716 0.00614 0.04517 0.27818 -0.08402 0.13134 -0.05573 -0.05944 0.10725 -0.08607 0.15930 -0.09456 -0.18433 -0.01946 0.02405 0.14678 0.18652 -0.02097 0.05295 0.20450 0.11784 -0.07373 0.13095 0.01193 -0.15737 0.18587 0.16845 0.07005 0.06294 0.17061 0.15373 -0.03069 0.13517 0.01725 0.34605 -0.03347 -0.19813
-0.08419 0.11081 -0.02871 -0.24930 0.07797 0.00874 0.03231 -0.00341 -0.05686 0.01396 -0.24084 0.13466 -0.03365 -0.15316 0.23891 0.01064 0.03118 -0.23829 0.10946 -0.09263 -0.27582 -0.01205 0.06320 -0.00009 0.03592 0.28834 0.03236 -0.03481 0.06332 -0.12020 0.02050 0.06393 -0.04085 0.05682 0.00275 -0.17603 0.28960 -0.02340 0.20359 -0.14549
-0.10972 0.01290 -0.10200 0.00965 -0.11797 -0.17493 0.12826 -0.14516 -0.03877 -0.11603 -0.08696 0.17641 -0.23221 -0.09221 -0.10421 0.03167 0.05857 -0.10691 -0.09292 -0.09080 -0.04947 0.19180 -0.11624 -0.10602 -0.21030 -0.08041 -0.10021 -0.24264 -0.09436 0.11912 0.03008 -0.21590 0.11330 0.12294 0.15224 0.19589 0.08914 -0.17732 -0.13819 0.21332
-0.21703 0.04474 0.21079 -0.08958 -0.26769 -0.12886 -0.16910 -0.04135 -0.24672 -0.10518 0.14647 0.00089 0.08153 -0.09365 -0.27802 0.15791 -0.19406 0.03186 -0.12049 -0.03686 0.01198 0.04629 -0.09606 0.00107 0.13879 -0.03590 -0.11944 -0.16492 -0.10602 -0.17646 0.44934 0.06204 0.23758 0.07224 0.29273 -0.04500 0.09567 0.12716 -0.12007 0.11790
0.13107 -0.12139 -0.04595 0.29770 0.05374 0.00880 -0.18913 -0.08849 0.09443 0.11872 0.12491 0.08116 0.19654 0.11841 0.17582 0.10896 0.02082 0.02244 0.03875 0.03921 -0.13713 -0.10454 -0.09827 -0.00494 -0.02384 -0.22872 0.05670 0.04810 -0.20126 0.06174 -0.34880 0.06806 -0.22434 -0.12028 -0.22773 -0.05809 -0.15324 -0.20869 -0.03463 0.16436
0.19111 -0.18290 -0.05682 0.27986 0.08834 0.05012 -0.14671 -0.07519 0.12424 0.14691 0.05580 -0.01233 -0.00317 0.15564 0.34486 0.12677 0.12854 -0.07085 -0.08539 -0.06020 -0.08217 -0.12029 -0.01575 -0.05072 -0.02567 -0.17510 -0.10093 0.10378 -0.22965 0.10649 -0.29268 0.09564 -0.26946 -0.11400 -0.33300 -0.05036 -0.21600 -0.07766 0.00680 0.11375
0.11654 -0.13175 0.06067 0.28487 0.13688 0.05406 -0.13790 -0.04149 0.10075 0.19627 0.13853 -0.08424 0.20623 0.07381 0.24219 -0.05877 -0.05568 0.08188 0.19832 0.11235 -0.06052 -0.02584 -0.06232 -0.07513 -0.07320 0.00489 0.28323 0.14135 -0.10877 0.14226 -0.17424 0.07491 -0.14003 -0.05329 -0.29049 -0.08342 -0.22033 -0.25287 -0.04342 0.10276
0.22086 -0.07981 -0.00546 0.15651 0.15765 0.04038 -0.20336 -0.13619 0.13483 0.08974 0.10994 0.13794 0.21569 0.05634 0.13845 0.01664 0.03958 0.03666 0.11536 0.04939 -0.06871 -0.06540 -0.05705 -0.13272 0.00709 -0.05758 0.10159 0.13430 -0.15047 0.11039 -0.31184 -0.03101 -0.18666 -0.08625 -0.23664 -0.07800 -0.16178 -0.20891 0.07801 0.16746
-0.10189 -0.02156 -0.00057 -0.26625 0.10448 -0.02531 0.04474 -0.01714 0.22197 -0.05616 -0.22552 0.08954 0.08197 -0.18933 0.10137 0.18037 -0.27293 -0.05144 -0.01345 -0.05567 -0.14149 0.01450 0.04784 -0.09247 0.04663 -0.00292 -0.14006 -0.11975 -0.14182 -0.09097 0.14949 -0.07719 -0.06651 -0.18157 0.13264 0.08646 -0.15141 0.07652 0.02624 0.11073
-0.17578 0.00704 -0.01931 -0.06036 0.02901 0.02775 0.06564 -0.09180 -0.16478 -0.08746 0.05760 0.27858 -0.17670 -0.04109 -0.20700 -0.08933 0.02934 -0.11535 -0.02863 -0.23731 -0.03046 -0.21840 -0.21515 0.08426 -0.28045 0.11959 -0.08988 -0.16428 0.05266 -0.03076 0.11854 0.11534 0.03498 -0.06264 0.18225 0.02562 -0.01447 0.14925 0.13062 0.21271
0.17227 -0.11766 0.08660 0.21679 0.06176 -0.03609 -0.14971 -0.10573 0.12484 0.18034 0.15130 -0.01323 0.25089 0.14514 0.13967 0.06458 0.09495 0.01024 0.03732 -0.00904 -0.05532 -0.12214 -0.14721 0.00405 -0.01736 -0.17570 0.15854 0.07277 -0.34456 0.10685 -0.17362 0.07760 -0.27919 -0.19790 -0.27716 -0.08598 -0.26548 -0.24572 -0.03065 0.08867
0.25998 0.04414 0.02067 0.28339 0.17698 0.04958 -0.07410 0.04459 0.20074 0.12505 0.09358 -0.10285 0.09568 0.12404 0.15458 0.14956 0.05671 0.05875 0.05675 0.12574 -0.08507 0.04815 -0.08069 0.03926 -0.01033 -0.08902 0.08016 0.09403 -0.18739 0.02174 -0.36250 0.18662 -0.25528 -0.18396 -0.11922 0.00993 -0.19164 -0.26652 -0.08993 0.04952
-0.09192 0.03818 0.14221 -0.04045 0.23339 -0.00115 -0.04049 -0.22214 0.01468 0.09146 -0.02006 0.13191 0.18206 -0.00404 -0.21310 -0.02738 -0.02956 -0.00777 0.02819 -0.04096 -0.13934 0.14958 -0.02985 -0.16781 -0.17034 -0.04539 0.02435 0.18086 0.03911 0.16059 0.12009 -0.01240 0.07986 0.02013 -0.09292 -0.09983 0.02955 -0.33829 0.07058 -0.09154
-0.19592 -0.00114 0.12661 0.11066 -0.03638 -0.08707 -0.18163 -0.03431 0.08783 0.07053 0.18533 0.12138 -0.15664 0.07549 -0.24548 -0.07404 0.15230 -0.13638 -0.09979 0.11038 0.13897 0.09919 -0.03905 0.12781 0.02494 -0.05982 -0.07715 0.04102 -0.01547 -0.08027 -0.02531 0.04798 0.01608 0.12225 0.22086 0.15265 0.20857 0.10716 -0.21262 -0.17912
-0.07846 0.07702 0.25520 -0.11111 0.03977 -0.14455 0.02963 0.10348 -0.21129 0.10016 -0.17051 -0.01524 -0.03111 -0.02733 -0.04429 0.07703 -0.29166 -0.03095 0.13162 0.09673 0.12469 0.00391 -0.33966 -0.15746 0.08425 0.04209 0.07089 -0.16628 0.12273 -0.12094 0.35149 0.01760 0.09002 0.11570 0.00745 0.27036 0.10517 0.10417 0.04759 0.15071
-0.15007 0.04537 -0.16411 -0.18783 0.07344 0.23119 -0.10630 -0.16898 -0.08163 0.04309 0.06318 0.17000 -0.20078 -0.04455 -0.15503 -0.11911 -0.09280 -0.19716 0.09675 0.04972 0.03327 -0.08897 -0.16973 -0.18482 0.02129 0.15603 0.00738 -0.08412 0.05829 -0.13844 0.15859 0.11546 -0.01878 -0.07950 0.17812 0.11594 -0.14440 -0.13645 -0.14493 0.19988
-0.01784 0.17155 -0.23489 -0.16357 0.05700 0.18202 0.26043 -0.06021 -0.08263 -0.13863 0.10489 -0.10724 0.09956 -0.01404 -0.00116 -0.03364 0.08993 0.00081 0.18032 -0.07204 0.15286 -0.10871 0.33480 0.09429 0.03070 0.15895 -0.17330 -0.06708 0.18778 -0.03978 -0.01417 0.01111 0.11896 0.24703 -0.01349 -0.03514 0.15740 0.43832 0.17758 -0.10476
-0.06779 -0.25358 -0.06228 -0.18913 0.12077 0.26682 0.01576 -0.08253 -0.06523 -0.10144 0.12574 0.05279 -0.13984 0.17778 0.03195 -0.19438 0.16154 0.00742 -0.05848 -0.00262 -0.13754 0.00044 0.23095 -0.15322 -0.15994 0.41406 -0.22942 0.20238 0.42148 0.03204 0.17551 -0.06845 -0.12660 0.11510 0.07775 0.00874 0.24621 0.08783 0.05274 -0.26518
-0.12250 -0.16728 -0.02694 -0.16247 -0.00994 0.20830 0.02603 0.07430 -0.00513 -0.03844 0.11025 -0.07664 -0.10860 -0.02742 -0.01621 -0.19337 0.02213 -0.13158 0.16148 0.09154 0.14235 -0.01840 0.10776 -0.14921 -0.01353 0.29364 -0.09635 0.08080 0.36215 0.00798 0.08607 0.02718 0.02752 0.11720 0.03808 0.05212 0.19752 -0.09551 -0.15646 -0.24694
-0.14165 -0.17568 -0.00994 -0.23428 -0.25163 -0.02824 -0.05479 0.09164 -0.20216 -0.06604 -0.17419 0.17382 0.17322 -0.29788 0.11227 -0.07260 -0.03992 -0.11017 -0.08891 -0.05159 0.11253 0.06396 0.01606 0.27793 -0.22578 -0.16189 0.14592 0.12993 -0.00457 0.04353 -0.14560 0.09997 0.05378 -0.21300 -0.11305 0.01807 0.21330 -0.08274 0.13364 -0.01168
-0.29297 -0.16535 0.05065 -0.26434 0.15902 0.03547 0.27731 0.07206 0.18943 0.06165 -0.02263 0.01298 0.04673 -0.06989 -0.14588 -0.05454 0.07027 0.12788 0.01716 -0.06388 0.12513 0.07965 0.18886 0.04780 -0.08952 -0.00960 -0.11928 0.08300 0.11496 0.07650 0.09195 -0.11905 0.10551 0.02800 0.23060 0.18036 0.04665 0.20412 0.02567 -0.13227
