-0.27953 0.05796 0.15986 0.13651 -0.11608 0.11580 0.00636 0.13304 0.13505 -0.18327 -0.15446 0.01588 0.15385 -0.02318 -0.00000 -0.29822 -0.05224 -0.03664 -0.10478 0.15346 0.12129 0.18267 -0.10729 -0.18986 -0.25879 -0.05447 0.14658 -0.24075 -0.18616 -0.21128 -0.05597 0.02382 -0.08204 -0.20409 0.29569 0.21904 -0.01671 -0.34509 -0.13548 0.03368
0.04483 -0.01061 0.19973 -0.11813 -0.19600 -0.39852 -0.07782 0.11604 0.04806 0.02195 -0.08731 -0.17864 0.10012 -0.18255 -0.13314 -0.21891 -0.07005 -0.19204 0.23409 -0.02148 0.02575 0.17212 0.10854 0.03256 0.01095 0.10241 -0.01801 0.18245 -0.08593 0.16430 -0.02272 0.13172 -0.07593 0.22551 0.30988 -0.01099 -0.18750 0.02302 0.28191 -0.10597
0.24181 0.15222 0.02147 0.02166 -0.11461 0.20125 0.07380 0.24129 0.15164 -0.08013 -0.25935 0.15741 0.10616 -0.00677 0.16212 -0.05794 -0.19040 -0.06045 0.21230 0.04713 -0.26253 -0.32952 0.21036 -0.30778 -0.03763 -0.00640 -0.22702 -0.05420 0.02005 -0.01072 0.25355 -0.22510 -0.02750 -0.00252 -0.04018 -0.07532 -0.02054 0.07662 -0.01984 0.13597
0.11630 0.23649 -0.01972 0.08726 0.24555 0.04647 0.18073 -0.15222 -0.00504 -0.17105 0.07725 -0.13764 -0.06061 0.07980 0.24447 0.00293 0.13287 -0.04963 -0.01233 -0.00394 0.03066 -0.21381 0.08283 0.09390 0.11301 -0.07185 0.07534 0.12446 0.00702 0.02135 -0.22404 0.07243 -0.01620 -0.25401 -0.36918 -0.09662 0.13805 0.08251 0.02719 0.02004
0.19496 0.09559 -0.06681 0.19619 0.16461 0.02890 0.06239 -0.18086 -0.17428 -0.15614 0.02906 -0.12091 -0.07527 -0.12150 0.17459 0.02777 0.13599 -0.11723 -0.03818 -0.00805 0.11671 -0.09162 0.09229 0.19494 0.10707 -0.19395 0.18774 0.22460 -0.00063 -0.02231 -0.21150 0.01077 -0.14067 -0.25127 -0.35977 -0.01057 0.08443 0.15772 0.02185 0.01788
0.10984 0.07611 -0.11483 -0.21591 -0.12986 -0.00373 -0.00914 0.21942 0.05596 -0.08919 -0.10243 0.08717 -0.00034 0.17839 0.03440 -0.15460 -0.11592 0.02497 -0.05652 0.12525 -0.09373 0.05241 0.12880 -0.29987 -0.16067 -0.02746 0.14113 -0.08506 -0.01553 0.17972 0.19860 -0.08845 0.04121 0.02798 0.14559 -0.00850 0.01896 0.02815 -0.12231 -0.14523
-0.26508 -0.12771 -0.03333 -0.01933 -0.14602 0.03181 -0.25280 0.03724 0.08292 0.02864 0.13230 0.26685 0.14957 -0.19220 0.11113 -0.08870 -0.16407 -0.10516 0.13760 -0.02800 0.00996 0.00279 0.04700 -0.04841 -0.30303 0.05085 0.01387 -0.17983 -0.14740 0.03131 0.25736 0.04549 -0.03647 0.02877 -0.04358 0.12610 -0.09714 0.02705 0.07389 -0.07710
0.13927 0.08323 0.05809 0.13128 0.15002 0.12445 0.10456 -0.08655 -0.13687 -0.19860 0.12762 -0.01780 -0.01712 -0.04602 0.25100 0.00751 0.13995 -0.14382 0.01949 -0.04688 0.07481 -0.17446 0.03254 0.12803 0.00170 -0.11371 0.07815 0.32010 0.05197 -0.02002 -0.23444 -0.04499 0.01207 -0.23031 -0.25256 -0.01879 0.10333 0.12743 -0.00143 0.07517
0.23860 0.14493 -0.15912 0.11395 0.28989 0.03198 0.10224 -0.05761 -0.17015 -0.13172 0.06893 -0.05641 -0.05114 -0.00423 0.23010 0.04022 0.23337 0.00840 -0.18650 -0.02761 0.05013 -0.15989 0.04954 0.12561 0.10664 -0.25553 0.15329 0.11577 0.07546 0.09965 -0.22469 0.08848 -0.15977 -0.13893 -0.32362 -0.06199 0.24706 0.03696 -0.03229 -0.04616
0.24716 0.16418 0.14323 0.08578 -0.11369 -0.11387 0.05102 -0.11874 0.05953 0.09693 -0.02770 0.01798 -0.20569 0.13841 0.09920 0.04367 0.08755 0.02762 0.10997 -0.21882 -0.01138 0.25520 0.00204 -0.09587 0.18299 -0.24898 -0.20742 0.25507 0.03663 -0.19594 -0.02698 -0.06205 -0.30754 -0.00268 0.10886 -0.10324 0.19593 0.15633 -0.03337 -0.11613
-0.08930 -0.24367 0.19231 0.05062 -0.17333 0.11927 -0.06504 -0.00955 0.00493 0.06232 0.29072 -0.17950 0.12244 0.21074 -0.06947 -0.06750 0.02427 0.10614 0.24041 -0.10661 0.15477 0.08762 -0.00514 -0.18015 -0.24328 -0.09358 -0.12494 0.09341 0.23536 0.01113 0.00110 -0.03869 0.13878 -0.09510 0.18134 0.18648 -0.01455 -0.04218 0.07092 0.12496
0.23628 0.20246 -0.09875 0.01639 0.20966 0.00988 0.21916 -0.05323 0.06516 0.06089 0.12357 -0.14034 -0.01651 -0.03629 0.10303 0.16234 0.23214 0.10965 -0.19905 -0.13305 0.02975 -0.32431 0.11291 0.18376 0.04313 0.03928 0.21126 0.17708 0.04221 0.26371 -0.14047 0.08939 -0.05222 -0.03558 -0.16661 -0.16216 0.06830 0.20629 -0.10171 -0.02250
0.15718 0.02218 0.20048 -0.08007 -0.14247 -0.41408 -0.08504 0.06735 -0.01569 -0.07122 -0.06598 -0.15886 0.01222 -0.16335 -0.03315 -0.29196 -0.08668 -0.18999 0.32001 -0.06235 0.11596 0.13593 0.17905 0.02639 0.05262 -0.06434 -0.05012 0.15046 -0.03083 0.15881 0.01647 0.15628 -0.12914 0.22987 0.21116 -0.05424 -0.13932 -0.02463 0.30074 -0.08195
-0.10710 -0.04875 -0.12375 0.15127 0.23099 -0.06599 -0.02216 -0.20069 -0.23680 -0.08442 0.07930 -0.09626 -0.00471 -0.05938 0.38468 0.13960 0.05822 0.14256 -0.00549 -0.09774 0.22078 -0.15995 0.03528 0.21088 0.22016 -0.12068 0.13342 0.11041 0.14906 -0.11100 -0.26175 0.21047 -0.12235 0.01549 -0.23266 -0.13677 0.16517 -0.11750 0.03196 0.00764
0.08417 0.22410 -0.08289 0.22112 0.25171 0.02794 0.14408 -0.14179 -0.14483 -0.23791 -0.07168 -0.02263 0.01047 -0.13534 0.20248 0.02767 0.10389 0.03416 -0.10241 0.01268 0.03573 -0.34510 0.08675 0.07632 0.07717 -0.11152 0.26056 0.11187 -0.00975 -0.01473 -0.15553 -0.00624 -0.11612 -0.23062 -0.43663 -0.06610 0.13957 0.14377 0.03874 -0.05791
0.22840 -0.10319 -0.03713 -0.15725 -0.12502 -0.24359 0.00742 -0.05122 0.01641 0.09996 -0.08825 0.03577 -0.04310 0.08401 -0.22404 0.09868 -0.05019 -0.06116 -0.07804 -0.21656 0.05717 0.17116 -0.18708 0.08086 0.09778 0.09197 -0.34123 -0.02341 0.05077 0.05281 0.21201 0.03597 0.01066 0.27285 0.11065 -0.10118 -0.11804 -0.00826 -0.20984 0.28077
0.11229 0.14356 -0.03984 0.22146 0.25279 0.01855 -0.01213 -0.17865 -0.10948 -0.19747 0.05065 -0.00084 -0.01199 0.00585 0.09193 0.06295 0.06721 0.02422 -0.01431 0.04672 0.08886 -0.21282 0.04515 0.06370 0.09707 -0.06299 0.00861 0.18284 0.05140 -0.07415 -0.14757 -0.01737 -0.05724 -0.16288 -0.33213 -0.23041 0.15135 0.11870 -0.01110 -0.02360
-0.01708 -0.18334 -0.10335 -0.20161 -0.01762 -0.24076 -0.03854 -0.00443 -0.07259 0.15057 -0.08804 0.12511 -0.08181 0.12090 -0.22948 0.24059 -0.02412 -0.07640 -0.07116 -0.14329 0.01767 0.19301 -0.24418 -0.03094 0.12786 0.23647 -0.34822 -0.08944 0.03845 0.01021 0.22524 0.09601 0.18499 0.23511 0.03564 -0.12461 -0.15972 -0.09038 -0.21301 0.33778
0.13161 0.19008 -0.06598 0.26124 0.28846 -0.05348 -0.06249 -0.09721 -0.06602 -0.13083 0.17268 0.07678 0.02132 -0.14671 0.18502 0.01192 0.09487 -0.06410 -0.02605 0.06302 0.11660 -0.26935 0.05850 0.15453 0.08133 -0.05130 0.23131 0.31200 -0.10231 -0.05513 -0.21473 -0.07332 -0.20835 -0.12383 -0.39768 -0.06175 0.21707 0.07969 -0.00930 -0.02405
-0.28867 0.00886 0.14840 0.05309 -0.15057 0.05439 0.03683 0.21432 0.14647 -0.08782 -0.17460 -0.02397 0.17490 -0.03629 -0.03606 -0.25794 -0.03409 -0.09238 -0.15923 0.14028 0.01336 0.15861 -0.07171 -0.18838 -0.29858 -0.03839 0.11695 -0.25756 -0.18838 -0.16415 -0.05001 -0.03229 -0.03257 -0.17596 0.34337 0.17311 -0.05744 -0.27470 -0.11056 0.01257
-0.13062 -0.10150 -0.02992 -0.07328 -0.18834 0.06907 -0.21750 0.11314 0.06277 0.30795 -0.02826 0.16166 0.10129 0.04270 -0.06221 -0.09696 -0.01560 0.16963 -0.02109 -0.22120 -0.13209 -0.04897 -0.01367 -0.09379 -0.01737 0.01590 -0.21866 -0.10330 0.08747 -0.04195 0.09249 0.06623 0.03700 0.08234 0.26818 0.03891 -0.13712 0.02812 -0.26956 0.16666
0.15383 0.10324 -0.04203 0.21096 0.14527 0.15493 0.05598 -0.10379 -0.21386 -0.28070 0.11178 0.05791 -0.06275 -0.01463 0.16216 -0.02330 0.15701 -0.09449 0.00266 0.03307 0.05566 -0.31614 0.15327 0.01222 -0.05501 -0.19292 0.33817 0.21753 -0.05652 0.10281 -0.12031 -0.00941 -0.00824 -0.27380 -0.16454 -0.09416 0.01633 0.07917 0.20151 -0.01733
-0.23518 0.07002 0.13249 0.04757 -0.13767 0.06883 0.02901 0.16062 0.16065 -0.11023 -0.14322 -0.01926 0.12296 -0.02427 -0.11609 -0.29007 -0.07614 -0.07809 -0.12068 0.14642 0.07030 0.22142 -0.14164 -0.18047 -0.26155 0.00788 0.12840 -0.23669 -0.14296 -0.14349 0.01694 -0.03575 -0.06246 -0.11880 0.30791 0.22269 -0.06692 -0.25445 -0.10261 0.06379
0.09443 0.05692 -0.18562 0.11942 0.19548 0.10608 0.17015 -0.09551 -0.18932 -0.04565 0.15797 -0.03362 -0.09887 -0.14870 0.18340 0.08739 0.17584 -0.01095 -0.07224 0.01697 -0.03707 -0.19931 0.04060 0.02176 0.06305 -0.17479 0.19208 0.02691 0.08874 0.09502 -0.09732 0.04224 0.07399 -0.12456 -0.26014 0.04045 0.10354 0.09959 0.00081 -0.05740
0.18412 0.15652 -0.10839 0.22490 0.20439 0.10950 -0.03658 -0.08415 -0.10909 -0.11841 -0.02028 -0.10993 -0.07958 -0.05133 0.08478 0.08859 0.15465 0.04396 0.00166 -0.04479 0.07033 -0.22865 0.18183 0.25042 0.04854 -0.02888 0.16411 0.19761 -0.08384 0.05755 -0.16596 0.06398 -0.20401 -0.06609 -0.26766 -0.10343 0.24717 0.10044 0.04229 0.00995
-0.00011 -0.07065 -0.13152 -0.14386 -0.05224 -0.23699 -0.07346 0.01534 -0.07352 0.19070 -0.09471 0.06710 -0.05921 0.03001 -0.23241 0.21835 -0.06988 -0.13033 0.00335 -0.23056 0.01583 0.11370 -0.15541 -0.12296 0.07392 0.12735 -0.30621 -0.03437 0.14682 0.06379 0.18753 0.04374 0.14542 0.21710 0.03552 -0.01644 -0.12895 -0.00067 -0.17196 0.30215
-0.05088 -0.25385 0.21286 0.07105 -0.17173 0.15730 -0.04193 -0.00001 0.01271 0.02755 0.29851 -0.16208 0.13454 0.20745 -0.09935 -0.03177 0.00447 0.19984 0.15457 -0.08514 0.08481 0.03465 0.01519 -0.16646 -0.22712 -0.07660 -0.11650 0.08105 0.20859 0.02646 -0.03335 -0.02777 0.06471 -0.13206 0.17885 0.21090 0.05056 -0.03391 0.04760 0.10107
-0.01183 0.07386 -0.13857 0.12829 0.11520 -0.01000 -0.13573 0.17001 0.05044 0.12302 -0.15371 0.15624 0.14740 0.12732 -0.11373 -0.22356 0.12149 0.02961 0.27089 0.10654 0.12453 -0.05371 -0.05704 -0.21042 -0.26899 -0.15523 -0.13467 0.18711 -0.13630 -0.07216 -0.00718 0.10626 0.07366 -0.08798 0.02208 0.12775 -0.17208 -0.12931 -0.02440 -0.10718
-0.01057 -0.03689 -0.21241 0.24168 0.29044 0.20244 0.01422 0.01855 -0.21568 -0.21454 0.02719 -0.09196 -0.07212 -0.01558 0.10176 0.06094 0.13460 -0.02151 -0.19162 0.17069 0.08933 -0.28498 0.03922 0.21778 -0.06072 -0.12693 0.16839 0.08967 0.05054 -0.02283 -0.04736 0.06742 0.00891 -0.21862 -0.31408 -0.18531 0.25092 0.15096 0.07026 -0.12386
-0.04746 0.02401 0.11186 0.13303 -0.16044 0.20198 0.12168 -0.10029 0.14732 0.09407 -0.16937 0.07611 0.19131 0.16364 0.24581 0.03614 -0.16182 -0.01142 0.05144 0.22428 -0.07284 0.03986 0.16786 -0.19491 -0.05601 0.16382 -0.14261 -0.02236 0.09044 -0.14231 0.00143 -0.11085 0.00836 0.03795 0.21999 -0.00079 -0.08643 -0.05048 -0.07957 -0.10270
