-0.29953 0.18060 -0.21289 0.04136 0.13068 -0.06429 0.00087 -0.11602 -0.06281 -0.13107 -0.04421 0.11758 -0.05707 0.13107 -0.29809 0.24166 0.00450 0.06978 0.00220 0.28524 0.12465 0.07710 0.21937 -0.37280 -0.27782 0.01468 -0.05035 0.16948 0.13252 0.10947 -0.00044 -0.18918 -0.09100 -0.01042 -0.12997 0.10633 -0.23467 -0.01206 -0.23940 -0.19997
0.19400 -0.21385 0.04442 -0.05117 0.04638 -0.12556 0.14635 -0.04685 -0.11232 0.13960 0.08587 0.15698 -0.10383 -0.06071 0.31573 0.02483 -0.13030 -0.08125 0.11469 0.28597 -0.10937 -0.04990 -0.09721 0.18885 -0.11571 -0.12020 0.11157 -0.17383 -0.12837 -0.17776 0.09315 -0.19491 -0.40219 -0.28138 -0.17119 -0.19373 -0.10851 0.19952 -0.05931 -0.03310
0.14579 -0.05078 -0.10052 0.09823 -0.15514 0.28756 0.29240 -0.10601 -0.25340 -0.17146 -0.07946 -0.04050 0.02296 0.23480 -0.13541 0.17744 -0.14211 0.01064 -0.11187 0.29219 0.16458 -0.22472 0.16727 0.06695 -0.20883 0.09243 -0.12053 0.08387 -0.08754 -0.03218 -0.10518 -0.08179 0.09659 0.18459 -0.01354 0.19256 0.03285 0.00767 -0.05932 0.10249
0.03735 -0.19992 -0.13505 0.13812 0.18708 0.26320 0.00155 -0.03427 0.15048 -0.04243 -0.17423 0.17183 0.03440 0.15551 0.02313 0.21021 0.01036 0.17084 0.00884 -0.00535 0.29292 -0.13766 -0.32688 0.07625 -0.29952 -0.07532 0.03012 -0.04909 0.22613 0.33068 0.23489 -0.17682 -0.05880 0.16939 -0.07725 -0.00511 -0.18876 -0.10647 -0.14586 0.20022
-0.02283 -0.09692 0.23995 0.00918 -0.20953 -0.05010 -0.06210 0.19271 -0.14381 0.29002 0.06258 0.06593 -0.07145 0.03432 0.33668 0.26336 0.22997 -0.19233 0.16179 0.23848 0.29818 -0.09582 -0.11345 -0.12293 0.16518 -0.24155 -0.14862 -0.14192 0.19814 -0.15734 0.10871 -0.12621 -0.45184 0.01977 -0.01222 0.15404 0.10656 -0.16166 0.00515 0.38620
0.08647 0.13915 0.07638 -0.04012 -0.23486 0.01325 0.14587 0.12746 0.02438 0.30532 0.03209 0.14243 0.14208 0.22581 0.32048 0.01166 0.10982 -0.19937 -0.10483 0.13921 0.16728 -0.08172 -0.25727 -0.21477 -0.00005 -0.04663 -0.07769 -0.18203 0.27989 -0.22450 -0.01546 -0.09223 -0.40885 -0.14968 0.10584 0.01830 -0.01753 -0.05583 -0.19730 0.30444
-0.09459 -0.16452 -0.07643 -0.06930 0.08824 -0.03358 0.01121 0.11000 0.01838 0.21948 -0.06436 -0.18643 -0.22441 -0.01375 0.12985 0.14053 -0.09322 0.04487 0.09774 0.10304 -0.16284 -0.07521 0.00857 0.18605 0.04499 -0.16326 -0.15331 -0.19580 -0.18675 -0.05081 -0.26313 0.01765 0.11189 -0.00564 0.22367 -0.06814 -0.14088 0.03364 0.18959 -0.21319
0.15134 0.05693 -0.02891 0.16853 0.18020 -0.03846 0.00600 -0.03786 0.30396 -0.31432 -0.03883 0.34248 0.14209 -0.01555 -0.00326 -0.09730 0.00702 0.19540 -0.01950 0.21090 0.25974 -0.11232 -0.02167 -0.12612 -0.03775 -0.22057 -0.30106 -0.11441 -0.06512 0.28523 0.08602 -0.18227 -0.04662 -0.25447 0.02339 0.16717 0.02873 0.04436 0.16604 -0.14964
0.04697 0.03256 -0.21086 -0.15627 0.11104 0.04452 0.23471 0.08409 0.28171 -0.25000 -0.13407 -0.18039 0.20537 0.24939 -0.18046 0.12141 -0.22580 -0.08117 0.02227 0.03260 0.18037 -0.09033 0.09342 0.13716 0.18907 -0.20630 0.15766 -0.05346 -0.23056 0.13053 -0.24022 0.24282 -0.34301 -0.20375 -0.22503 -0.19200 -0.04124 -0.11046 -0.06791 0.09466
-0.13067 0.20457 0.24911 0.26459 0.26346 0.14784 -0.25016 0.01741 -0.00728 -0.18123 -0.30326 -0.19784 0.10665 0.07564 -0.31727 0.04319 -0.27335 0.26650 0.02841 0.00534 0.24708 0.04379 0.23751 0.16873 -0.23389 0.36712 -0.23850 -0.13773 0.15258 0.24605 0.30493 0.27284 -0.20169 0.24477 0.16070 0.21771 0.19597 0.08261 -0.25109 0.27952
0.13540 0.28691 -0.17414 -0.00374 0.26127 -0.30276 0.17288 -0.17055 -0.11240 -0.21542 -0.15009 -0.35357 -0.00794 0.22383 -0.03244 0.13739 0.20986 -0.29158 -0.16843 0.19489 0.31774 0.13614 0.11685 0.08229 0.16654 0.08901 -0.03304 -0.33161 0.18283 -0.06729 0.24212 -0.06389 -0.21323 -0.27819 0.02253 -0.04043 0.16694 0.21184 0.09463 0.10469
-0.25060 0.10113 -0.05232 -0.41243 -0.40186 0.07907 -0.24893 0.08953 0.37030 0.19855 -0.14828 -0.10613 0.16938 -0.20576 0.20957 -0.19352 -0.04937 0.07176 0.09732 -0.38524 -0.30331 -0.30005 -0.06469 0.17504 0.00646 -0.24035 0.08706 0.01040 0.25349 -0.15546 -0.25111 -0.21929 -0.01839 0.04579 0.25363 -0.01918 0.21583 0.28529 -0.11387 0.19484
-0.23041 -0.07738 0.11934 0.25212 0.13982 -0.12691 0.04503 0.05674 0.05320 0.10937 0.02224 -0.19627 0.37915 -0.01403 0.14823 0.02955 0.06728 -0.00882 -0.00186 0.32992 -0.08368 0.14745 0.22272 0.16768 -0.29051 0.31855 -0.14420 -0.15170 0.05717 -0.30581 0.19513 -0.15966 0.09405 0.16765 -0.08019 -0.03368 -0.02449 -0.10264 0.04728 -0.09389
-0.26337 -0.07023 0.21734 0.18173 0.02535 0.07004 -0.12644 0.26948 0.16512 -0.14390 0.11689 0.05497 0.13896 0.02870 -0.28771 -0.10558 0.14040 -0.20914 -0.12801 -0.00611 -0.23860 0.22392 0.08856 -0.08024 -0.20532 -0.30984 -0.18233 0.13331 0.09895 0.11667 0.05181 0.09848 0.17646 0.13330 0.02766 -0.10926 -0.00582 -0.13343 0.05023 0.06125
-0.25265 0.43447 0.11912 -0.04871 0.15134 0.03825 -0.19068 0.10740 -0.21068 -0.11676 -0.00617 0.26031 -0.10051 -0.29615 -0.01227 0.06267 0.08449 0.05252 -0.30169 0.30134 -0.29574 0.20886 0.13266 -0.16428 -0.22397 0.20314 -0.08437 0.04559 0.03981 -0.12856 0.22601 0.10093 0.00809 0.14415 -0.14849 0.01632 -0.31026 -0.22437 -0.14086 -0.32737
-0.33469 0.18772 -0.12046 0.19573 0.04500 -0.00016 0.00364 -0.07667 0.08075 -0.05088 -0.01880 -0.06392 -0.01303 -0.18157 -0.24551 0.10526 -0.01425 -0.01143 -0.09512 0.21769 -0.13788 0.03292 0.08489 -0.25456 -0.11733 0.15355 -0.02197 0.14218 0.19606 -0.20572 -0.08746 -0.16956 -0.01706 0.04398 -0.07518 0.04716 -0.23563 0.06623 -0.18421 -0.26218
-0.02595 -0.09480 -0.12447 0.07588 0.17444 0.10677 0.11147 -0.04865 -0.03138 -0.00446 0.13696 0.10416 0.04613 0.36492 0.19396 0.05493 -0.05725 0.09514 -0.01103 0.13977 0.17028 -0.15985 0.13795 -0.03023 0.10430 -0.18520 0.31327 -0.22337 -0.19495 0.04778 0.00261 0.22759 -0.13756 0.02676 0.21654 -0.26535 0.22913 0.23108 0.26302 -0.14041
-0.01692 -0.00762 -0.03262 0.23150 0.22872 -0.01494 0.07912 -0.03788 0.00317 0.26485 -0.02459 -0.10231 0.20817 0.30032 0.06941 0.08627 -0.14264 0.07881 -0.14780 0.15798 0.15936 0.06738 0.10720 0.21900 0.24360 -0.05724 0.05236 -0.26336 0.09050 -0.06094 0.16145 -0.01174 0.09332 0.30125 0.29282 -0.25159 0.20308 -0.17718 -0.07711 0.02111
-0.07293 -0.09994 0.10825 -0.30947 0.01543 0.06906 0.30576 -0.03153 -0.15127 0.05650 -0.25493 0.31615 -0.08598 -0.19931 0.23167 -0.41958 0.08048 -0.17404 -0.26084 0.22104 -0.12932 0.28294 -0.32530 0.09245 0.00647 0.29522 0.10858 -0.03397 0.22353 0.12293 -0.25124 -0.04273 0.01446 0.32085 0.11349 -0.09388 0.02226 -0.02771 -0.03635 0.06561
0.14067 -0.20901 -0.22146 -0.00990 0.22407 0.10889 -0.04725 -0.31433 -0.01149 0.17161 0.20978 0.15277 0.07931 0.30086 0.03447 -0.00945 -0.09662 -0.03104 0.07064 0.01179 -0.13836 -0.02313 0.01046 -0.01291 0.09591 -0.03873 0.03995 -0.11886 0.04374 0.07866 0.14829 0.23526 0.01557 0.15951 0.03550 -0.38396 0.19468 -0.07203 0.14407 -0.24763
-0.20840 -0.17852 -0.20100 -0.08388 0.16644 0.07846 0.17542 -0.34882 -0.07159 0.11208 0.23683 -0.18162 0.09888 0.36431 0.09355 -0.21200 -0.09698 -0.15339 -0.27714 0.00625 0.01162 -0.34045 0.19056 -0.12983 -0.03970 -0.35166 0.16466 -0.19976 0.02392 -0.10777 0.26551 0.31035 -0.00837 0.22717 0.23210 -0.06948 -0.00267 0.12456 0.20805 0.25118
0.11516 0.08270 -0.10075 -0.06311 0.20781 0.09017 -0.21341 -0.00650 -0.22514 0.15026 -0.08983 -0.15518 0.04163 0.28983 -0.00257 -0.07792 -0.01442 -0.19142 -0.05517 0.05170 0.13952 -0.07140 -0.03362 -0.07456 0.07303 -0.30317 0.16478 -0.11346 -0.17959 -0.17067 0.13806 0.22675 -0.13740 0.16240 0.01899 -0.15789 0.30445 0.15829 0.12521 -0.23529
0.06582 -0.22365 -0.12130 0.02775 0.24508 0.01359 -0.06413 0.02501 -0.11968 0.22358 0.14879 0.03287 0.18166 0.19929 0.12222 0.04139 -0.00369 0.04132 -0.22206 0.08975 0.05895 0.09260 0.00923 0.00886 0.13474 0.08503 0.22886 -0.24809 -0.14471 0.11025 0.08165 -0.01461 -0.15413 0.25658 0.22467 -0.01125 0.23537 0.16460 0.23293 -0.15402
0.07021 -0.27942 0.09308 -0.24398 -0.20012 0.33441 -0.04339 -0.13010 0.26198 -0.27684 -0.08712 0.15572 -0.01556 0.12822 -0.23079 -0.06244 0.12453 -0.06512 0.15677 -0.13744 0.06489 0.30165 -0.03720 0.25491 0.20445 0.00146 0.15991 0.30002 -0.15285 0.05405 0.01698 -0.07622 0.17684 0.11621 -0.30655 -0.21802 -0.17086 -0.07141 -0.09178 -0.07799
-0.02261 -0.07623 -0.04915 -0.20488 -0.14302 0.14632 -0.07764 -0.11765 0.26372 -0.18958 -0.14612 0.18500 0.06650 -0.06443 0.06325 0.06223 0.24141 0.09536 0.12405 -0.19355 0.02206 0.29293 -0.11361 0.30227 0.17959 -0.06907 0.07109 0.16916 -0.04038 0.20474 -0.03992 -0.07587 0.26128 0.07267 -0.24497 -0.16084 0.00141 0.00271 -0.15950 -0.10618
0.03794 -0.05410 0.07529 -0.08257 -0.01857 0.27765 0.06344 -0.08453 0.17422 -0.21562 0.04305 -0.06567 -0.07857 0.03828 -0.00675 0.10461 0.05522 0.10394 0.15352 -0.11553 0.10006 0.14215 0.08974 0.09257 0.24366 0.01240 0.10683 0.23872 -0.04162 0.02741 -0.06462 0.01567 0.18006 0.02505 -0.19596 0.00184 -0.01481 0.09480 -0.18449 -0.07790
0.12799 -0.25323 0.08025 -0.19781 -0.01259 0.19481 -0.14375 -0.13779 0.32389 -0.28191 -0.17250 0.13646 -0.04138 0.03406 -0.11802 -0.12270 0.14626 -0.08294 0.00879 -0.20036 0.07736 0.40317 -0.03444 0.17742 0.19766 0.10780 0.02664 0.17149 -0.04714 0.29862 -0.14848 0.00524 0.15394 -0.07174 -0.13419 -0.15762 -0.07686 -0.00023 -0.11045 0.05484
-0.04225 -0.15187 0.15547 -0.05076 -0.12942 0.16295 0.03794 0.10937 0.35358 0.05905 -0.10708 0.15862 -0.12151 0.20276 -0.19666 0.06539 0.14061 -0.18102 0.31160 -0.18336 -0.02938 0.41840 0.04468 0.27120 0.41648 -0.22478 0.17714 0.35119 -0.02225 0.25652 0.06769 0.06531 0.19103 0.19045 -0.25307 0.11444 -0.17275 -0.09929 0.00096 -0.00190
-0.04532 0.05201 -0.31019 -0.10707 0.23157 -0.07857 -0.03012 -0.41450 -0.25063 0.11670 0.33760 -0.20588 0.12311 0.26901 -0.06016 -0.11131 -0.03247 -0.22403 -0.05096 -0.06239 -0.00203 -0.25290 -0.21540 0.13415 0.04810 0.05059 0.14892 -0.29377 -0.15965 0.14323 0.03727 0.29367 -0.00440 0.15228 -0.14854 -0.31277 0.25333 -0.12821 0.27003 0.20780
0.04972 0.17270 -0.14460 -0.20374 0.28281 -0.25206 0.00157 -0.24527 -0.11130 0.30810 -0.12455 -0.05088 -0.26363 0.12308 -0.03134 0.23548 -0.14066 -0.07219 0.36760 -0.07823 0.15834 -0.22926 -0.09273 -0.07632 -0.09172 -0.25579 -0.10161 0.21283 -0.11611 -0.33635 0.01146 -0.18815 -0.01964 -0.17808 0.12079 0.05959 -0.11608 -0.18277 -0.05222 -0.04818
-0.07868 -0.04370 0.29929 -0.15588 -0.17049 -0.01464 -0.13574 0.13448 -0.05216 0.11140 0.04493 -0.08423 0.08742 0.22325 0.26976 0.02688 0.30499 -0.27547 -0.01024 0.23403 0.15664 -0.08046 -0.19134 -0.19935 0.21978 -0.30237 -0.00113 0.08663 0.15695 -0.28519 0.01005 -0.05346 -0.32114 -0.08474 0.01888 0.16134 0.01468 -0.02551 -0.15342 0.40277
-0.21830 0.29894 -0.01918 -0.02936 -0.10295 0.06688 -0.20599 -0.22240 -0.23284 0.13885 0.19691 -0.03021 -0.07150 0.09927 -0.15482 0.10312 0.08208 -0.08053 -0.09060 0.09045 0.05754 0.14619 -0.02995 -0.26749 -0.25222 0.07394 -0.06841 0.09942 -0.09931 -0.12254 0.01363 -0.10371 0.13188 0.15093 -0.14649 0.02948 -0.10570 0.03155 -0.01915 -0.15422
0.06430 -0.20759 0.21639 -0.27214 0.23140 0.22802 -0.14796 0.07575 0.16834 0.12707 -0.21775 0.26222 0.24821 -0.38378 -0.13807 0.13289 -0.12722 0.18600 -0.00524 -0.20463 0.07707 0.21564 -0.23555 0.12861 0.08368 0.08806 0.23119 -0.01550 -0.07144 0.34388 -0.04738 -0.06904 -0.18794 0.15263 0.11776 0.17883 0.17463 -0.09340 -0.30024 0.13524
0.30210 -0.16804 0.01043 -0.02098 0.08914 -0.11441 0.01686 -0.13761 -0.13306 0.02026 0.14794 -0.04748 0.02035 0.12157 -0.18905 -0.12320 -0.15243 -0.09182 -0.06386 0.00964 0.07964 -0.05865 0.04425 0.13670 0.25146 -0.12978 0.05100 -0.04460 -0.21642 -0.10935 0.16094 0.24138 0.09536 0.19139 0.19506 -0.32098 0.24209 -0.03238 0.19992 0.03570
0.18571 -0.05300 -0.06614 -0.06583 -0.06230 0.25967 0.37957 0.02177 -0.22579 -0.24382 0.17730 0.04549 -0.06988 0.28487 -0.21627 0.26228 -0.27424 0.03656 -0.16501 0.36878 0.03421 -0.23270 0.32859 0.24339 -0.31849 0.12046 -0.19784 0.08836 0.12375 0.04342 -0.13422 -0.08318 0.07180 0.09240 0.01616 0.21545 0.03202 -0.04377 0.05351 0.14649
0.07751 -0.07640 0.10988 -0.12664 0.12692 0.13601 0.25903 -0.01117 -0.07906 0.06881 -0.10123 0.21586 0.02490 -0.04791 0.09899 -0.36016 0.16600 -0.10708 -0.26760 0.12400 -0.24864 0.32380 -0.38027 0.20649 -0.09945 0.29107 0.05450 -0.06246 0.14813 0.15807 -0.05964 0.00324 0.13707 0.24102 -0.03425 -0.08213 -0.08152 0.07797 0.01602 -0.07441
-0.17976 0.03894 0.15214 0.13084 0.09514 -0.00845 -0.15795 0.23086 0.17552 -0.04570 -0.06162 -0.04162 0.18549 -0.01263 -0.20065 -0.16312 0.06658 -0.25066 -0.09788 -0.07624 -0.16923 -0.03440 -0.07013 -0.06736 -0.15285 -0.21566 -0.06220 0.02631 0.10228 0.03940 -0.07855 0.13520 0.21122 0.21589 0.05258 -0.20386 0.13632 -0.07111 0.11451 0.11006
0.01014 -0.21692 -0.00312 0.06187 -0.01741 -0.18368 -0.07929 -0.16454 -0.06187 -0.03523 -0.01844 -0.08310 -0.32952 -0.16047 0.03793 -0.11596 0.08998 -0.06588 0.10759 0.06951 -0.16474 -0.05465 0.11776 0.02268 -0.20335 -0.21648 0.10144 -0.03810 -0.14083 -0.25983 -0.09098 -0.01353 -0.29373 -0.13612 0.26391 -0.16246 -0.03826 -0.09116 0.10969 -0.23054
-0.13558 -0.06716 -0.14937 0.03544 0.00408 -0.09648 0.07482 -0.18292 -0.17201 0.21698 -0.17727 0.07488 -0.31922 0.12066 -0.01980 -0.20213 0.06340 -0.19654 0.25949 -0.09011 -0.00387 -0.21947 -0.22808 0.01664 -0.05805 -0.24004 -0.05989 0.03163 -0.01335 -0.18617 -0.02430 -0.02623 -0.13339 -0.23990 0.23784 -0.03091 0.13676 0.05577 -0.00651 0.01882
-0.18229 -0.10000 -0.20691 0.10287 -0.26752 -0.13156 -0.07168 0.04846 0.02467 -0.08998 0.12859 -0.24192 0.21132 -0.05205 -0.21956 -0.18765 -0.07631 0.15658 0.10483 -0.01949 0.16706 0.04095 -0.02747 0.04763 -0.04768 -0.14350 -0.22292 -0.20146 -0.00992 0.05206 -0.22630 -0.01257 0.24225 -0.06774 -0.14941 0.09066 0.29022 0.15590 -0.16630 0.26349
-0.00376 0.16390 0.13187 -0.00629 -0.22094 -0.18868 -0.00338 0.08344 -0.01677 -0.17448 -0.14741 0.27914 0.19296 -0.33289 0.19220 0.02916 0.23283 0.04550 0.10756 0.07723 0.21745 0.17378 0.15303 -0.10269 -0.11166 0.21632 -0.29161 -0.21114 -0.05916 -0.22489 -0.18431 -0.27821 0.14344 0.15748 -0.29920 0.09826 0.15785 -0.22674 -0.27572 -0.11011
0.01516 0.26707 0.17955 0.17844 -0.13807 0.21797 0.00137 0.04657 0.03379 -0.15709 0.05102 0.14296 -0.17870 -0.02937 -0.11646 0.07102 -0.17469 0.05765 -0.21722 0.20838 -0.10459 0.09654 -0.09397 -0.18966 -0.09403 0.02311 0.01812 0.11082 -0.19051 0.04679 0.10559 -0.15603 0.06610 0.07484 0.11829 0.15342 -0.27420 -0.16004 -0.28948 0.08240
0.20808 0.07481 0.07350 -0.05587 0.17735 -0.05382 -0.23867 -0.27773 -0.07755 0.21299 -0.15541 -0.30101 0.23437 0.15315 0.02039 0.33463 0.11139 0.37535 -0.18272 0.02476 -0.08733 -0.19061 -0.01391 -0.00240 -0.19021 -0.04754 0.17991 0.21377 0.12527 -0.23580 -0.12520 -0.20265 0.23473 0.22413 0.04965 -0.16302 0.02986 -0.16360 -0.16818 -0.19707
-0.18443 0.12106 0.27102 0.20857 0.09482 0.14277 0.16217 -0.27701 0.05179 -0.20089 -0.19734 0.01851 0.22204 -0.04726 -0.10889 -0.06190 -0.10334 0.29555 0.18015 0.02416 -0.02334 0.07815 0.25646 -0.16995 -0.07029 0.18007 -0.09934 0.29286 0.01368 0.33235 -0.09465 0.07385 0.19956 -0.25360 0.05268 0.32422 -0.18736 -0.19889 -0.02167 0.00834
-0.08105 0.09766 0.02484 0.18678 -0.06498 0.08016 0.00174 0.18522 0.01766 0.15852 0.00293 0.26482 -0.05491 -0.13847 -0.05957 0.20872 0.04163 -0.03091 -0.12408 0.25945 0.01680 -0.17079 0.14603 -0.10592 -0.22186 0.09126 -0.03930 -0.12399 0.19765 -0.06433 0.23862 -0.11332 0.11503 0.07801 0.12704 -0.12826 -0.26209 -0.10706 -0.28304 -0.17710
0.09799 0.06268 0.11628 -0.23556 0.12975 0.03575 0.05894 0.12346 0.16449 0.11979 0.14068 0.21364 0.48001 -0.09357 0.04011 0.09145 0.23982 -0.04891 -0.00707 -0.04409 -0.36272 -0.17666 0.25109 0.02755 0.08466 -0.04844 0.11715 0.22771 0.13525 0.38554 0.24081 0.26162 -0.02783 0.06364 -0.29982 -0.05178 0.00720 0.06314 0.03393 0.31007
0.03122 0.39991 -0.04306 0.07281 0.09352 0.27179 0.02909 -0.03545 0.15316 0.16834 0.14235 0.23625 -0.23763 0.11404 0.18122 0.16938 0.21390 -0.05268 0.04038 0.17272 -0.12896 0.00521 0.11100 -0.29113 -0.04771 0.13490 -0.20216 0.12469 0.12331 -0.04279 -0.10778 0.05707 0.11527 -0.16772 0.01207 0.24845 -0.24193 -0.04364 0.02196 -0.10076
-0.24636 0.24722 -0.25936 -0.25363 0.14566 0.22852 0.02598 0.07256 0.09898 -0.26857 0.16873 0.23878 0.11738 0.17964 0.09448 -0.24649 0.25217 0.23809 -0.08675 0.05004 -0.38603 0.10581 -0.10868 -0.27727 -0.13709 -0.06485 -0.03003 0.17924 -0.33115 0.25407 -0.03277 -0.01923 0.21043 0.08226 -0.38104 -0.24329 0.30970 -0.34594 0.16628 -0.26072
0.22651 -0.04897 -0.13274 0.10471 0.13295 -0.05316 -0.09442 -0.20620 -0.16298 0.00375 0.17595 0.11034 0.00220 0.19715 -0.04805 -0.10028 0.06651 0.10313 -0.02917 -0.01712 -0.01188 -0.04479 0.04903 0.06079 0.17255 -0.09024 -0.03790 -0.21094 -0.04366 0.03186 -0.05278 0.16494 -0.12029 -0.11936 0.02409 -0.08280 -0.00021 -0.06907 0.14303 -0.11117
0.00257 -0.07821 0.15535 -0.10294 0.04031 -0.02753 -0.12910 -0.23576 -0.12591 0.05525 0.03222 0.12028 0.00913 0.33888 0.00662 -0.17618 0.02060 0.16461 -0.35127 0.14122 -0.00820 0.33505 -0.05293 0.04734 0.23776 -0.27002 0.22379 -0.10493 -0.23144 0.08519 0.03352 -0.11890 0.09886 0.08481 0.31658 -0.38325 0.05326 -0.02513 0.24444 0.09991
0.16632 0.09602 -0.16386 -0.03769 -0.14159 -0.22628 -0.11549 0.38118 -0.17836 0.14311 -0.23096 0.01071 0.14491 -0.15333 -0.06403 0.34893 -0.16037 0.09556 0.13533 -0.31321 -0.15483 0.11582 -0.04726 -0.02465 0.26209 -0.24310 0.11023 -0.00451 -0.10274 -0.31106 -0.14724 0.03368 0.16448 0.08860 -0.04037 0.26923 0.33772 0.08275 -0.27770 -0.14847
0.10066 -0.24123 -0.05078 0.17305 0.19712 -0.16322 -0.11210 -0.14635 -0.21003 0.07934 -0.11202 -0.12841 0.17357 0.23531 -0.03559 0.08248 0.06423 -0.06319 -0.21958 0.18432 0.17649 0.15980 0.04368 0.07158 0.04897 -0.22266 0.13138 -0.11543 0.06651 -0.01286 0.07091 0.11857 -0.08707 0.19650 -0.10697 -0.19336 0.07513 0.06751 0.18481 -0.09231
0.09839 -0.07916 -0.06605 -0.00392 -0.14759 0.16047 -0.03115 0.07302 0.06693 -0.06244 0.12972 0.14398 -0.00204 0.36427 0.11104 0.01341 0.14274 0.18308 -0.03433 0.20196 0.13305 0.13088 0.13978 -0.07043 0.09749 -0.27483 0.25351 -0.16615 0.20952 0.04338 0.00076 0.16613 0.04804 0.22092 0.23764 -0.37839 0.09031 -0.14579 -0.00912 -0.07584
-0.06500 0.33200 -0.21883 -0.04446 -0.01682 0.13446 0.25270 0.02041 0.07659 0.11342 0.18421 0.12899 -0.16237 -0.09184 0.07903 0.11858 0.00380 0.05213 -0.19419 0.22171 -0.01945 -0.00373 0.19540 -0.30669 -0.12945 0.20556 0.04433 0.02600 -0.01902 -0.09380 0.07689 -0.25434 0.11244 -0.00933 -0.00025 0.20318 -0.12080 0.12424 -0.12491 0.03044
0.18744 -0.05440 -0.13973 0.08131 0.12715 -0.00810 -0.17776 -0.03983 -0.06222 -0.02942 -0.03428 0.06956 0.24632 -0.00474 0.08800 -0.13538 0.04631 -0.16188 -0.11479 0.00317 0.09618 -0.11879 0.06835 -0.02506 -0.17725 0.07544 0.20352 0.00001 -0.08296 -0.05870 0.02420 0.23045 -0.19747 -0.05567 0.04500 0.01871 0.07314 0.16209 0.11419 -0.12749
0.20769 -0.04169 -0.10951 -0.03781 0.06777 -0.00801 -0.07033 -0.20729 -0.35294 0.12770 0.25690 -0.14745 0.11117 -0.08182 -0.01029 -0.03895 -0.10796 -0.18982 -0.20122 0.12018 0.06321 -0.09362 -0.12744 0.09708 0.13977 -0.05727 0.15619 -0.31294 -0.15251 -0.07499 0.21433 0.24238 0.01818 0.17378 0.06601 -0.06122 0.23448 -0.13299 0.07757 -0.15916
0.08280 0.25865 0.06758 -0.03244 -0.10255 0.00321 0.13153 0.08360 -0.39297 -0.03602 0.18441 0.29827 -0.14456 0.06795 -0.01989 0.07929 -0.04041 0.06702 -0.18564 0.15820 -0.05099 -0.17092 -0.22737 -0.28936 0.08816 0.33707 -0.01421 0.01468 0.02805 0.19849 0.01987 -0.08250 -0.00934 -0.04050 -0.19809 0.04045 -0.25792 -0.28129 -0.05598 -0.06579
-0.24936 0.31395 -0.15914 -0.05803 -0.15828 0.09301 0.09448 0.18348 -0.25938 0.16990 0.31002 -0.07514 -0.10490 -0.00590 -0.18617 -0.04147 0.00825 0.09323 -0.02130 0.03721 0.08706 0.04919 -0.14511 -0.34474 -0.22515 0.24343 -0.04383 -0.10529 0.10866 0.01650 -0.01817 -0.13416 0.13274 -0.12577 0.06456 0.27456 -0.14237 -0.20831 -0.17124 0.17324
0.01693 0.24703 -0.03681 0.25110 -0.09090 -0.01790 -0.11790 0.23833 -0.27546 0.08311 0.27679 0.09541 -0.04795 -0.28210 -0.17071 -0.10359 0.12920 -0.10591 -0.04667 0.12940 0.01368 -0.05453 0.03167 -0.36487 -0.34089 -0.02262 -0.11711 0.15649 -0.12923 -0.31053 0.17649 -0.14133 0.11339 -0.20201 -0.17587 0.03459 -0.13289 0.01537 -0.14109 -0.16965
-0.10333 0.16646 -0.34676 0.22268 0.15998 -0.25939 0.16430 0.21860 -0.04454 -0.02540 0.11584 -0.29951 0.06194 -0.11643 -0.27870 0.00328 -0.18207 -0.02404 0.23407 -0.05721 0.12945 0.06574 0.03007 0.01435 0.11151 0.25677 -0.12265 0.15352 -0.10724 0.11639 -0.33283 0.30380 -0.11549 -0.03811 -0.09905 -0.04092 -0.24811 -0.16767 0.12610 -0.02044
-0.09191 -0.14983 0.23410 -0.28672 -0.10658 0.26580 -0.26879 -0.07530 0.23540 0.04120 0.19090 -0.15426 -0.01980 -0.15797 -0.18823 -0.03008 0.05955 -0.04592 0.26771 0.06384 -0.15824 0.24266 0.20809 0.27725 -0.10705 0.23817 0.01109 -0.24819 -0.25681 -0.07143 0.16481 0.01422 0.04592 -0.16157 -0.16004 -0.13504 0.10207 -0.20439 0.13621 0.03740
-0.31298 -0.02044 -0.00253 -0.23014 -0.28742 -0.11405 -0.12741 0.12149 0.24720 0.15634 0.01323 -0.19283 0.12262 -0.06773 0.14445 -0.05149 -0.11198 -0.04793 -0.08255 -0.30839 -0.17926 -0.33939 0.07689 0.02613 -0.05570 -0.28069 -0.14321 0.07166 0.20720 -0.05653 -0.05459 -0.00537 0.09156 0.14286 0.18431 0.03577 0.15415 0.16856 -0.16262 0.14085
0.03631 -0.03715 0.01288 -0.14077 -0.26704 0.21874 0.16953 -0.05649 0.33843 0.16900 0.17687 -0.24130 -0.14543 0.08103 0.04091 0.16265 0.08201 -0.04457 0.16969 -0.21759 -0.28705 0.13940 0.36349 0.06421 0.23505 0.03778 -0.20762 0.24665 -0.14795 -0.25783 0.19487 -0.01213 -0.07804 -0.33033 -0.35914 0.13711 0.24739 -0.26203 -0.18223 -0.06753
0.27237 0.03048 0.14007 0.23569 0.10012 -0.08601 0.09954 -0.08234 0.25103 -0.38807 -0.10715 0.30528 0.01966 0.01850 -0.12946 -0.23738 0.01396 0.17422 0.02378 0.27830 0.26689 -0.10217 -0.09635 -0.13277 -0.04209 -0.16719 -0.32182 -0.02962 -0.10594 0.16799 -0.10694 -0.07593 -0.14201 -0.33759 -0.04085 0.24269 -0.00220 0.11239 0.18301 -0.14306
-0.16888 0.39457 0.23538 -0.16590 0.08513 0.25875 -0.02856 -0.08122 -0.36878 0.22299 0.26201 0.04417 0.11198 -0.17165 -0.13416 0.13245 0.20830 0.28172 -0.09965 0.34278 -0.33996 -0.17933 -0.15918 -0.06554 0.10112 -0.10148 -0.08757 0.31078 0.25844 -0.14504 -0.11529 -0.19765 -0.10373 0.16301 0.02165 0.15657 -0.07230 -0.30960 -0.26919 -0.09056
0.04812 -0.19185 0.12228 0.07869 -0.01688 -0.33299 -0.14745 0.29702 0.00351 -0.00342 0.19760 -0.16160 0.06286 -0.02934 0.03402 -0.01012 -0.13290 0.33296 -0.07541 0.06372 0.27315 -0.33579 0.09927 0.05159 -0.34454 0.04255 -0.34976 -0.09073 0.21343 -0.25837 -0.22584 -0.14872 0.20118 0.19547 0.19203 -0.11972 0.26305 0.20451 -0.28028 0.12355
0.07000 0.16027 0.37457 -0.23463 -0.21519 -0.22563 -0.17055 -0.33405 -0.17607 -0.30209 0.03763 -0.08663 0.04224 0.10623 0.18461 -0.09613 -0.16161 0.24776 0.17334 0.07379 -0.06606 -0.20307 0.25462 -0.03968 -0.21337 0.13751 0.26007 0.14293 0.23642 0.11915 -0.26602 0.10248 0.02034 0.31308 0.16228 -0.15385 0.21977 0.13869 -0.09911 -0.18275
-0.05235 -0.19600 0.00228 0.07958 0.07491 -0.11273 0.13653 -0.03305 0.05497 0.18220 -0.01618 -0.03398 -0.25856 0.09828 0.10651 -0.14261 0.06193 -0.11853 0.20321 -0.04176 -0.04731 -0.05548 -0.07479 -0.04118 -0.20417 -0.25853 0.11074 -0.11016 -0.01088 0.01416 -0.17297 0.09909 -0.23496 -0.11330 0.09582 -0.12205 0.03758 0.07787 0.00705 -0.11726
-0.08616 0.09640 -0.23208 -0.02270 -0.23916 0.19596 0.09480 0.08706 -0.10698 0.00129 0.31848 0.20866 0.36504 -0.05025 -0.17253 -0.20661 -0.09014 -0.10508 -0.20705 0.22336 -0.03495 -0.15143 -0.15871 -0.05787 0.22258 -0.01561 -0.13718 0.01620 0.00232 0.16808 0.05065 0.42920 -0.07118 -0.04192 0.11969 -0.08559 -0.06501 -0.20095 0.07525 0.17095
0.14476 -0.19133 0.28056 0.16938 -0.13151 0.02645 -0.12223 0.10336 0.25070 0.02318 -0.00554 0.22686 -0.16159 -0.08583 -0.04986 -0.03515 -0.24800 0.22062 0.25722 -0.02832 -0.00271 -0.23078 0.00565 0.20781 0.20241 -0.04163 -0.16706 -0.20336 -0.18953 -0.10181 0.02888 -0.33239 -0.27174 -0.13498 -0.07017 -0.02252 -0.02003 0.00688 0.24500 -0.25502
-0.25743 0.14306 0.15684 -0.09426 -0.06450 0.20630 -0.24941 0.06974 0.09914 0.06560 -0.19289 0.25075 0.05293 0.09467 0.31784 -0.15936 0.16044 -0.00143 0.27936 0.01164 -0.18931 -0.00842 -0.04364 -0.06436 -0.07861 -0.12334 -0.28806 -0.32730 -0.08752 -0.01054 0.12147 0.14658 0.21367 0.07404 -0.15219 -0.05793 0.27642 -0.08422 -0.09594 -0.34238
