-0.39401 -0.14024 0.35597 0.40139 -0.37288 -0.37803 0.41159 0.19829 -0.33409 -0.29195 -0.38708 -0.27840 0.21932 -0.02116 0.26490 0.04164 -0.04695 -0.12839 0.39329 0.20094 -0.14053 -0.19358 -0.20145 -0.36586 0.21355 -0.49539 -0.37304 -0.16837 -0.09318 -0.42001 0.14386 -0.30693 -0.21977 0.41191 0.14959 -0.25356 0.17496 0.08592 0.23991 0.29845
0.00436 0.14269 -0.02913 0.04952 0.26403 0.31021 -0.01082 -0.28402 0.09989 0.05897 0.18460 -0.13879 0.14133 -0.20712 0.15520 0.35917 0.34983 -0.31805 0.02499 0.15665 -0.27451 0.08151 0.05087 0.10516 0.10642 0.20230 -0.24306 -0.19615 -0.10917 -0.21073 -0.24073 0.00746 -0.19334 -0.19347 -0.24902 -0.20012 -0.24994 0.15301 -0.06853 0.29443
-0.01468 0.17237 0.05123 0.20422 0.31475 -0.08712 -0.33741 -0.01162 0.13983 -0.16485 -0.06781 -0.19722 -0.17092 -0.04305 0.07260 0.16255 -0.00297 0.12964 -0.21589 -0.26843 -0.20217 0.19354 0.13731 0.05038 -0.10294 0.16548 -0.07641 0.18413 -0.06594 0.16188 0.06295 0.11027 0.02534 -0.09190 0.13327 0.26689 -0.25706 0.19164 -0.18921 0.22892
0.11866 -0.11677 0.16924 0.16048 0.14833 0.37951 0.36918 -0.20570 -0.08123 -0.04645 0.03134 -0.30678 0.45566 -0.22504 -0.05782 0.44958 0.40996 -0.11854 0.35201 0.25639 -0.13163 -0.32564 0.05368 -0.08880 -0.20080 0.30548 -0.31591 0.12214 -0.05208 -0.11822 -0.32277 0.01908 0.17247 -0.16262 -0.18567 -0.14645 0.08608 0.11306 0.11493 0.34537
0.27669 -0.25665 0.17589 0.16906 -0.12729 0.18042 -0.04150 0.06042 -0.04833 -0.22089 0.07510 0.30546 -0.26211 0.08173 -0.10427 0.15727 0.40474 -0.03074 -0.05671 -0.09136 -0.25730 -0.00711 0.19218 0.14738 0.04907 -0.28740 -0.16841 0.20935 0.03027 -0.38128 0.26036 0.09938 -0.18563 -0.01270 0.34310 -0.19077 -0.00938 0.11623 -0.33166 0.14590
0.20303 0.21960 0.33681 -0.01523 0.16761 -0.20468 0.12654 -0.03045 -0.16492 0.13994 0.25973 0.15750 -0.09567 -0.20651 -0.01400 -0.38093 0.28712 0.07558 0.08354 -0.14937 -0.26955 -0.10332 0.06057 -0.24477 0.36860 0.16819 -0.41077 -0.17223 -0.09231 0.17875 -0.37254 -0.30962 -0.07010 -0.22071 0.09528 0.16044 -0.22473 -0.08524 0.12449 0.40415
0.13847 -0.29642 -0.16670 -0.18268 0.18906 -0.17031 0.08307 -0.36699 0.01208 0.21394 -0.19572 -0.14600 0.32432 -0.27365 -0.38627 0.47168 0.12556 -0.24747 0.06158 -0.23954 0.07742 0.31566 -0.07045 0.10334 -0.07601 -0.08455 -0.43027 -0.33057 -0.31624 -0.17932 -0.10453 0.30204 0.19563 0.36728 0.05258 0.18973 -0.35693 -0.05963 -0.29780 -0.09553
-0.31878 -0.07297 0.16843 -0.04594 0.21629 -0.26724 0.25588 0.41135 0.32414 -0.07917 0.05770 -0.30851 -0.02545 -0.36088 0.41111 -0.15470 0.36641 -0.35485 -0.23142 0.31447 0.34160 0.22923 0.06295 -0.34934 0.09735 -0.16712 0.26153 0.19360 0.02135 -0.04016 0.46918 -0.19877 -0.00359 -0.31614 0.20142 -0.42051 0.22624 0.34979 0.23354 -0.07728
0.01407 -0.30057 0.10552 -0.08862 -0.40614 -0.05553 0.09712 0.31394 0.22540 0.04310 -0.27358 0.30128 0.26574 -0.28948 -0.16919 -0.23420 -0.13372 0.08694 0.24019 -0.13089 0.03742 0.19580 -0.27994 0.01825 -0.08286 -0.30239 -0.03843 0.23811 0.06838 -0.19207 0.36426 -0.39324 0.28713 0.07340 -0.01989 -0.21897 -0.12377 -0.46276 -0.13024 0.07286
0.00633 -0.34007 0.37513 -0.33273 -0.07338 -0.05856 -0.09581 -0.13849 0.23687 -0.20755 -0.21836 0.28284 -0.32776 0.07739 -0.31059 0.47388 0.27952 0.46030 0.22455 0.25293 0.01633 0.37334 0.18890 -0.28946 0.33064 0.01304 -0.03699 0.03123 0.23938 0.25937 -0.24096 -0.05387 0.29391 0.26306 -0.35538 0.41654 0.41459 -0.42898 0.37230 -0.12908
0.40927 -0.27184 0.36801 0.00780 -0.18937 -0.21287 -0.46673 0.20510 -0.00741 0.32036 0.26251 -0.08048 -0.05725 -0.10082 -0.17170 -0.25156 -0.08475 -0.26496 -0.17828 0.04451 0.07480 -0.15963 0.49785 -0.01522 0.24721 0.38912 -0.17583 -0.02217 0.27430 -0.19504 0.10651 0.32186 0.02841 0.23779 -0.43645 0.37705 -0.14780 0.16021 -0.45744 -0.28355
0.07020 0.10556 -0.23637 -0.24863 -0.02170 -0.02839 0.34638 0.12073 0.29996 0.07502 -0.06870 0.29292 -0.15577 -0.21963 0.07199 0.23414 0.12539 0.21550 0.04060 -0.17832 0.14338 -0.22660 -0.22787 0.18104 -0.05670 0.26511 0.18036 0.34056 0.18438 -0.21180 -0.31281 0.20468 -0.25646 -0.31105 0.08891 -0.22959 -0.39986 0.34074 -0.06000 -0.00620
-0.07521 0.19779 -0.02173 0.31496 0.10015 -0.07648 -0.00275 -0.34920 -0.14259 0.11233 -0.17331 0.13893 0.17451 0.19526 -0.06153 0.04730 0.15556 -0.09080 0.37340 -0.27010 -0.35681 -0.31035 0.23634 0.33715 0.05192 -0.17090 -0.09340 0.11942 -0.04377 0.22880 0.25531 -0.16523 0.01819 -0.35025 -0.20774 0.21127 0.22739 0.26122 -0.09204 0.22408
-0.36056 -0.12770 -0.20454 -0.35273 0.21136 0.33562 0.09182 0.40003 0.44747 0.01467 0.30787 -0.01211 -0.24910 0.04580 0.08277 0.21395 0.13286 0.10699 -0.25343 -0.05908 -0.15100 0.29597 0.07934 -0.21560 0.29733 -0.16607 0.09721 0.06248 -0.20041 0.25965 -0.16643 0.17918 -0.09228 0.12968 0.18474 -0.10279 0.43564 -0.04521 -0.31980 0.02602
-0.21719 -0.10432 0.14648 0.20934 -0.35209 -0.35054 -0.02856 0.15035 -0.10414 0.31818 0.23744 0.22071 -0.11173 0.02734 -0.13260 -0.26910 -0.38639 0.32805 0.13539 0.29213 0.22932 -0.20389 -0.10465 -0.25192 0.43303 0.28965 0.13632 0.31058 0.23093 -0.12260 -0.26893 0.20218 0.16325 0.22386 0.14942 0.06976 0.03741 -0.31000 0.15051 -0.28556
-0.06258 -0.13063 -0.21296 0.23611 -0.07950 -0.23943 -0.05515 -0.36064 -0.18962 0.16725 0.16107 0.09506 -0.22880 -0.06326 0.07650 0.03311 0.00335 -0.25946 -0.22678 -0.21864 -0.12831 -0.02832 -0.11360 -0.19742 -0.03917 -0.08474 0.36468 -0.10362 -0.17858 -0.10536 0.00105 -0.02172 0.00262 0.30697 0.17517 0.07283 -0.29590 -0.13527 0.13806 0.14706
0.17252 -0.17439 -0.01290 -0.01462 0.07973 0.27511 -0.06685 -0.01632 0.30440 -0.08168 0.20013 0.06698 0.01166 0.27691 0.25965 -0.14527 0.00612 0.07820 -0.13091 -0.07896 -0.17694 0.08203 0.29435 0.11426 -0.08602 -0.18139 -0.34477 -0.14438 -0.12047 0.03811 0.05432 0.22852 -0.17699 -0.21046 0.07596 0.21723 0.19350 0.31920 0.28472 -0.06625
-0.32296 0.00416 -0.28237 0.19876 0.16529 0.36892 -0.44859 -0.16765 0.06262 0.12521 0.26058 0.35433 -0.13893 -0.07319 0.17138 -0.18261 -0.21018 0.15763 0.10073 0.00353 -0.13839 0.23764 0.08889 0.15142 -0.43030 0.23577 -0.01248 0.04841 0.15462 -0.08639 -0.21373 0.33049 -0.07368 0.04825 0.29837 -0.40917 0.36205 -0.45735 0.15471 0.36360
0.17544 -0.03900 0.34864 -0.28620 0.23677 -0.25346 0.07911 0.27584 -0.29531 -0.33086 -0.19737 0.24602 -0.29808 -0.47982 0.09309 0.28846 -0.30257 0.13429 0.30864 -0.19821 0.03326 0.16513 0.37885 -0.24500 -0.32852 0.22074 0.36346 -0.25974 0.15619 0.04536 -0.04006 0.22017 0.09930 -0.13713 -0.17380 0.34447 0.06960 -0.18345 -0.03690 0.19787
-0.42670 -0.17457 0.12928 -0.08969 0.12520 0.32237 -0.05549 -0.14526 -0.38294 -0.10044 0.16364 -0.11289 -0.13549 -0.24449 0.08023 -0.21270 0.13948 0.08395 -0.24215 0.06980 -0.03384 -0.22838 0.08168 -0.18952 -0.32664 0.33727 0.27584 0.24715 -0.01862 -0.20155 0.08668 0.24503 -0.32618 -0.01160 0.36797 -0.17595 -0.19136 -0.16458 0.02857 -0.10234
-0.30435 -0.02301 -0.20562 -0.26668 -0.13538 0.08222 0.44444 -0.31512 0.12707 0.06162 0.29748 -0.31549 0.14820 -0.34842 -0.05631 -0.10849 0.37907 -0.34024 -0.22169 0.15673 0.36027 -0.18456 0.34054 -0.29046 0.07050 0.11752 -0.11634 -0.04739 -0.00813 0.12269 0.19007 -0.35962 0.22410 0.18418 -0.25646 -0.36341 -0.09115 0.07230 0.26375 -0.21531
-0.17206 0.19293 -0.11661 0.19458 -0.07877 0.33418 0.23144 0.16930 -0.30358 0.28887 0.00578 0.11519 0.34460 -0.44065 0.18239 0.09630 -0.09325 0.17698 0.35705 0.26525 0.27023 -0.05055 0.12885 -0.16582 0.45310 -0.10943 -0.17310 0.21389 0.06105 0.03519 0.32239 0.36778 -0.31489 -0.26656 -0.11073 -0.10494 -0.21743 0.16970 0.31882 -0.01558
0.30131 0.27620 0.33523 -0.27873 -0.00072 0.32748 -0.29718 -0.26028 -0.31424 -0.01577 -0.18642 -0.35733 0.36368 -0.45847 0.26401 0.14778 -0.07624 -0.22996 -0.07741 0.04158 -0.23130 -0.22480 -0.27507 0.25901 0.02930 0.34136 0.18101 0.00166 0.27220 0.00709 0.22533 0.25669 -0.13114 -0.12117 -0.16114 0.11941 0.00417 -0.05456 -0.26847 -0.22547
0.10254 0.01878 -0.03569 0.25266 -0.16265 0.15518 0.16093 -0.11021 0.12036 0.42418 0.28736 0.12391 0.16883 0.13834 0.11093 -0.05452 0.31180 -0.05572 -0.17037 -0.05069 0.21414 0.09453 -0.21743 0.31748 0.00396 -0.06023 0.02385 -0.21047 0.06504 -0.25975 -0.36657 0.24322 -0.13277 0.19433 -0.05003 -0.11968 -0.24701 0.26745 -0.15781 -0.29357
0.15145 -0.25541 0.40591 -0.06357 0.15282 -0.29905 0.35199 0.00451 -0.28675 -0.24453 -0.08996 -0.19195 0.23666 -0.22323 0.22181 0.24094 0.25652 -0.44886 -0.32914 0.02881 -0.44173 -0.28575 -0.17245 0.25962 -0.28681 -0.36162 0.18934 0.13384 -0.07974 -0.09596 0.22551 -0.23749 0.04204 -0.02009 -0.09599 -0.18155 -0.18295 0.00084 0.38627 0.13044
-0.03523 -0.12839 0.17509 0.34067 0.27175 -0.19877 0.16994 0.31919 -0.16969 -0.21483 -0.08082 -0.28150 0.14121 -0.09962 -0.07360 0.20219 -0.20156 -0.10365 -0.01363 0.10012 0.06292 0.20376 -0.09571 -0.02082 -0.40325 -0.03510 0.10108 0.01585 0.08075 0.05344 0.33267 -0.26918 0.03672 0.18172 0.31662 -0.28837 -0.16979 0.04533 0.09050 -0.37851
0.22209 0.31338 0.10900 0.09180 0.01461 0.37415 0.00347 -0.28051 0.21204 -0.12396 -0.26272 -0.03417 0.01865 0.14157 -0.00519 0.06729 0.33675 0.09944 0.10110 0.26734 0.10967 -0.10690 0.06512 0.16463 0.40177 -0.13957 0.03428 0.07997 -0.22462 -0.35664 0.03588 0.20153 -0.23745 -0.22505 0.06586 0.47650 0.30027 0.20538 -0.21865 -0.01275
-0.35852 0.35984 -0.08209 0.04461 0.14700 0.41583 -0.13414 -0.01085 -0.14989 0.27355 -0.18492 0.20215 0.23845 -0.36735 0.02866 0.14196 0.28037 0.00309 -0.11146 0.22977 -0.21825 0.05122 0.19197 -0.18110 0.09267 0.25510 0.16620 0.28282 0.29195 -0.20531 -0.16607 0.33725 -0.42315 0.22000 -0.02302 -0.01142 -0.15931 0.09049 -0.16509 -0.00330
0.11148 0.00478 -0.24570 -0.26595 -0.08939 0.18662 0.28913 -0.15273 -0.14197 0.13341 0.33724 -0.06230 0.40011 0.19719 0.13635 0.23513 -0.27166 -0.22941 -0.33444 -0.00616 0.07951 0.12597 -0.21260 0.20331 -0.04826 0.19298 0.15820 -0.10642 -0.11370 -0.36016 0.28822 0.08786 -0.22439 -0.25669 0.22931 -0.08489 0.29708 0.06919 0.02246 -0.16439
0.23781 -0.07178 -0.17343 0.41235 0.39748 -0.42470 0.15299 -0.12596 -0.08613 -0.16073 -0.17903 0.09008 0.03108 0.13698 -0.17075 0.18853 -0.20729 -0.30566 -0.28732 -0.02748 -0.22942 0.24430 0.25564 -0.02703 -0.02708 0.11985 0.17516 -0.31837 0.03905 0.06912 -0.36990 0.12168 -0.16943 0.36425 0.02688 0.27208 -0.11691 -0.27843 -0.31310 0.20524
0.04768 0.00045 0.11255 -0.35204 -0.07666 -0.10872 0.01981 -0.29918 -0.00557 0.15150 -0.30716 0.29170 0.21661 -0.04460 0.23567 0.20752 -0.22894 0.05329 -0.17839 -0.00778 0.29084 -0.26875 0.38423 -0.29385 -0.32326 -0.13657 0.25881 -0.27679 -0.10303 -0.10803 0.38390 -0.09232 -0.09906 -0.37276 0.08206 -0.06502 -0.04534 0.28753 -0.27347 0.15573
-0.32394 0.27846 -0.09120 0.11959 0.46217 0.44171 0.24812 0.13017 -0.04788 0.05619 0.21389 -0.06414 0.31770 0.10665 -0.16391 0.18610 0.43287 -0.36069 0.08378 0.12152 -0.15964 -0.07992 -0.21563 -0.07959 0.04895 0.21354 -0.06764 -0.11367 -0.17173 -0.00127 -0.33852 0.22510 -0.24251 0.20987 0.17952 -0.37327 0.24388 0.11563 -0.17917 -0.01045
0.29184 -0.06382 -0.26740 0.09366 0.00136 0.08693 0.32998 -0.14609 -0.31364 -0.29665 0.25707 -0.33729 0.09295 0.01164 -0.14774 0.22517 -0.00983 0.25786 0.23533 -0.14672 0.07755 0.22489 0.08719 -0.35100 0.13154 0.12345 0.29869 -0.12585 -0.02256 0.03573 -0.13993 0.22236 0.49271 0.20574 -0.32572 -0.04792 0.18135 0.26207 -0.41914 -0.19903
0.14502 -0.15938 -0.02020 0.01931 -0.38876 0.34048 0.02581 -0.03481 -0.27211 0.11316 -0.16087 -0.21889 -0.35133 -0.25774 -0.27616 -0.21617 -0.02946 0.28716 0.34577 0.10328 0.02453 0.00548 0.29345 -0.30436 0.22479 0.11087 -0.08030 -0.08565 0.41958 -0.16365 -0.12382 0.32616 -0.32460 -0.33990 0.20929 0.04217 0.19294 -0.31061 0.13372 0.09663
-0.15387 -0.23014 -0.31020 -0.06933 -0.29547 0.21498 0.13425 -0.22568 -0.12308 -0.14094 -0.06108 0.02372 -0.14175 0.33821 0.02369 -0.11865 0.06550 -0.08367 0.35780 0.24884 -0.09049 -0.28143 0.20052 0.14478 -0.12951 -0.02869 -0.07268 0.03629 0.19524 0.22119 -0.22409 0.04552 0.04870 -0.06186 -0.06230 -0.07230 -0.03487 -0.42557 -0.26888 -0.19292
-0.24291 0.06647 -0.25418 -0.31530 0.19984 -0.07680 -0.14325 -0.11924 0.07609 -0.24135 0.05694 -0.00054 0.31594 -0.22270 -0.20748 0.13801 0.17473 -0.11587 0.01556 0.16740 0.26471 -0.28047 0.05648 -0.19534 0.11710 0.17995 0.21392 0.21911 0.21381 0.08829 0.11443 -0.01400 -0.16305 0.02514 0.32064 0.00216 -0.25094 -0.27064 0.14788 -0.17361
0.12797 0.25684 0.27967 -0.20728 0.35824 -0.11297 0.28181 -0.35027 0.12540 0.24634 0.05021 0.05760 -0.10665 -0.34432 -0.21554 -0.38673 0.21158 -0.24157 -0.04878 -0.28786 0.24287 -0.04297 0.02445 -0.30523 0.08365 -0.22310 -0.15918 0.22231 0.05571 0.22653 0.19315 0.14418 -0.08654 0.38437 0.04877 0.04844 -0.21070 0.09709 0.15352 0.36888
0.17437 -0.14673 0.37071 -0.04931 0.15353 0.36018 -0.32621 0.06207 0.03567 -0.09770 -0.20454 -0.13341 -0.17940 -0.13647 0.10083 0.05194 0.01750 0.24927 -0.13097 0.16905 0.13743 -0.10872 -0.14017 -0.05547 0.20861 0.37872 -0.11664 0.23136 0.17782 0.08148 -0.10814 0.12765 0.30983 -0.14890 0.18447 0.23444 -0.12634 0.00449 -0.28704 0.42328
0.16177 -0.17038 0.23446 0.16278 -0.09759 0.18542 -0.30365 -0.26395 -0.40039 -0.03203 -0.02405 -0.32600 0.12677 0.02166 -0.23719 -0.29965 0.24697 -0.16909 -0.00544 -0.30336 0.11626 0.11678 0.04826 0.29010 -0.16368 -0.02305 -0.10313 -0.03768 -0.13867 0.28250 -0.11937 -0.03714 -0.36305 -0.02029 0.37384 -0.12052 0.23895 -0.33367 0.36661 -0.35231
0.32075 0.26863 0.21888 0.21452 -0.20971 0.06403 0.09548 0.14446 -0.10300 0.04601 0.01163 0.06716 0.02229 0.36863 -0.30007 -0.24711 -0.29390 0.34310 0.05390 0.08912 0.40124 -0.08371 -0.04289 -0.04894 0.20069 -0.17631 -0.15398 0.12998 -0.26037 -0.12532 0.09316 -0.10504 0.21802 0.07891 -0.32720 -0.07555 0.09501 -0.33593 0.38761 0.31330
0.06491 -0.05246 -0.19460 0.15957 -0.09486 -0.24731 -0.01979 0.24168 -0.28455 0.28607 0.33812 0.28976 -0.06982 0.10003 -0.39299 0.25546 0.28562 0.09296 -0.42492 -0.24723 -0.32444 0.40629 0.03236 0.12813 -0.37164 0.07023 -0.29777 -0.43478 0.30616 -0.26443 0.04384 -0.11344 -0.31030 -0.15882 -0.15472 -0.28926 -0.24807 0.13641 -0.01374 -0.22974
0.05877 0.09087 -0.03960 0.11683 -0.07138 0.33424 0.08589 0.02624 0.01240 0.04683 -0.19779 -0.11189 0.07645 0.21742 -0.07072 -0.15134 0.18323 -0.23376 0.05472 -0.24393 0.14852 0.30219 0.27181 -0.00023 0.09046 0.27400 -0.19659 0.15293 -0.28800 -0.09945 0.39311 -0.16467 0.14999 -0.12416 0.03847 -0.22228 0.09013 -0.11443 0.30384 -0.09049
0.10447 0.10929 0.14299 -0.07331 -0.28377 0.26550 -0.08594 0.07844 0.00870 -0.18874 0.36443 -0.15564 -0.23317 0.30846 -0.26045 -0.09834 -0.25757 0.14246 0.30775 0.27169 0.13630 -0.16209 0.26817 -0.28666 0.01907 0.07177 0.23146 0.36903 -0.31763 0.06548 -0.09067 0.25925 -0.00626 0.27355 -0.10837 0.19033 0.22023 -0.20765 0.01295 0.08468
-0.01642 0.30130 0.04059 -0.34489 0.25934 0.40142 0.15756 -0.04920 -0.13605 -0.20959 0.35218 0.08202 0.26930 0.40621 -0.18043 0.35900 -0.26434 0.27411 0.41609 0.25502 -0.05669 -0.12499 -0.33073 0.22243 0.30884 0.01257 -0.10247 0.06599 -0.25172 0.16754 -0.16647 -0.17910 -0.07429 0.14637 -0.08171 -0.41150 0.04647 0.01159 -0.21077 0.28155
-0.14351 -0.04680 0.35329 -0.38257 0.29606 0.32904 0.14785 -0.00544 0.24642 0.31936 -0.44616 0.04494 -0.08677 -0.37559 -0.33662 -0.24516 -0.11825 -0.13688 0.03995 0.27114 -0.12543 0.22104 -0.06704 -0.15646 -0.24445 -0.06640 -0.21208 0.15090 0.24076 0.26186 0.12727 -0.00079 0.28668 0.00819 -0.12927 -0.10493 0.32103 -0.27456 0.24533 0.14968
0.14147 0.22910 0.33810 -0.03707 -0.24548 0.18568 -0.01531 -0.37664 0.10483 0.04546 0.18890 0.08745 -0.29635 -0.26742 -0.22515 -0.20995 0.13995 -0.13675 -0.08374 0.02479 0.31996 -0.18556 0.08957 0.19443 -0.14350 -0.14278 0.00687 0.06833 0.27750 0.40295 0.04549 0.01356 -0.38933 -0.19281 -0.34989 0.25230 -0.28346 -0.23510 0.06182 0.29267
-0.16817 -0.15405 -0.44753 -0.18972 0.05719 -0.22976 -0.11779 -0.44691 -0.18536 -0.34397 0.00528 -0.16184 0.31626 0.34718 0.18873 0.09396 -0.04704 0.31332 -0.01150 -0.01284 -0.12630 0.08013 -0.27483 0.23941 -0.47254 0.25827 0.01552 -0.22506 0.18310 -0.20296 0.33981 0.01936 -0.33093 0.08629 0.03948 0.09232 0.21006 -0.22217 -0.23648 -0.33285
-0.12193 0.12903 0.39437 -0.31750 -0.17793 0.09367 -0.25943 0.19748 -0.34130 -0.20068 0.10667 0.10111 0.18910 -0.41565 0.30466 -0.12578 -0.23547 0.30712 0.09356 -0.16098 0.21603 0.31581 0.17994 -0.26180 -0.02576 -0.10351 0.05905 -0.12069 0.04582 -0.22733 0.18082 -0.00426 0.00282 -0.00610 0.12911 0.29661 -0.38244 0.32759 0.01768 -0.12023
0.18583 -0.22836 0.13462 -0.23034 0.20603 0.21391 -0.15816 0.19777 0.18600 -0.20953 -0.18950 0.22865 0.17719 0.25619 0.17138 0.05473 -0.04928 -0.34435 0.34763 0.40909 0.35802 -0.34413 0.31414 0.02209 -0.24981 0.26457 0.05511 -0.12367 0.37621 0.34094 0.33443 0.21223 -0.12179 -0.32792 -0.09926 0.23630 -0.09275 0.27131 -0.45496 0.40217
0.41182 -0.42658 -0.34798 -0.38066 0.36094 0.23375 -0.26250 0.30388 0.40266 0.14643 -0.05291 0.14964 0.18765 -0.15079 -0.31572 0.23413 0.27817 0.05054 0.30652 0.29763 -0.15967 0.36461 -0.21923 0.20361 -0.33656 0.22112 -0.00716 0.42362 -0.12672 -0.17021 0.10047 0.25777 -0.41765 0.07149 0.33464 0.06066 0.08562 0.41119 0.15300 0.37850
-0.34704 -0.06434 -0.05920 0.12783 -0.06689 -0.13039 -0.18574 0.01757 0.04554 0.26476 0.00560 -0.18989 0.08427 0.36483 0.18699 -0.27394 -0.31416 -0.24168 -0.14168 0.24698 0.25506 0.32087 0.02211 -0.14511 -0.02787 0.14228 -0.04448 0.35250 0.17568 -0.15758 0.10496 0.09858 -0.21171 -0.40182 0.22747 -0.23433 -0.25037 0.32272 0.26805 0.08370
0.02762 0.14975 -0.05428 0.30973 -0.39731 -0.11866 0.17743 0.39087 0.23120 -0.02409 0.26269 -0.21798 -0.31636 0.01463 0.15775 0.13857 0.21920 0.11242 -0.18274 -0.25107 -0.02745 -0.03596 0.25324 -0.20121 -0.32388 0.25871 0.00779 0.17430 0.34650 0.19119 0.14717 0.10092 0.03742 -0.21280 0.18372 -0.12619 -0.37175 -0.19245 0.24144 -0.07731
0.08184 -0.06972 -0.39767 0.03271 -0.26827 0.11648 -0.03436 -0.04944 0.31312 -0.06875 -0.22722 -0.15911 0.20102 -0.37250 -0.18988 0.29383 0.17323 0.06092 -0.26629 -0.34315 0.29978 0.15131 0.18517 0.29671 0.23240 -0.39181 -0.19880 -0.14257 0.05737 -0.35714 -0.07644 0.16495 0.20448 0.14192 -0.00057 -0.20654 -0.40548 -0.07793 0.23413 0.22004
-0.05703 0.36391 0.05275 0.40250 0.03084 -0.32554 0.37002 0.37612 -0.16945 -0.29359 -0.20778 0.06096 0.10078 -0.19251 0.05975 0.09485 -0.34160 -0.14584 -0.17417 0.03637 0.22151 0.26672 -0.22452 -0.06700 0.22243 -0.22922 0.20555 -0.33256 0.17094 0.04090 0.04468 0.35467 -0.08347 0.06234 -0.16784 0.14697 0.08789 0.26815 0.07660 0.10229
-0.25719 -0.15556 -0.18795 0.39324 0.02941 0.18040 -0.28764 -0.14943 0.12405 0.35664 -0.14937 -0.20780 0.22281 -0.01690 0.22626 0.10650 -0.33218 -0.02271 -0.42782 -0.23680 0.34952 -0.18041 -0.16531 0.20470 -0.41719 0.07761 -0.34096 0.07363 0.25695 0.47071 0.08105 0.16014 -0.42593 -0.23251 -0.15524 0.26350 -0.24326 0.24639 -0.16087 0.12254
-0.37981 0.14884 -0.23912 0.21889 -0.23646 0.06559 0.34593 0.40205 0.25479 -0.41029 -0.15054 0.22768 -0.38090 0.43819 -0.21275 -0.31870 0.30326 0.18676 0.00109 -0.14392 0.17162 -0.04551 -0.31192 0.31268 0.10740 0.24554 0.11629 -0.08538 0.06170 -0.38287 0.25974 -0.27997 -0.17305 -0.27416 0.12639 0.19545 -0.14174 0.19099 -0.20468 -0.20207
-0.26945 0.23078 0.16905 0.31508 -0.12874 -0.54492 -0.12435 -0.00139 -0.08832 0.16788 -0.09923 0.41517 0.23301 0.23045 -0.11435 0.20554 0.19520 0.08697 0.07823 0.02426 -0.05383 -0.04770 0.19453 -0.17352 -0.14135 0.26646 0.43863 -0.21125 0.40513 -0.23780 -0.13936 -0.07771 -0.28690 0.36518 0.05610 -0.28059 0.38355 -0.08211 0.00083 0.32637
-0.04746 -0.17448 0.29076 -0.38079 0.13362 -0.19630 -0.04692 -0.34550 0.25745 0.02483 -0.02029 -0.28364 -0.25205 -0.04528 -0.22394 -0.04063 -0.41659 -0.25572 0.26117 0.41404 0.17603 -0.12987 -0.14817 0.12785 0.22086 -0.39843 0.10053 0.12779 -0.04766 -0.10116 -0.21421 0.02928 -0.09845 0.32917 -0.11223 0.16552 0.27568 -0.01010 0.43468 -0.03120
0.12707 0.07562 -0.00267 -0.08889 -0.09811 -0.32947 0.26145 0.14759 -0.13335 0.27800 0.39164 -0.12657 -0.37081 0.25106 -0.23205 -0.19031 -0.00766 -0.36761 0.04968 0.14324 0.03876 -0.43639 0.09097 -0.28596 0.32078 -0.18369 0.33505 -0.24412 0.17719 0.17015 0.27182 0.12278 0.22217 0.41740 -0.14183 -0.19127 -0.30724 -0.13483 0.09711 -0.22814
0.25383 0.23905 0.08367 0.02404 0.40707 0.39626 -0.21665 -0.24186 0.19189 0.08334 0.24435 0.30519 0.06380 -0.28095 0.40335 0.04250 0.01962 -0.33230 -0.15717 0.25822 0.14234 0.14704 0.34801 0.27732 -0.10286 -0.09629 0.15482 -0.23026 -0.07191 -0.07443 0.17462 0.11507 0.30802 -0.12913 0.09053 0.21660 0.08226 0.39973 0.09197 -0.24931
-0.21649 0.01561 0.11931 -0.22125 0.32677 0.31440 0.19930 0.05774 0.21113 -0.19900 0.25048 0.25155 0.19057 0.04265 0.15406 -0.13894 0.07483 -0.07273 -0.27830 0.09684 -0.22510 -0.06566 0.03011 0.31754 0.19624 -0.23565 0.18186 0.01014 -0.15947 0.00751 -0.04363 -0.30171 0.22910 0.16694 0.26920 0.23661 0.07278 -0.02346 -0.10464 -0.13409
0.27651 -0.03392 0.13565 0.11142 0.19272 0.34478 -0.24564 -0.38323 -0.01253 0.29669 0.32244 0.24477 0.13949 0.29507 -0.36332 -0.04099 0.27801 0.16207 -0.40872 -0.22019 -0.05338 -0.07030 -0.29504 -0.23842 0.20629 -0.10275 -0.07116 0.29569 0.24388 -0.24151 -0.06686 -0.09847 0.01504 -0.08220 0.14679 0.13795 0.38343 -0.12766 -0.15605 -0.21529
0.05536 -0.07954 -0.22640 -0.21963 0.03818 -0.33698 -0.10798 -0.15135 0.05790 -0.08086 0.19100 -0.04496 -0.13695 0.23936 0.05180 0.23411 0.01735 0.14949 0.23271 -0.12224 -0.38542 0.35865 0.19563 0.15317 0.35172 0.15607 0.32787 0.16739 0.33457 -0.07866 0.12654 0.27967 0.32267 0.24832 -0.08054 -0.19279 -0.09835 -0.06509 0.14040 -0.04212
-0.10457 0.01464 -0.27929 -0.18470 -0.21087 0.11522 -0.35907 -0.15821 0.30579 0.13440 -0.15424 -0.08647 -0.30758 0.34703 -0.07432 -0.19453 -0.22284 0.13489 -0.07634 0.33164 -0.42362 -0.30138 0.25714 0.40821 -0.29882 0.27746 0.35772 -0.07146 0.18564 0.14509 0.18327 0.25540 0.04081 0.00353 -0.21544 -0.17343 0.28365 -0.34381 0.07536 0.19138
-0.20949 -0.27799 0.03248 0.21629 0.08508 -0.14666 0.21535 -0.14050 0.17479 0.02377 0.25573 0.07112 0.37111 -0.16480 -0.21440 -0.02197 -0.09985 0.15688 0.01621 0.13906 0.06881 -0.04136 -0.10923 -0.17248 -0.29079 0.26381 0.01507 -0.16488 0.11116 -0.29218 0.02415 0.19405 -0.10601 -0.08592 0.22056 0.11357 0.08816 -0.13520 0.13054 0.01163
0.26523 0.33990 -0.20492 0.11240 0.02364 -0.08772 0.17613 -0.15269 0.05721 -0.20323 0.02355 0.14340 -0.06701 0.01317 0.09573 0.02796 -0.22265 -0.12512 0.32247 0.07745 -0.02591 -0.10502 -0.24627 0.00145 0.27008 -0.25747 0.14607 -0.03836 0.12931 -0.18525 -0.40324 0.10118 -0.13076 -0.34496 -0.28099 0.13575 -0.12611 0.06882 -0.07262 0.28278
0.07409 -0.21618 0.32685 -0.29886 -0.03623 -0.34390 0.27563 -0.15918 -0.06183 -0.30661 -0.27186 -0.12049 -0.03157 -0.22647 -0.21622 0.33656 0.26699 -0.42797 -0.27195 0.03825 -0.40765 -0.34961 -0.09298 0.17706 0.03779 -0.17651 0.28992 -0.11180 0.11654 -0.17134 0.27832 -0.23518 -0.03716 0.19713 -0.25122 -0.34234 0.04737 0.13104 0.27657 0.06774
0.31975 -0.15650 -0.31872 -0.34098 -0.01313 0.17036 -0.15208 -0.21094 -0.26753 -0.13656 0.30209 -0.37210 -0.31354 0.15349 0.09079 0.12622 -0.26126 -0.12181 0.16471 0.35248 0.38979 -0.22397 -0.30634 -0.32692 0.08380 -0.40595 -0.33888 0.15148 -0.13928 -0.35185 -0.07363 -0.04793 0.36868 -0.13002 0.33575 0.36835 0.10075 0.27840 0.39678 -0.47062
0.06405 -0.12315 -0.35543 0.35739 0.14557 0.01915 -0.32100 -0.02573 0.07093 0.18042 0.12169 -0.10763 -0.05177 0.30684 0.15987 0.18210 0.26651 -0.26151 0.37933 0.24367 -0.17916 0.13636 0.08550 -0.22678 -0.20724 -0.23302 -0.20716 0.39759 0.28204 -0.00068 0.12204 0.40786 0.26686 -0.21682 -0.07285 0.08942 0.24645 -0.18740 -0.38219 -0.01888
-0.30429 0.24786 -0.11782 -0.39458 0.30642 -0.30701 -0.20014 0.03830 0.02026 0.30072 -0.28752 0.28171 -0.34922 0.29279 0.11053 -0.13152 -0.03727 -0.16259 -0.32401 -0.18365 0.26424 0.35363 -0.02991 0.01178 -0.36148 -0.30974 0.27132 0.14458 -0.03589 -0.19429 -0.19468 0.26407 0.12343 0.17255 -0.17026 -0.08951 -0.21803 0.18437 0.05421 -0.03168
0.26047 0.35502 0.10670 0.26809 -0.37864 0.22386 -0.26390 -0.12139 -0.28335 0.36469 -0.15766 -0.34045 0.18243 0.31698 0.04346 -0.17425 0.15012 0.32572 0.22449 0.32806 -0.10215 0.26787 -0.33085 0.24027 -0.26939 -0.15679 -0.11964 -0.05037 0.00822 -0.09718 0.31272 -0.17382 0.24293 0.37231 -0.21655 -0.53137 -0.33110 -0.00317 0.17841 -0.06378
-0.24884 0.30329 -0.24214 -0.14191 -0.00690 0.18815 -0.09156 -0.04635 -0.36532 0.09539 -0.52558 0.38222 -0.14705 -0.33431 0.20275 0.04187 0.32386 0.33450 0.10558 -0.01448 0.08632 0.00213 -0.24278 0.21147 0.40729 0.22806 -0.23367 -0.10742 0.34801 -0.01634 0.38949 -0.08379 0.23978 -0.00654 -0.45953 0.14758 0.28387 -0.01657 0.00604 0.01339
-0.19143 -0.30070 0.02515 0.26344 -0.13350 0.13830 -0.23677 -0.38826 -0.30596 -0.02278 -0.20021 0.39760 -0.07051 -0.03184 -0.28921 0.36005 0.14128 0.17691 0.21955 0.31147 0.28440 0.24927 0.05375 -0.14621 0.12471 0.26301 -0.29255 0.32317 0.06587 -0.05011 0.41048 -0.23817 -0.12856 0.03174 -0.38926 -0.18631 -0.12036 -0.02393 0.06928 -0.20067
-0.27126 0.28986 -0.44911 0.24156 -0.08319 0.11973 -0.03153 -0.17944 0.01922 0.25010 0.19739 0.09619 0.27343 0.05752 -0.21691 0.07410 0.24909 0.42386 0.12931 -0.12393 0.39803 -0.26953 -0.20420 -0.30298 -0.26530 -0.43272 0.32555 0.17231 -0.41674 -0.33674 0.15875 0.03857 -0.08047 0.32906 0.16108 0.10608 -0.24730 0.02849 0.43756 -0.12359
-0.40015 0.23741 -0.20204 -0.38277 -0.18478 -0.08232 -0.21280 0.11478 -0.10000 0.17181 -0.02434 0.36758 -0.20508 0.01026 -0.04696 0.01692 -0.07706 0.11863 0.12682 -0.05339 -0.07488 0.28843 0.12975 -0.26851 0.20748 -0.06741 0.03601 0.04885 0.16125 0.09251 -0.02639 0.15507 0.28861 0.22959 -0.24519 -0.20175 0.22911 0.26084 0.12358 -0.24295
0.12154 0.26805 -0.29371 -0.36284 -0.32744 -0.17800 0.29356 -0.13986 -0.10938 -0.40216 0.09182 0.01800 0.23833 -0.29709 0.18092 -0.26000 0.13152 0.01158 -0.28993 -0.10515 0.22326 -0.37437 -0.02979 -0.21485 -0.16426 -0.08028 0.03427 0.30422 0.05733 -0.16399 0.21566 0.36460 0.13601 0.04747 0.07957 0.34043 -0.11211 0.37105 -0.00254 -0.13128
-0.17028 0.47523 -0.40554 -0.07732 0.19445 0.05830 -0.01904 0.11445 0.01614 0.11269 -0.02328 -0.23055 0.09408 0.21925 0.20384 0.31145 -0.37411 -0.26355 0.34404 -0.00460 -0.09016 0.15627 -0.15676 0.23001 0.26887 0.09361 -0.17864 0.11100 0.36008 0.23620 -0.11290 0.22281 -0.23132 -0.40343 -0.33261 0.18666 -0.05420 -0.06237 -0.21120 -0.06149
-0.25770 0.33447 -0.29166 0.33252 0.01891 0.14030 -0.00521 -0.01833 0.05047 0.18368 -0.33668 0.09243 -0.04265 -0.09993 -0.07922 0.11877 -0.17619 -0.17852 0.25405 0.17259 0.03302 0.19119 0.17342 -0.15605 0.12818 -0.01089 0.18364 0.26878 0.14212 0.26056 -0.21422 0.13423 -0.03683 -0.41988 -0.16023 -0.01048 -0.00576 0.23439 0.19719 0.06521
-0.09492 0.02271 0.37765 -0.10587 0.08677 -0.11476 -0.28257 -0.33916 0.37235 -0.11278 0.22940 0.02858 0.35963 0.13544 0.08894 0.14869 0.29010 -0.45675 -0.25604 -0.01039 -0.23037 -0.31094 0.31834 0.02438 0.08682 -0.17538 0.04015 0.07118 0.23960 0.23604 0.34095 -0.06201 0.02419 -0.29408 -0.19046 0.41477 -0.13972 0.39340 -0.09046 0.30419
0.14305 0.25510 0.16300 -0.05620 0.05202 0.18903 -0.27314 -0.17051 0.19785 -0.36692 0.09518 -0.12025 0.04887 -0.22424 0.40402 -0.44840 0.40781 -0.06945 0.03218 0.03655 -0.09961 0.32203 0.40913 0.32110 -0.28739 -0.04855 -0.14531 -0.34207 0.08325 -0.04389 -0.15670 0.41062 -0.09860 0.00816 0.05036 -0.17619 0.16279 -0.19215 -0.30598 -0.00352
-0.12300 -0.09368 -0.27651 -0.17749 0.16458 0.13968 0.50369 -0.28609 0.11594 0.26440 -0.29346 0.21228 0.14923 0.00098 0.10723 -0.18966 0.12085 0.29124 -0.05037 0.27187 0.20549 0.08811 -0.34219 0.09474 0.43277 0.44278 -0.18522 0.22429 -0.18723 0.21175 0.16397 -0.28136 -0.16897 0.05831 0.32668 0.09791 0.05234 -0.02185 0.25645 -0.22746
-0.39109 -0.33429 0.39735 0.04241 -0.11234 0.39090 0.05815 -0.10510 0.13105 -0.15665 -0.17539 -0.03556 0.01173 0.12456 -0.18456 -0.27615 -0.13789 0.27463 0.05699 0.33797 -0.11877 0.38035 0.40117 -0.26567 0.07708 0.07860 0.19359 0.27209 -0.35363 -0.18985 -0.36646 -0.18522 0.02090 0.23523 -0.21137 -0.18814 0.15163 -0.07624 -0.03580 -0.18129
0.00839 0.11074 0.02262 -0.08679 0.12528 -0.27379 0.18157 -0.33044 -0.35004 -0.13556 0.07837 0.05624 -0.32589 0.28814 0.13217 -0.23253 0.08021 -0.36619 -0.30140 -0.35196 0.29128 -0.26567 0.07547 0.32803 0.13335 -0.25702 -0.37190 -0.22642 0.30359 0.29094 -0.18704 0.09556 -0.20369 -0.01948 0.03479 0.11668 0.34747 -0.03628 -0.01122 0.15855
0.33323 -0.01064 -0.06651 -0.13614 -0.13256 0.10737 -0.17410 -0.18641 -0.20445 -0.02274 0.26826 0.42629 -0.21720 -0.31478 -0.12031 -0.37256 0.32838 -0.33731 -0.19245 0.14463 0.01165 -0.10691 0.41795 0.38443 0.32000 -0.05138 -0.11104 0.08501 0.05702 0.33972 -0.21094 0.10703 -0.13516 -0.21406 0.09529 0.27108 -0.19327 -0.10691 -0.15122 0.19721
0.13628 -0.19685 0.49341 0.02157 0.08712 0.25777 -0.12534 0.08371 -0.30676 0.37238 -0.06360 0.16282 0.12853 0.34769 0.09006 -0.30066 0.05825 -0.28168 0.43161 0.01629 0.11937 0.03051 -0.25535 -0.07777 -0.44582 0.34037 0.27928 -0.19609 -0.28921 -0.32407 0.16152 -0.34269 0.17693 -0.20302 0.23235 -0.19808 0.32364 -0.35182 0.20365 0.21753
-0.35084 -0.01875 0.33277 -0.10673 -0.28491 -0.04738 -0.22249 0.18135 0.37276 -0.10114 0.28098 0.25600 -0.14876 0.06330 0.21052 0.12899 0.08809 0.20988 0.11707 -0.06439 0.32376 -0.05694 0.14354 -0.01872 -0.29575 -0.13599 0.19058 -0.10898 0.23888 -0.14766 -0.09160 0.09765 0.15961 0.06126 -0.07415 0.28279 -0.20114 0.16070 0.36223 0.22127
-0.00303 0.32559 0.24697 0.32684 -0.12747 -0.17791 0.14411 -0.05789 0.18841 -0.35586 0.04999 -0.12307 0.26113 -0.08268 0.34212 0.13597 -0.10324 -0.02952 -0.04041 0.28923 -0.40993 -0.40995 0.10723 0.36012 -0.47741 0.39576 0.03074 -0.21761 -0.12312 0.39797 -0.14317 0.40862 0.18679 0.07439 0.35596 0.28992 -0.10416 -0.17706 -0.22574 -0.12386
0.27796 0.31151 -0.26046 0.32867 -0.28733 -0.25894 0.41193 -0.26118 -0.39357 -0.00974 0.21005 -0.26167 -0.08871 0.13931 -0.32843 0.20259 0.46222 0.40317 0.20086 -0.11536 -0.12503 -0.11838 -0.10721 0.18515 -0.09996 0.43994 0.21532 0.28625 0.16713 -0.21633 0.17098 -0.35693 0.10286 0.10603 -0.13484 -0.36965 -0.38250 0.24387 0.17548 -0.05962
-0.36858 -0.22214 0.33236 0.44725 -0.35804 -0.14780 -0.07537 0.48675 -0.02752 -0.32031 0.17631 0.37363 0.10655 -0.18397 0.18489 -0.37838 0.47153 -0.03996 0.05131 0.26148 0.20775 0.36779 -0.10755 0.33167 0.38698 0.12823 -0.35884 0.36714 -0.01512 0.08077 -0.14435 -0.05309 0.36995 0.30852 0.13668 0.14202 -0.13676 0.36264 0.05800 -0.17852
-0.06886 0.27494 -0.32604 0.00113 -0.05276 -0.09171 0.20337 -0.35542 0.08488 -0.05804 -0.27617 0.29857 0.24323 0.25828 -0.19985 -0.12525 0.00176 0.10171 -0.34624 -0.18842 0.13513 -0.15811 0.10318 -0.25056 -0.05282 0.07207 0.40574 0.29850 0.01459 0.05209 0.01510 -0.21990 0.34152 0.33083 -0.34645 0.14753 -0.27579 0.21912 0.23453 0.19682
-0.01600 -0.06126 0.30874 0.12438 0.33410 0.33916 0.15159 -0.23892 -0.11019 0.13881 0.34542 -0.16239 0.19993 -0.28004 -0.03748 0.09883 0.37298 -0.30749 0.21247 0.19853 0.05851 -0.18535 0.16343 0.21717 0.27186 0.02319 0.15773 -0.18311 -0.26814 0.24563 -0.16137 -0.22105 0.25974 -0.02048 0.11580 0.50152 0.01310 0.39610 -0.21024 0.07553
-0.10204 -0.14965 0.28339 -0.33790 0.00771 -0.29456 0.40061 0.16409 0.20830 -0.17917 -0.29575 -0.20910 0.22576 0.43054 -0.24472 -0.34738 -0.31560 0.28798 -0.04882 -0.24728 -0.44793 0.17682 0.42625 0.05174 0.34924 -0.08819 -0.09565 -0.30111 0.04494 0.07869 0.22573 0.00605 0.07706 0.39111 -0.27908 0.32070 0.43576 -0.23658 0.16930 0.05147
0.31980 -0.21407 0.22283 0.05141 0.04169 0.25858 0.13503 0.20610 -0.16235 0.37799 0.26925 -0.09867 0.32919 0.25764 -0.15784 -0.01836 -0.26405 -0.05800 -0.08560 -0.12846 -0.11042 -0.09332 -0.01400 0.19454 -0.18143 -0.10168 0.22240 0.00471 0.05705 0.21492 0.08793 -0.42327 0.04260 0.05431 -0.14287 0.04669 -0.07236 0.16623 0.06539 0.04857
0.17411 0.02330 0.15604 -0.29506 -0.35858 0.08135 0.22041 0.27322 -0.14686 0.24098 0.14856 -0.02209 -0.24697 -0.22995 -0.15112 0.26375 -0.19096 0.20192 0.00614 -0.30415 -0.30599 0.35773 0.09262 -0.13070 0.27391 0.22333 0.15085 -0.07387 -0.18439 -0.12723 -0.04660 0.20757 -0.21326 0.09063 0.00290 -0.01446 0.25474 -0.05001 0.29863 -0.15307
-0.15928 -0.01486 -0.09159 -0.09093 -0.05475 0.12498 0.17780 -0.21350 0.30194 0.45386 -0.09665 0.34926 0.17931 -0.22449 0.15178 -0.24111 0.25931 0.01797 0.39997 0.04039 -0.41980 0.03701 -0.35997 -0.18823 -0.03903 0.18835 0.09846 0.04921 -0.31320 -0.25810 -0.40489 -0.04617 -0.38901 0.01851 -0.20089 -0.14442 -0.00764 0.31765 0.17157 0.30167
0.17810 -0.13313 -0.21389 -0.14842 -0.09512 0.30774 -0.41469 -0.27408 0.09309 0.35172 0.09804 -0.18385 0.21482 0.28178 0.04483 -0.18787 0.17795 -0.13735 -0.26559 0.06707 0.39022 -0.09850 0.01790 -0.07473 -0.40089 -0.39428 0.24636 -0.13202 0.01068 0.15389 0.21732 -0.41539 -0.00721 0.16209 -0.08812 0.21938 -0.03114 -0.04837 -0.15056 0.06854
0.07039 -0.28551 0.08810 0.23692 0.28423 0.20190 -0.26196 0.23451 0.36686 -0.01281 0.13217 -0.02147 -0.15987 0.06146 -0.07678 0.09611 0.33568 -0.05492 -0.43571 0.30478 -0.19864 0.26148 0.33232 0.26373 -0.02513 0.18102 -0.27193 -0.24270 0.25085 0.33989 0.00663 -0.32746 -0.10855 -0.15603 -0.21589 -0.14474 0.38972 0.15241 -0.30280 0.08494
0.03308 0.19708 -0.22759 -0.10714 0.23022 0.32612 0.32617 -0.34441 0.28596 0.22056 0.35570 -0.35152 -0.31668 -0.13955 -0.32104 -0.36397 0.03524 -0.18843 0.28089 -0.41738 -0.29901 0.02175 -0.18289 0.30781 0.00229 -0.04097 -0.15884 -0.20906 0.25017 -0.22781 -0.29911 -0.04727 0.39262 0.29506 0.06387 -0.08861 0.27919 0.36237 0.39840 -0.00812
-0.19487 0.20950 0.16625 0.10454 -0.10687 0.34366 0.11750 -0.04465 -0.23446 -0.21820 -0.24152 0.25829 -0.39495 -0.06784 0.28314 -0.24280 -0.10977 0.10213 0.17479 0.41051 -0.36523 -0.08032 -0.26231 -0.18917 -0.13210 -0.31779 -0.12186 0.03747 0.12899 -0.03407 0.22830 0.17357 -0.09810 0.02041 -0.26890 -0.42329 -0.24360 -0.00588 -0.20318 0.29679
-0.33146 -0.32348 0.34266 0.39662 -0.30364 -0.36040 0.18702 -0.10424 0.16320 0.08359 -0.01984 0.34247 -0.10040 -0.23180 -0.24273 -0.37416 -0.10457 0.20945 -0.07514 0.34467 0.03465 0.32980 0.27687 -0.38988 0.23283 -0.08050 -0.07887 0.31188 0.17459 -0.27590 -0.04766 -0.21270 -0.14950 -0.35437 0.17736 0.18718 0.14155 0.35439 0.11401 -0.04120
-0.17907 0.04392 0.01145 0.01702 0.29690 0.21982 0.15315 -0.02246 -0.18844 -0.04172 -0.33756 -0.14540 0.20838 0.03368 -0.31971 -0.22440 -0.35777 0.26223 0.32650 -0.20108 0.16618 0.25273 -0.07413 -0.02867 0.43878 -0.27619 0.23383 0.18998 -0.24091 -0.02079 -0.06488 0.14971 -0.00096 0.01951 0.09174 0.24329 0.33579 0.07555 0.22406 -0.11046
-0.07721 -0.10406 -0.10369 -0.03624 -0.11770 0.16851 -0.36396 0.22986 -0.31137 0.02710 -0.20692 -0.02373 -0.05416 0.13557 0.05920 0.40265 -0.33779 0.16057 -0.18794 -0.26225 0.13194 0.02612 0.21436 -0.12031 -0.11754 0.04335 -0.06055 -0.02340 -0.08353 -0.33406 -0.35572 -0.24217 -0.21300 0.15264 -0.19729 0.06318 0.22150 0.17050 -0.32785 -0.14806
-0.18016 0.30618 -0.09852 -0.24488 -0.24124 0.17428 -0.21470 -0.06275 -0.21072 -0.06651 0.29363 -0.06057 -0.20342 0.01772 0.37024 0.22438 0.04091 -0.09875 0.07921 0.43144 -0.05420 -0.21175 0.19362 -0.23623 0.32966 0.15092 -0.34138 -0.13797 -0.15744 -0.11522 -0.27824 0.29657 -0.20799 0.14094 -0.05470 -0.08335 0.11491 0.25973 -0.04547 -0.31650
-0.09360 0.11509 0.35813 -0.35559 0.11592 0.18258 0.03054 -0.30994 0.09649 -0.06946 -0.34872 0.18838 0.09360 -0.07991 -0.08850 -0.17491 0.01390 -0.04075 0.07359 0.12167 -0.07780 0.19525 -0.18720 0.22158 0.19640 -0.00062 0.25982 0.18626 -0.16717 -0.18690 -0.20588 0.13765 -0.05347 -0.13285 0.00424 0.20676 0.01486 -0.34247 0.11382 0.08702
-0.08212 -0.06982 -0.37963 0.30341 0.10520 0.19280 0.05378 0.27361 -0.10890 -0.27888 -0.24813 0.06056 -0.10854 0.00774 -0.24063 0.20465 -0.33523 0.33844 -0.17841 0.19973 -0.33688 0.03768 0.16347 0.39473 0.03113 0.20575 0.13209 0.05487 -0.25703 -0.32131 0.33689 0.41886 0.12724 -0.22498 -0.09751 0.44275 -0.33915 -0.09123 0.07566 0.27390
0.11177 0.24717 -0.27885 -0.09097 0.06271 -0.11468 0.11137 -0.21259 0.16152 0.10823 0.15292 -0.10450 -0.16452 -0.01903 -0.26727 0.17385 -0.32375 -0.12517 0.19977 -0.01768 -0.12290 0.17585 0.12539 0.35954 -0.27688 -0.12753 -0.17486 0.08112 -0.28104 -0.15878 0.11356 0.20422 0.17554 0.20976 0.00661 0.01925 -0.16283 0.25428 -0.00115 0.00650
0.17062 -0.18922 0.31452 -0.27844 -0.00214 0.31233 0.14539 0.14315 0.17622 0.10629 -0.28946 -0.22849 0.33435 -0.06110 0.16435 -0.10834 -0.30713 0.10778 -0.24915 0.10811 0.01733 -0.11546 -0.28243 -0.06438 0.27795 -0.19047 0.37548 0.08729 0.10632 0.03290 -0.05229 0.01048 0.28685 0.24104 -0.20192 0.02634 0.26744 0.25493 0.15890 -0.26859
-0.42525 -0.04831 0.24142 -0.36120 0.19982 -0.13552 -0.20044 0.06012 -0.42361 -0.02657 -0.21808 -0.13803 0.17602 0.32561 0.04938 -0.07072 -0.24626 -0.17552 -0.20921 0.05037 -0.01723 -0.10080 -0.18109 -0.11688 -0.27293 -0.19784 -0.29389 -0.20688 0.07656 0.06579 0.14732 -0.08669 -0.26352 -0.35026 0.21422 0.13029 -0.29833 0.25277 0.08346 -0.18000
-0.01115 0.27939 0.28865 0.20652 0.33261 0.17114 0.03138 -0.32490 -0.21961 -0.16132 0.12444 -0.13585 -0.09579 -0.21974 0.13432 -0.40209 -0.13299 -0.06875 0.16182 -0.16578 -0.03532 0.28156 0.28502 0.33880 -0.02011 0.14883 0.27005 -0.10842 -0.07943 -0.10988 0.36116 0.23918 -0.12450 0.04941 -0.10936 -0.21758 -0.15063 0.16049 0.28257 -0.34874
0.16857 -0.03025 0.22190 -0.11506 0.06557 -0.43499 -0.18495 0.02397 0.11031 -0.03004 0.37348 -0.04192 0.36629 -0.16877 0.19750 -0.07433 0.02908 0.26636 0.07276 -0.30402 0.17347 -0.38122 -0.27401 -0.36196 -0.27595 0.35846 -0.08674 -0.41114 0.39100 0.21650 0.24565 -0.29111 0.29389 -0.26841 -0.08065 0.09743 -0.10380 -0.36867 0.00277 0.25183
0.12383 0.13814 -0.03307 -0.22931 0.31365 0.32534 0.29488 -0.00163 0.28797 -0.23430 0.30591 0.22640 -0.00311 0.04151 0.14581 0.24838 0.05671 -0.34683 -0.02725 -0.15032 -0.33799 0.05004 0.16797 -0.17974 0.02130 -0.11761 0.03534 -0.13264 0.15634 -0.12090 0.19314 -0.29468 -0.08401 0.26098 0.16974 0.43146 0.19744 -0.02921 -0.05664 -0.01742
0.38570 0.26480 0.33192 -0.23152 -0.15928 -0.39902 0.23568 0.25905 0.09793 0.30704 -0.02371 -0.30713 -0.29793 0.17770 -0.06995 -0.27522 -0.02550 0.03818 -0.08498 0.09854 0.29019 -0.23793 0.25964 0.16280 -0.07120 0.31454 -0.20790 0.35658 -0.07056 0.14126 -0.29644 0.20768 0.09261 -0.16148 -0.32055 0.00359 0.06109 0.40439 -0.21103 0.01782
0.07738 -0.22911 0.29592 0.47347 0.01054 0.38102 -0.01710 0.21394 0.24081 0.25459 -0.44731 0.26234 -0.01223 -0.27991 0.27874 -0.01659 -0.31847 0.00913 -0.47759 -0.46771 0.22213 0.30544 0.32615 -0.11981 0.26859 -0.40390 0.45130 -0.26002 0.32693 0.20277 0.07713 -0.33142 -0.12157 -0.45995 -0.17326 -0.24722 -0.00381 -0.22124 -0.21818 -0.08075
-0.19606 -0.05373 0.15653 0.04798 -0.33637 -0.06410 -0.25567 0.16786 0.13504 0.16506 0.30917 0.33847 -0.20153 -0.07443 0.05240 0.05259 -0.00464 -0.08611 -0.32463 -0.16645 -0.09827 0.21278 -0.01487 0.23030 -0.17057 0.24989 -0.08782 0.27871 0.22701 0.25433 0.19952 0.32874 0.04813 -0.24902 0.14052 0.15436 -0.19031 0.17619 0.05850 -0.17449
-0.06241 -0.07600 -0.07670 -0.05689 -0.22508 0.16106 0.05805 0.25126 -0.16280 0.24228 0.14927 0.09591 0.05656 -0.22629 -0.16912 0.19360 0.11781 -0.24460 -0.26341 -0.26268 -0.15729 -0.01172 -0.21303 -0.25466 0.11340 -0.05419 -0.07716 -0.02257 -0.26640 0.18424 0.11011 -0.12596 -0.15298 -0.09029 0.17418 0.12936 -0.05007 -0.01292 -0.13341 -0.31808
0.08531 -0.30584 0.04654 0.06969 -0.03194 0.13091 -0.04388 -0.31109 0.14139 -0.00414 -0.28241 0.10955 -0.08187 0.22146 -0.30437 -0.27237 0.11204 0.19148 0.36273 -0.25906 0.01509 0.06605 0.03715 -0.08849 -0.03150 0.20084 0.29611 0.16689 -0.30005 0.07782 -0.04935 0.27304 -0.23536 0.01373 -0.38263 0.01277 -0.18160 0.06745 -0.00824 0.01867
-0.10604 -0.25620 -0.14068 0.23213 -0.28619 -0.28307 0.10676 0.14733 -0.01307 0.07816 0.29515 0.10306 0.10095 0.13855 0.04997 -0.19160 0.01271 -0.07638 -0.28207 0.13174 0.18216 -0.03482 0.19066 -0.11176 -0.28243 0.00559 0.03074 -0.28023 0.09299 0.14368 0.13057 0.04617 0.04839 -0.34909 0.11716 0.39767 -0.28801 -0.04442 0.35458 -0.17625
0.34920 0.30099 -0.22072 0.35271 -0.10647 -0.18743 0.40920 0.21024 -0.02524 0.24600 -0.05570 0.10411 0.29713 -0.29554 -0.06437 -0.04580 -0.29320 -0.16566 0.39295 -0.09550 0.05798 -0.23299 -0.02315 -0.01358 -0.20800 0.11299 -0.21612 -0.32404 0.18736 -0.13125 0.15146 -0.14431 0.31374 0.11830 -0.26579 0.14681 -0.28751 -0.15575 -0.19014 0.16143
0.31836 -0.24683 0.17276 -0.03524 0.21022 -0.30258 0.25563 -0.11435 0.34071 0.10819 0.12871 -0.15935 0.05769 0.26853 -0.06469 0.09685 -0.01165 -0.18691 0.16124 0.18965 0.38377 0.01346 0.23870 -0.22291 -0.20732 0.27510 0.04004 -0.10985 0.16204 -0.18932 -0.11544 0.27579 -0.01445 -0.02756 -0.14527 -0.28566 0.38339 -0.32788 0.21001 0.10057
0.31984 0.07760 -0.03854 0.12322 0.15733 0.22113 -0.22379 0.33260 0.32138 -0.33094 -0.35080 -0.22195 -0.30921 0.20520 -0.30906 0.04506 -0.05264 0.14998 0.23539 0.40246 0.21261 -0.02938 -0.06554 -0.09453 0.15159 0.36144 -0.21963 -0.12443 0.08504 0.29957 0.24264 -0.31566 -0.30696 0.00210 -0.19205 0.09285 -0.16675 0.14575 -0.32879 -0.15253
0.09963 -0.03501 0.15197 -0.08008 0.07820 -0.21481 0.06214 -0.17141 0.08629 -0.22814 0.13279 0.14238 -0.06887 -0.01275 -0.06906 -0.28970 -0.33134 -0.28118 0.03894 -0.05327 0.17995 0.10287 -0.02946 0.11171 -0.09062 -0.29823 0.09641 0.25680 0.03620 0.20219 0.05672 -0.10394 0.14305 0.06015 -0.29415 0.17052 0.01914 0.08739 0.06259 0.26947
-0.17405 0.29318 -0.25561 0.12158 -0.09290 -0.15730 0.07965 -0.06209 0.27684 -0.32453 -0.13998 0.16564 -0.29780 -0.37649 0.09190 0.32111 -0.26967 0.14477 -0.15235 -0.27623 0.23918 0.33718 0.23220 -0.35807 -0.07393 -0.38033 -0.19553 0.34996 -0.45947 -0.29481 0.34186 0.12966 -0.27687 0.35006 -0.30550 0.30858 0.28426 -0.14142 -0.20574 -0.00994
-0.19696 -0.02440 0.27367 0.03850 -0.36799 -0.27567 -0.20678 -0.15472 -0.09580 0.20721 -0.02675 -0.17388 -0.17905 0.26194 0.28546 -0.35605 -0.26931 0.39993 0.29048 -0.23473 -0.04332 0.15652 -0.31913 0.00096 0.24204 0.38430 -0.27543 0.15037 0.07874 0.23509 -0.28631 0.30238 0.18463 0.33033 0.10771 0.15839 0.27496 -0.38348 -0.12617 -0.37933
-0.14979 -0.25422 0.10725 -0.08499 -0.31506 -0.10215 -0.34013 -0.29396 0.06049 -0.02483 0.20055 0.15755 -0.32204 0.14580 0.04491 0.14962 0.07366 -0.16356 -0.24042 -0.06843 -0.17407 0.21317 -0.28280 0.26789 -0.44009 -0.24928 0.20171 -0.03674 0.02687 0.00592 -0.02734 0.32024 -0.21387 -0.11769 -0.31915 -0.03765 0.03664 -0.17784 0.32362 0.24732
-0.11513 -0.20967 -0.00300 0.18569 -0.20996 0.20191 0.28792 -0.08840 -0.09938 0.04775 -0.08139 0.33306 -0.07540 0.32370 -0.15521 -0.29549 0.00405 0.16585 -0.01140 0.10150 -0.10048 0.22962 0.00295 -0.11026 0.42902 0.06478 -0.18264 -0.18129 -0.13314 -0.13257 0.30812 -0.33712 -0.05494 0.16465 0.14663 -0.16042 0.26242 -0.02346 -0.04826 0.16508
-0.26239 0.00887 -0.38730 0.03404 -0.27331 0.17243 0.27958 0.05233 0.08705 -0.31762 0.14414 -0.14177 0.12058 0.11988 -0.23478 -0.01415 -0.39668 0.28146 -0.35142 0.15354 0.00825 0.25917 0.28911 0.28149 -0.28250 -0.31131 -0.03731 -0.05787 -0.13392 0.30469 -0.00132 -0.10246 0.47111 -0.14394 0.20015 -0.02148 -0.24000 -0.03990 -0.02021 -0.34379
0.30964 -0.33049 -0.19121 0.00910 0.18042 -0.21580 0.06476 0.14469 0.00525 0.25486 -0.14916 0.04974 -0.27665 -0.13067 -0.13439 0.13192 -0.33604 -0.26184 -0.29773 0.12914 0.32955 -0.01972 0.03126 0.21551 0.06240 -0.27795 -0.28051 -0.16942 -0.14977 -0.09838 0.26115 -0.01809 0.09920 0.13530 -0.29293 0.30302 0.11793 -0.17794 0.19377 -0.01210
0.26339 0.23394 -0.06586 -0.29708 0.17313 -0.41207 -0.02669 0.09711 0.25933 -0.16579 0.14356 0.06597 -0.20398 0.26754 -0.01688 0.13619 -0.14323 -0.37140 -0.26359 -0.26622 0.25470 -0.19888 -0.10435 -0.03861 0.02471 -0.25696 0.05643 -0.10246 -0.17509 0.22333 0.24313 0.35941 0.02790 0.22361 -0.10154 0.01146 0.37816 0.00815 0.33509 0.04321
0.06605 -0.29015 0.11844 0.27411 0.09221 -0.39961 0.25412 0.37221 -0.31570 -0.07653 -0.19314 0.33232 -0.22390 -0.06149 -0.38230 0.28008 0.29390 0.14685 0.33652 0.24506 -0.04851 -0.18526 -0.40349 0.25173 0.16624 -0.17556 -0.15043 -0.14741 -0.00373 -0.29280 -0.33955 0.31075 0.01988 -0.40155 -0.21665 0.02019 0.02062 -0.09537 -0.20335 -0.25853
0.17444 -0.15288 -0.26977 -0.22951 -0.12792 -0.23373 -0.05428 0.05302 -0.10841 -0.22704 -0.08149 -0.21585 0.01331 -0.28922 -0.40965 0.04544 0.03066 0.08533 0.28860 -0.06284 -0.21972 0.22525 -0.48489 -0.07830 -0.09025 -0.09568 0.27680 -0.19069 -0.02968 -0.27646 -0.22332 0.27090 0.27257 -0.15169 -0.20765 0.02241 0.27035 -0.31951 -0.04431 0.14270
0.04968 0.00038 -0.25311 -0.16283 -0.39383 -0.02587 0.14883 -0.10389 0.25008 0.12970 0.32836 0.07184 -0.39507 -0.10082 0.07068 0.01365 0.17137 0.05566 -0.05674 -0.05344 0.35511 -0.10151 -0.01355 0.40558 -0.21480 0.30291 -0.28856 -0.19391 -0.02799 -0.12927 -0.23516 0.31767 -0.10908 -0.03615 0.09988 -0.01367 -0.35075 0.26020 -0.26086 0.04245
-0.09266 -0.22186 0.29531 -0.23937 -0.22342 -0.24093 0.20149 -0.15269 -0.28600 0.02971 0.08023 0.19032 -0.09431 -0.16262 0.18120 0.10295 0.01479 0.01336 -0.06091 -0.16499 0.12158 -0.30417 0.18975 0.17423 0.06025 -0.15446 0.22987 0.18492 -0.21869 -0.12031 0.10690 0.14269 -0.18201 0.26963 -0.27340 0.08725 0.16972 -0.27094 0.18554 0.14835
0.03156 -0.05676 -0.21065 0.34949 0.04574 0.12641 0.15214 0.34935 0.23638 0.37958 0.35642 0.23840 -0.04046 -0.07567 0.11285 -0.27633 0.11416 -0.22224 -0.40970 -0.09682 0.13355 -0.06959 0.36800 -0.18240 0.23457 0.22004 -0.23357 -0.01590 -0.12363 0.38075 -0.00631 -0.42491 0.09365 -0.13697 0.03364 0.33746 0.34089 -0.27438 -0.05008 -0.03798
-0.18976 -0.20985 0.25887 -0.39655 0.24841 0.00582 -0.15119 0.13992 0.06207 0.24090 0.03908 0.20778 -0.30594 -0.20654 0.12099 0.08141 0.00253 0.15271 -0.23908 0.23481 -0.12808 -0.34428 0.35531 -0.31701 0.38225 0.20543 0.40912 -0.25880 0.29897 0.27938 0.02359 0.15381 0.27530 -0.16940 0.37156 -0.02474 0.34861 -0.23454 -0.03416 -0.25798
0.11821 -0.15749 -0.02751 -0.25493 0.07369 0.18577 0.14802 -0.02360 -0.02607 -0.13433 -0.17047 0.05691 -0.01520 0.10159 -0.14994 0.19219 0.02740 0.23565 -0.20279 0.06472 -0.23553 0.38594 -0.19591 0.15965 -0.07819 -0.27741 -0.27640 -0.06904 0.08548 0.00899 0.20057 -0.02797 -0.23962 0.05635 0.24005 0.09418 0.13666 -0.01027 -0.34820 -0.30754
0.33021 -0.20237 0.40486 0.01094 0.35383 -0.33670 0.02129 -0.41776 0.18661 -0.12707 0.40211 0.12921 0.09963 0.35489 0.18564 0.08601 -0.27630 0.18012 -0.22203 -0.05582 -0.35240 0.00034 -0.04371 -0.36025 -0.31450 0.30407 0.15124 -0.03303 -0.22427 0.01206 0.22497 -0.05226 -0.23860 0.44063 -0.08929 -0.40689 0.35701 -0.29874 -0.17517 -0.04431
0.27641 -0.37810 0.08222 0.10658 0.22467 0.17432 0.08939 0.28343 0.00331 0.21095 0.10073 0.18648 0.21107 0.18348 0.02397 -0.15549 0.07737 0.11272 -0.28272 0.23466 -0.19296 0.40958 0.06584 0.29104 0.06340 -0.23412 -0.37468 0.28777 0.25096 0.26178 0.37737 0.16870 -0.20413 0.14903 0.22510 -0.12274 -0.16196 -0.21297 0.01734 -0.27424
-0.33997 0.05915 0.29354 -0.31147 0.08964 0.28375 0.29034 0.16394 -0.24106 -0.20071 -0.42580 0.32943 -0.39142 -0.34502 -0.00012 0.40404 -0.03688 0.10233 0.42130 0.18312 0.39388 -0.16277 -0.32218 0.20657 0.20130 0.33893 0.36309 -0.08213 0.03960 -0.13892 0.24013 -0.17862 0.12704 -0.49133 0.09787 0.07850 0.11421 -0.09723 -0.18396 -0.33638
0.01959 0.29913 0.30541 0.30904 -0.23685 -0.41733 0.24198 0.38402 -0.37809 -0.46783 -0.28755 0.18515 -0.16556 0.00510 -0.09043 -0.21521 -0.23139 0.06513 -0.33301 -0.01828 0.41004 0.02313 -0.35148 0.31679 -0.13035 0.17721 0.27693 -0.27087 -0.25115 -0.24558 0.21048 0.45379 -0.03627 0.03313 0.08945 0.19132 0.25505 0.32598 0.23420 -0.23910
0.33627 -0.13140 0.34485 0.23955 0.21027 -0.14093 0.25928 -0.19341 -0.05982 -0.31998 0.18589 0.05009 0.22418 0.00510 -0.03165 0.39780 -0.05227 -0.36155 0.12953 -0.33586 0.06773 -0.37344 0.31460 -0.38995 -0.43972 0.34790 -0.00263 0.18526 0.28584 -0.13664 0.19727 0.07641 0.12663 -0.27266 -0.20978 0.12516 0.35002 -0.43312 0.23984 -0.24773
0.13620 0.35521 0.01079 -0.08567 -0.41890 -0.12192 -0.21970 0.27225 0.18504 0.29982 -0.17901 0.34636 0.15508 0.23417 -0.18722 -0.11781 0.11281 -0.31818 -0.29204 0.07803 0.21793 -0.25909 -0.15542 0.39649 0.34666 -0.14734 -0.26581 0.21783 0.10657 0.24196 0.25129 0.48361 -0.18369 -0.26401 0.42472 0.33761 -0.19209 -0.22890 -0.25273 -0.24322
0.24665 -0.17278 -0.13146 -0.09935 0.23381 -0.03570 -0.26219 -0.15082 0.07151 0.35876 0.10581 -0.18689 -0.20237 0.16307 -0.08201 -0.39590 -0.27372 0.34913 -0.05435 0.40247 0.33904 -0.18388 -0.34978 0.30174 0.00659 -0.24600 0.14243 -0.30695 -0.13437 0.12549 -0.10838 0.17477 -0.21799 -0.18256 -0.01949 0.28655 0.33014 0.39809 -0.13921 0.14198
-0.21381 0.32677 -0.22002 0.24664 0.11386 -0.32725 0.00779 -0.29561 -0.22021 0.13058 0.17156 0.19613 -0.02524 -0.11260 0.12048 -0.36318 -0.05814 -0.20208 -0.20040 -0.20497 0.25584 0.04587 -0.12572 0.19962 0.07320 -0.31510 0.33898 -0.15650 -0.24389 0.29464 0.10999 -0.13141 0.07339 -0.04284 0.00757 0.37179 -0.16436 -0.31420 -0.05553 0.26011
0.33960 0.20192 0.26611 0.23892 -0.21646 -0.10019 0.17748 -0.21436 0.03414 -0.17019 -0.21686 0.14552 0.00540 -0.11800 -0.35189 0.03578 0.07929 -0.32297 -0.29043 0.10895 -0.36246 0.32235 -0.18384 -0.19735 -0.09602 -0.31581 0.29981 -0.32437 -0.22510 0.09571 0.29537 0.37335 -0.38550 0.19716 -0.32183 0.22758 -0.20275 0.40305 0.42231 -0.34985
-0.02025 0.15623 -0.11333 -0.16084 0.09250 -0.08061 0.06061 0.26339 0.01317 0.04049 0.17575 -0.25536 0.33771 -0.44576 -0.18262 -0.14842 -0.02133 0.23235 -0.38934 0.25456 -0.23320 -0.11696 -0.06819 -0.26312 0.06118 0.09618 -0.04146 -0.13147 0.04575 0.16142 0.00802 -0.11626 0.23151 0.27674 0.12440 -0.29215 -0.13913 0.19272 0.23243 0.17429
0.02005 0.22452 0.05811 0.16809 -0.21557 -0.27433 0.07611 0.24236 0.04455 0.15719 0.02200 0.21896 0.24450 -0.37349 -0.38611 0.08477 -0.00275 -0.17699 -0.23847 0.30337 0.11516 0.19792 -0.32196 -0.41688 -0.13188 0.16690 -0.26818 0.16746 0.10127 -0.01919 -0.09087 -0.01350 0.11945 0.45212 0.36432 -0.25767 0.26261 0.20624 -0.09145 0.14253
-0.30837 0.08203 -0.13399 -0.29424 -0.00895 -0.14259 -0.21721 0.21078 -0.38217 0.26804 -0.21421 -0.13230 0.26248 0.10639 -0.31370 -0.08055 -0.30172 -0.15261 0.27269 -0.15138 0.01390 0.13680 -0.02853 -0.21694 0.03657 0.16032 -0.19365 0.18270 0.07770 -0.05444 -0.36350 -0.28641 -0.25497 -0.23681 0.10327 -0.10854 -0.29463 0.19092 0.23694 -0.07118
0.09877 -0.45081 0.10653 -0.09760 0.08262 -0.26531 0.34667 0.02782 -0.06986 0.34357 -0.28641 -0.13378 -0.14842 -0.28810 -0.24064 0.01376 0.33152 0.31983 -0.02190 0.15100 0.07803 -0.02267 -0.18316 0.22296 -0.38464 -0.11406 0.07691 0.09773 -0.03749 -0.28329 -0.18192 -0.22101 -0.27157 -0.24941 -0.20783 0.30099 0.03387 0.01605 0.36024 -0.18093
-0.11918 -0.28058 0.03301 -0.04971 -0.27479 0.29589 0.20883 0.08535 -0.24953 -0.22996 -0.09628 -0.20112 -0.23432 -0.01846 -0.19069 0.14865 0.05178 -0.02834 0.09227 0.11174 0.18649 0.32120 0.18265 -0.31242 -0.07026 0.29063 0.13544 -0.18328 0.02632 0.20349 -0.17314 -0.11909 0.09128 0.17952 0.09449 -0.21055 -0.07531 -0.18511 -0.16999 -0.16297
0.32307 0.24780 0.19697 -0.42151 0.21260 0.05827 0.25295 0.18546 -0.14003 0.16831 -0.19958 -0.41142 -0.36066 -0.18938 0.16528 0.30303 -0.26184 -0.01362 0.16600 -0.29418 0.00029 0.08325 -0.25904 -0.34656 0.20722 -0.00201 -0.13973 -0.04007 0.04754 -0.26817 0.26469 0.04148 -0.28828 0.02681 0.28094 -0.29706 0.22794 0.18910 -0.08492 0.31271
0.27799 0.31446 0.11145 0.30125 -0.13313 0.35712 0.24164 -0.10842 0.15274 -0.05979 0.15071 0.04139 -0.07599 0.37401 0.19239 0.14839 -0.01742 -0.22634 0.29672 -0.13708 0.07367 -0.17088 0.23622 0.07700 -0.12369 0.09439 -0.25302 0.34197 -0.34924 -0.20709 0.30029 -0.18335 0.16991 -0.43655 0.21973 -0.09934 0.14882 0.37947 0.34081 -0.03307
-0.12402 -0.07097 -0.23021 0.11532 -0.13649 0.06975 -0.28264 0.34129 -0.15495 -0.36147 -0.15640 -0.07383 0.10726 -0.20217 -0.39411 0.31755 -0.38238 0.04485 -0.10917 -0.26672 -0.23614 0.02450 -0.04457 -0.15449 0.00037 0.07715 0.16998 -0.39713 -0.32454 -0.28137 0.16367 0.07363 0.06743 0.25230 0.03402 0.21351 -0.19923 0.10456 -0.27818 0.15025
0.41998 0.17876 -0.24952 -0.03107 0.03650 0.32175 -0.15264 0.32646 0.04342 -0.17702 -0.00124 -0.07264 0.01542 -0.25230 0.30268 0.22064 -0.39585 -0.11454 -0.18498 0.12842 -0.53574 0.29408 -0.10552 0.24579 -0.05766 -0.05679 0.04961 0.28303 0.08284 -0.22837 0.27602 0.05747 0.26908 0.46722 -0.49855 0.00331 0.24607 0.19120 -0.22315 -0.34318
0.14400 0.31488 0.11691 0.15598 -0.15728 0.09080 -0.06712 0.35497 -0.07057 -0.12543 -0.19051 -0.25574 0.30139 -0.27539 -0.07494 0.16180 -0.08740 0.10374 -0.24986 0.23888 -0.11941 0.07662 -0.23813 -0.04603 0.33176 0.25255 -0.11213 -0.26111 -0.22379 0.08656 0.29237 -0.07781 0.26278 0.26538 0.23662 -0.33985 -0.21712 0.04830 0.21022 0.24217
-0.31765 0.23309 -0.24087 -0.03559 0.08663 0.25255 -0.41485 0.05667 -0.17230 -0.24229 0.21843 0.01896 0.23513 -0.12998 -0.27717 0.10789 0.04518 -0.23945 0.26555 0.31885 -0.06981 -0.13669 -0.10488 0.14835 0.36480 0.12828 0.47681 0.03384 0.13679 -0.28088 -0.10238 0.14181 0.16611 -0.10988 0.28981 -0.25685 -0.19652 -0.36671 -0.17419 -0.29737
0.11282 0.41416 -0.13464 0.31002 -0.17071 0.07792 -0.07553 0.31738 0.19498 0.38108 -0.22641 0.27454 -0.28231 0.11425 0.03052 0.07069 0.26308 -0.17565 -0.08684 -0.07515 -0.28235 0.15265 0.04770 0.29150 0.19215 0.35479 -0.14863 0.06923 0.30060 0.09899 0.32374 0.12134 0.33168 -0.00626 0.30836 0.09468 -0.10409 -0.21545 0.31288 0.29717
0.18302 -0.07753 0.10189 -0.23014 -0.06116 -0.19859 -0.05567 -0.08466 0.07805 0.12932 0.08697 0.10307 -0.11212 -0.02853 0.09956 0.01128 0.13047 -0.03214 -0.02624 -0.10967 -0.38634 0.34662 0.29477 0.36089 0.25244 0.14779 0.08100 0.08250 0.16619 0.05407 0.08507 0.26358 0.12664 0.21282 0.09644 0.02335 -0.07717 -0.05258 0.17671 0.05008
0.29035 0.02051 0.41938 0.21236 -0.26744 0.13982 -0.34137 -0.12264 0.14817 -0.29658 -0.40292 -0.02214 -0.07685 0.01129 0.28344 0.07667 -0.11833 0.05637 0.24279 0.14991 0.22891 -0.06678 -0.07920 -0.39534 0.04465 0.12675 0.08272 0.36488 -0.12753 -0.26114 0.04045 0.22721 0.20544 0.18562 0.25689 0.17657 -0.36677 0.17635 -0.21211 0.28581
-0.02138 -0.14145 0.03713 0.21652 0.35563 -0.09245 0.25890 0.32195 0.49873 -0.13281 0.15782 -0.22527 -0.02099 0.45227 0.34557 0.22215 0.30972 0.04683 0.21008 0.27722 -0.07167 0.09761 0.18269 -0.08955 0.07425 -0.19736 -0.03014 0.01713 -0.00260 0.22819 0.07015 0.15569 0.17866 -0.29957 0.11156 -0.06460 0.35956 -0.19447 -0.37384 0.01927
-0.29285 -0.10191 -0.27162 0.26407 -0.06253 -0.27854 -0.00551 0.26129 0.34430 -0.07441 0.10709 -0.15328 -0.12977 -0.20847 -0.25967 0.04678 0.12467 0.17134 -0.20369 -0.12224 0.15699 0.08843 -0.10161 -0.03205 -0.00376 -0.02654 -0.08856 -0.13970 0.15542 0.31139 0.18828 -0.03060 0.10529 -0.07902 -0.19006 -0.14775 -0.05957 -0.07250 -0.16156 0.22007
-0.11955 -0.30770 0.01713 0.37281 -0.13729 -0.13188 0.19598 -0.24683 0.15945 0.26935 0.01168 0.05310 -0.03757 -0.14075 -0.07083 -0.28451 0.09948 -0.25398 -0.16299 0.20577 -0.21598 -0.02032 -0.37195 0.23888 -0.20677 0.19374 -0.01505 -0.35652 0.33208 0.07303 0.15020 -0.22661 0.18625 -0.20005 -0.05774 -0.38909 -0.07702 -0.03416 -0.26031 -0.27319
-0.18456 -0.27702 0.11754 -0.20955 0.15070 -0.17713 -0.15227 -0.23189 -0.38045 -0.28910 0.12638 0.15341 0.23361 -0.16078 0.01934 -0.05630 -0.10347 0.14413 -0.32796 -0.08399 -0.04514 -0.09566 -0.28051 0.06403 -0.34374 -0.25142 0.27993 -0.25955 0.13676 -0.35183 -0.03515 -0.06367 -0.27011 0.26804 -0.20704 0.06798 -0.00123 -0.13533 -0.10209 0.26621
-0.02983 0.33095 0.35035 -0.21809 0.18809 0.26660 0.20768 0.20765 -0.02810 0.07641 0.20866 0.00112 0.20772 -0.32382 -0.33959 0.09215 0.16271 -0.19569 -0.27671 -0.15803 0.17783 -0.00303 -0.25961 -0.09006 0.08179 -0.01883 0.29291 -0.15724 0.25777 -0.03344 0.22959 0.00677 -0.28592 0.15151 0.33470 -0.18532 -0.04151 0.02819 0.00338 -0.28441
-0.16848 -0.31123 -0.21743 -0.01580 0.21630 -0.27350 -0.24765 0.06200 0.27255 -0.27317 0.24193 -0.12729 0.17003 -0.10637 0.19775 0.08486 -0.06451 0.19500 0.02965 0.23847 -0.28950 -0.10061 0.12190 0.15830 0.23062 0.13255 0.04843 0.03949 -0.01146 -0.07906 0.18810 0.13096 -0.21311 0.08757 0.16356 0.04109 -0.28888 -0.30763 -0.26163 0.18752
-0.03521 0.00309 -0.29548 0.17422 0.21664 0.21342 -0.28818 -0.09746 0.09500 0.02470 0.10226 0.24595 -0.11176 -0.02184 0.17053 0.16633 0.07620 -0.20179 -0.22769 0.20681 0.16874 0.06447 0.20556 -0.06250 -0.33632 -0.07503 0.05378 0.23402 -0.30472 -0.24836 -0.30793 -0.30586 -0.13834 -0.35517 -0.26250 -0.16302 -0.12876 0.29624 0.22896 -0.28138
-0.05761 0.21687 0.14559 -0.12890 0.11249 0.07853 0.05421 -0.08974 0.39298 -0.19605 -0.03715 0.42879 0.14088 0.39781 -0.43110 -0.45625 -0.31691 0.07829 -0.37633 -0.34313 0.00300 0.38830 -0.04875 -0.04149 -0.12239 -0.23480 -0.21511 0.02210 0.15314 0.10932 -0.13965 -0.30713 0.30041 -0.29202 -0.16909 -0.09266 -0.12689 0.36741 0.26373 0.22056
0.30923 -0.09709 0.18642 -0.25929 0.17063 -0.38186 0.27322 -0.16644 0.32924 -0.30733 -0.25572 -0.35726 -0.25983 0.14559 0.09995 0.42017 -0.27788 0.24944 0.08704 0.06333 -0.17926 -0.03865 -0.19987 -0.37264 0.15682 0.04549 0.01750 -0.31583 -0.19703 -0.02731 -0.09610 0.16658 0.15741 0.23930 0.14944 -0.43025 0.07022 -0.11739 -0.22461 -0.22139
0.28569 0.06370 -0.25292 0.31672 0.10814 0.20748 0.41219 -0.09800 0.05260 -0.07128 -0.19613 -0.27783 -0.14142 -0.12071 0.16241 -0.02807 -0.00744 -0.21348 0.39017 -0.10803 0.32310 0.02767 -0.17238 0.08830 0.29573 0.28370 0.08925 -0.22656 0.12880 -0.23847 0.21243 0.33052 0.35924 -0.04792 -0.32690 0.11772 0.09858 -0.03518 0.03641 -0.13875
-0.13698 0.29012 -0.08587 -0.31185 0.20204 0.28329 -0.05719 0.05387 -0.13782 -0.18895 -0.15967 0.10809 0.32038 0.16101 -0.42432 0.19713 -0.10031 -0.17197 0.39555 0.23283 -0.32006 0.26844 0.32285 0.16949 0.24871 -0.01810 0.06258 -0.06542 -0.18113 0.15043 -0.13998 -0.32791 -0.32713 0.11626 0.07362 0.22991 -0.03900 0.06625 0.02718 0.13576
-0.07307 -0.18315 -0.15791 0.27461 0.48215 0.21466 0.21948 -0.05823 -0.20502 0.23190 -0.01983 0.34871 0.30187 -0.17472 -0.05227 -0.19466 -0.19152 0.22916 -0.43080 0.35558 -0.29896 -0.06305 0.44695 -0.19990 -0.25247 0.13699 -0.35823 0.43522 0.07918 -0.32539 -0.40953 0.05676 0.31640 -0.14962 -0.33298 0.11178 0.27853 0.36805 -0.29391 0.40200
-0.14162 -0.31638 -0.41307 -0.41669 0.25980 -0.26277 -0.03503 0.03170 -0.15334 0.34646 0.37087 0.33729 0.22017 0.40580 0.16759 0.25552 -0.02258 -0.33854 -0.27145 -0.37833 0.25136 0.08178 0.02889 -0.03824 0.33348 -0.02287 0.20101 -0.34908 0.09556 0.19411 0.09415 -0.38832 0.21176 0.37207 0.07239 -0.23099 0.01099 -0.11672 -0.06526 -0.27981
0.11114 0.00939 -0.18368 0.34392 0.35451 -0.33272 0.28955 0.24675 -0.17747 0.20894 -0.44693 0.08720 0.48628 0.25247 -0.05440 0.09507 -0.31952 0.17733 0.28450 -0.28849 -0.17185 -0.39832 -0.08424 0.24374 -0.32086 0.16162 0.00236 -0.10776 0.36353 0.02710 0.36996 0.10783 0.40181 -0.36550 0.02021 -0.24320 0.33976 -0.22237 0.28680 -0.37519
-0.26622 0.12313 -0.28554 0.36647 -0.28795 -0.43927 0.15415 0.07409 0.03310 -0.24361 0.15449 -0.24386 -0.34130 0.10573 -0.28586 -0.20889 -0.03714 -0.09250 -0.21697 -0.05983 0.21906 -0.20283 0.16946 0.03014 0.13126 -0.01554 0.10128 -0.25511 0.25295 0.14632 0.41606 0.00284 0.31030 0.24465 0.01226 -0.24605 0.27192 0.34515 -0.29159 -0.05769
0.18152 -0.35139 0.04987 0.45625 0.31720 -0.19170 0.19330 -0.19040 0.09046 0.35054 -0.25553 -0.16825 0.05463 -0.22758 0.20812 0.33104 -0.20635 0.12973 -0.41559 0.18313 0.20226 -0.36621 -0.36173 -0.21276 0.21923 0.13770 0.19793 -0.25167 0.28419 0.35169 0.21635 0.13867 0.01655 0.23462 0.20763 -0.11710 -0.36847 0.17898 0.23433 -0.08415
-0.47360 0.19893 -0.21884 0.17667 -0.20426 -0.37764 -0.01390 0.30495 0.20244 -0.33698 0.04290 0.23173 -0.34725 -0.27998 -0.27963 0.19772 -0.15822 0.16548 -0.29037 -0.38654 0.35150 -0.27664 0.07632 -0.32649 -0.18842 0.32243 -0.12189 -0.15291 -0.10059 0.17184 0.23075 -0.16452 -0.07473 -0.00003 -0.18508 -0.30645 0.24451 0.22286 -0.35539 0.04079
0.13464 0.17104 0.26920 -0.27778 0.29802 -0.13280 0.24242 0.31147 -0.13245 0.02016 -0.40180 -0.39155 -0.25926 -0.20522 0.51952 -0.28670 0.18464 -0.28194 0.15645 0.43677 0.29798 -0.17251 -0.41909 0.10405 -0.34285 0.00535 0.29243 -0.15839 0.07440 0.29223 -0.04306 -0.32767 0.41443 -0.35234 0.05368 0.03637 -0.36953 -0.05112 -0.13941 0.02294
0.26617 0.07524 -0.42800 0.14179 -0.21108 -0.23396 -0.25781 0.00355 -0.01326 0.30100 0.22959 -0.13580 0.39111 -0.19014 0.18522 -0.08225 -0.25902 -0.17135 0.01646 -0.39845 0.31778 -0.16366 -0.02370 0.20105 0.00735 0.03150 0.16176 0.11174 -0.27886 -0.42591 0.23697 0.09127 0.29789 -0.13611 0.02429 -0.20153 -0.31006 -0.20449 -0.05682 0.43281
0.41547 -0.13945 0.27746 0.18434 -0.36794 -0.27588 -0.35037 0.06290 0.37975 0.23650 0.16973 0.21575 -0.17213 -0.22493 -0.00361 0.09246 0.03988 -0.24618 -0.18805 0.18477 -0.01337 -0.04522 -0.24423 0.02572 -0.18139 -0.39832 0.48143 -0.39557 0.06637 0.37288 -0.19994 -0.31815 -0.30228 0.25589 0.19132 0.26389 0.03209 -0.43221 -0.34712 -0.08470
0.29602 0.15580 0.39703 0.01396 -0.21712 -0.23929 0.29368 0.23399 -0.22676 -0.03990 0.12488 -0.03653 -0.07072 0.10056 0.31328 -0.25567 0.42201 0.22169 -0.00222 -0.02347 0.23927 0.01974 -0.15743 0.10503 -0.23018 0.13347 -0.15439 0.24957 -0.04599 -0.13839 0.03464 0.07211 0.22740 0.23287 0.08410 0.05745 -0.28125 0.19921 0.09719 0.03399
-0.16110 0.22032 0.34568 0.26891 -0.16765 -0.14097 0.06983 0.17538 -0.03173 0.19640 0.26962 -0.23846 0.09513 -0.06302 -0.10588 0.14399 0.24008 -0.12474 0.10332 0.26665 -0.06374 0.24104 -0.09645 0.34384 -0.01717 -0.06570 -0.21466 0.01658 -0.34753 0.03676 -0.05610 0.18026 -0.08523 0.44340 0.01758 0.31515 -0.12839 0.37716 0.01128 -0.11763
-0.01564 -0.06418 0.36536 0.15564 -0.26878 0.29212 0.09902 0.32831 -0.23863 0.18887 -0.14526 -0.10310 0.41644 0.16365 -0.25682 0.11729 0.02250 -0.38034 -0.15467 0.07641 -0.01069 0.00095 0.05498 -0.12393 0.33217 -0.24135 0.45475 -0.28601 0.07264 -0.16580 0.42473 -0.04767 -0.23067 0.27223 -0.23553 0.24850 -0.11532 -0.28523 -0.44134 0.27234
-0.14857 -0.40083 -0.33050 -0.40659 0.15289 -0.18038 -0.25852 -0.18084 0.03318 0.37482 0.07427 -0.29098 0.27344 -0.31241 -0.21989 -0.27803 0.35754 0.10866 -0.40188 0.12620 -0.44369 -0.02812 0.06615 -0.41522 0.37582 0.18099 0.19721 -0.39690 -0.34344 0.27474 0.16419 0.07514 -0.05295 0.36487 -0.42225 -0.35892 0.30288 -0.07865 -0.00968 -0.20204
0.22114 -0.12935 -0.09185 0.04251 0.26591 -0.26777 -0.17899 0.21956 0.00612 -0.04455 0.02440 0.07052 -0.15506 -0.14505 0.09009 -0.06439 -0.32107 0.04196 -0.07870 -0.08834 0.06680 0.05304 0.26271 0.10506 0.04473 0.15651 -0.12068 -0.47149 -0.35521 0.09049 -0.20958 0.10365 0.10147 -0.07666 -0.29594 -0.04074 -0.10853 -0.37009 -0.06834 0.26831
-0.02408 0.25100 0.03276 0.31933 0.30159 0.35348 -0.00059 -0.00519 0.10275 -0.41124 0.18603 -0.20113 -0.34586 0.01340 0.30377 -0.34415 0.05990 -0.37250 0.12901 0.29655 -0.39543 0.29358 0.01935 -0.32843 0.20638 -0.16439 -0.01560 -0.36277 -0.15373 -0.25080 0.05252 0.24986 0.19781 0.20752 -0.34605 0.33006 0.08678 -0.08712 0.28121 0.17240
-0.29533 0.05545 0.30382 -0.26561 0.13712 0.06318 0.42157 -0.25793 -0.34368 -0.35716 -0.13753 -0.28304 -0.31251 0.30136 -0.08861 -0.40321 -0.32244 -0.29038 0.25460 0.17737 0.34215 0.29820 0.29444 0.18450 0.00084 -0.02819 0.36651 -0.36223 -0.23621 -0.33075 0.36740 0.17076 -0.29425 0.42612 0.00593 -0.30898 -0.16045 0.05069 0.24675 -0.18665
-0.35312 0.22145 0.35318 0.07251 -0.05608 -0.06966 -0.23091 -0.29460 0.04460 -0.18162 0.45060 0.07187 0.23072 -0.04034 0.31259 0.19117 -0.03814 -0.34398 0.34649 0.27636 -0.20431 -0.12395 -0.20710 -0.03059 0.30274 -0.16595 0.30707 -0.06538 0.22485 0.04388 0.19155 -0.01739 0.25914 -0.19350 0.19614 0.28596 0.38820 -0.13091 -0.14747 -0.05493
0.08127 -0.14520 -0.23383 0.06782 0.43822 0.21619 0.08501 -0.29406 -0.23148 0.32305 0.36105 0.24207 0.09397 0.21507 -0.03789 -0.00010 0.00575 0.03017 -0.33727 -0.28542 -0.29417 0.24019 0.42622 0.37359 -0.19732 -0.09431 -0.14708 -0.24877 0.19626 0.21976 -0.16242 -0.25475 0.29561 -0.23485 -0.21038 -0.22957 0.07589 -0.01394 -0.08520 0.00946
0.14542 -0.01179 0.09235 0.37172 -0.23391 -0.13416 -0.39499 -0.17613 -0.15470 0.30164 0.27229 -0.24808 0.24307 -0.01490 0.16667 0.30320 0.25377 -0.25227 0.33286 0.38513 -0.05176 0.30154 0.29902 0.39224 0.20738 0.26672 -0.13068 -0.24878 0.31249 0.03526 -0.30234 0.03932 -0.34180 0.14890 0.33682 0.36803 -0.22834 -0.20708 0.28559 0.23610
-0.22642 0.26642 -0.18492 -0.12325 -0.25705 -0.32185 -0.21216 0.35534 -0.16805 -0.37024 -0.16331 0.02979 -0.36203 -0.05056 0.19801 -0.20293 -0.09101 0.20769 0.33116 -0.00698 0.20529 -0.16520 0.22421 0.06650 0.28107 0.06722 0.22150 0.03562 -0.33825 0.44050 0.06390 -0.09816 0.31206 0.46612 -0.17075 0.05108 -0.35314 -0.41053 -0.15491 -0.23552
0.28764 -0.21379 -0.39565 0.04738 -0.03444 0.22242 -0.09632 -0.07976 -0.02497 -0.08985 0.24223 0.26623 0.05100 0.06702 -0.18268 -0.12490 -0.23419 -0.08167 -0.18259 -0.42323 0.22643 -0.34441 -0.03839 0.25988 -0.19760 -0.25986 0.04405 -0.06784 0.24895 -0.18901 -0.23102 0.13608 0.03834 -0.21456 0.15768 0.01758 -0.19630 0.28680 0.31226 0.10238
0.38932 0.18842 -0.22226 0.27898 0.15064 -0.42101 -0.25416 -0.21609 -0.22171 0.15808 -0.25956 -0.33463 0.21058 0.02007 0.38236 -0.14755 -0.49727 0.08465 -0.21770 -0.11799 0.06516 -0.23708 -0.13946 0.01482 -0.25600 -0.05837 0.06980 -0.45912 -0.35817 -0.08105 -0.46384 0.25722 0.01602 0.23047 -0.17615 0.15861 -0.25346 -0.46832 0.16120 0.28372
-0.26527 -0.28486 0.05997 -0.49427 0.37566 0.24380 0.28456 -0.13623 0.33973 -0.19860 0.28963 -0.08695 0.36814 -0.11785 0.07965 -0.38073 -0.14315 -0.18118 0.00636 0.41464 0.07735 -0.02423 -0.28586 0.12870 0.07385 0.22087 -0.09365 -0.23052 0.07075 -0.21441 -0.00562 -0.10309 -0.08149 0.01288 0.44263 -0.30442 -0.35135 0.20227 0.15214 0.18782
0.21741 -0.05319 -0.01243 0.04015 -0.10999 0.09176 -0.27797 0.13911 0.11884 -0.13133 0.26869 0.09758 0.22234 0.09969 -0.12338 -0.28626 0.03205 -0.30190 0.03400 -0.05143 0.14138 0.23040 -0.28071 0.02781 -0.09882 -0.37027 0.12796 -0.43195 -0.00369 -0.11598 0.24449 -0.48945 0.12661 -0.28923 -0.18708 0.07007 -0.02312 0.25493 0.25586 -0.02098
