-0.08934 0.09011 -0.10332 -0.14656 0.11296 0.00430 -0.27907 0.04742 0.07495 -0.23317 -0.25775 0.05577 -0.07194 -0.16434 0.02960 -0.18727 -0.24325 -0.08527 -0.05209 -0.31751 0.09028 -0.20405 0.03594 -0.03755 -0.17518 -0.20396 0.07653 0.05548 -0.18653 -0.02025 -0.07503 -0.05247 -0.13907 0.36039 0.29696 0.14139 0.05862 0.10320 0.07119 -0.34390
0.06701 0.07738 0.00614 -0.04514 0.17176 -0.05811 0.11374 0.00527 0.04689 0.02552 0.10218 0.10614 0.01887 -0.09961 -0.00430 -0.16946 -0.03604 0.14453 0.22570 0.06977 0.22693 0.24723 -0.12766 0.20227 -0.01083 -0.12113 0.01269 -0.04109 -0.01454 -0.11757 -0.02374 -0.17065 -0.19851 0.21787 -0.06312 0.07602 -0.18141 0.17418 0.13415 0.03677
0.33163 -0.29559 0.08411 0.16665 0.09624 0.00864 -0.09166 0.22884 -0.18610 0.09229 0.27446 0.30970 -0.08787 0.08575 -0.02152 0.18819 -0.02392 -0.33686 -0.32241 0.01174 0.23790 -0.00764 0.09403 -0.25922 0.13299 0.21644 -0.19720 0.14168 -0.21381 0.30374 0.15543 -0.11630 0.33933 -0.09328 0.19071 -0.21100 -0.18855 0.01524 -0.11936 0.27987
0.00830 0.13240 0.09136 -0.05654 0.05152 0.02042 0.05175 -0.22644 0.06539 0.14566 -0.04238 -0.37249 0.15116 -0.11529 0.08595 -0.04172 0.19700 0.02294 0.08142 0.17962 -0.18622 0.24735 -0.12999 -0.08452 -0.10576 0.12843 -0.05158 0.03530 -0.08307 0.17550 -0.19871 -0.16768 0.14026 -0.13048 -0.02865 -0.07140 0.20835 -0.06585 0.14583 0.17080
0.22768 -0.03634 0.40494 -0.03903 0.03762 -0.17396 -0.04477 -0.29936 -0.25755 -0.03587 -0.08349 -0.03413 -0.03966 0.26609 -0.12531 0.16608 0.17641 0.06769 0.14051 0.06611 -0.18966 0.11263 0.37667 -0.18808 -0.06055 -0.32783 -0.01008 0.05084 -0.00732 0.31932 0.19453 -0.03108 0.23681 0.14268 -0.06068 0.11881 -0.24971 -0.03238 0.02863 0.24838
0.28102 0.13007 0.04722 0.13377 -0.25847 0.28731 0.08113 -0.07105 0.16558 -0.20700 -0.01962 -0.21721 -0.13147 -0.33909 0.20621 -0.12043 0.07711 -0.17478 -0.04875 -0.17752 -0.11405 -0.27993 0.06116 0.25082 0.12553 0.01822 -0.01616 0.17137 -0.08272 -0.20713 -0.15928 0.00347 -0.41410 0.02595 0.23041 0.15515 0.29386 -0.07431 -0.10863 0.15284
0.12311 -0.22753 0.08137 -0.23609 0.12587 -0.18019 0.10934 -0.00657 -0.08545 0.17402 0.15734 0.31801 0.15108 0.31400 0.31388 -0.08082 0.06502 0.19014 0.07433 0.02158 -0.07896 0.08532 0.35233 -0.28644 -0.02189 0.00272 -0.10846 0.25811 -0.05847 0.14697 -0.07298 0.15428 0.21969 -0.02271 0.18003 -0.17368 -0.01432 0.32782 -0.29927 -0.00995
0.07726 0.32323 0.14074 -0.03191 0.03597 0.29677 0.20896 -0.29329 0.08011 -0.22864 -0.13428 -0.00036 0.05451 0.19746 0.00326 -0.06969 -0.25222 0.06353 0.14482 -0.19922 -0.20414 0.03980 0.04071 0.05971 -0.03621 -0.20868 0.06626 0.01718 -0.33254 -0.21016 -0.04085 -0.25851 -0.18197 0.02138 -0.07106 0.04378 -0.04177 -0.12065 -0.11874 -0.07544
-0.06934 0.30807 -0.04916 0.06218 -0.06925 -0.15012 0.21914 0.07134 0.09947 -0.05218 0.34691 -0.11028 0.07586 0.09030 0.17243 -0.04743 -0.04406 0.16562 0.15965 -0.13517 0.25865 0.32175 -0.24882 0.04264 0.21868 0.12258 -0.10624 0.02091 0.32876 -0.20105 -0.13846 -0.09782 -0.11483 0.04658 -0.17755 -0.04021 -0.36840 0.25127 0.42855 -0.16724
-0.00302 0.24416 0.27379 -0.00569 -0.15521 -0.00251 0.31151 0.23713 0.00378 0.21576 -0.05223 0.29199 0.09658 0.11393 0.18304 -0.18190 0.15508 -0.01979 0.07816 0.11266 -0.28726 -0.01078 -0.18948 -0.23951 0.29534 -0.16274 -0.18794 0.03043 -0.11071 -0.00060 0.13568 -0.04855 0.18574 -0.12953 -0.06741 -0.24424 0.14075 0.07150 0.06856 0.11038
0.01622 -0.13462 -0.05765 0.10868 0.06924 0.14123 0.18563 0.03635 0.27532 0.19059 0.04677 -0.18713 0.26403 0.08886 -0.15314 -0.09523 -0.22346 -0.03635 0.05992 -0.06719 0.09795 0.16298 0.03787 0.13749 -0.06384 0.13159 0.15806 0.08500 0.13178 -0.07076 -0.26437 0.00590 -0.06288 -0.06462 -0.16971 0.11610 -0.09650 0.06213 0.11322 0.16500
-0.10110 0.13473 0.04928 -0.09220 -0.14568 0.08449 0.11155 0.03021 -0.02837 0.12546 0.22184 -0.33096 -0.12914 -0.11208 0.20715 0.06376 -0.03535 0.18474 0.25208 0.24997 -0.22693 0.26831 -0.24576 -0.08341 0.06470 -0.17961 -0.05610 0.11604 0.19273 0.01821 -0.04424 -0.11208 0.26497 -0.03366 -0.09944 0.02304 0.15662 -0.27231 0.14922 0.20253
0.01436 -0.02544 -0.21653 0.18025 -0.05964 -0.23497 -0.09718 0.21934 -0.15687 0.07029 0.31507 0.15809 -0.08334 -0.30530 -0.10724 0.15546 0.03957 0.12377 0.18533 0.21798 -0.03269 0.17459 -0.16502 0.30377 0.13030 -0.05798 -0.06904 -0.13044 0.22153 -0.07074 -0.08137 -0.21939 0.03029 0.02454 0.04212 0.00249 -0.33505 -0.02383 0.32769 0.10432
0.04254 -0.09053 -0.10060 -0.13528 0.05099 -0.10853 0.04617 0.01090 0.14350 0.05715 0.20848 0.32511 -0.01426 -0.12732 -0.04772 -0.15225 -0.03327 -0.01131 -0.31290 -0.21881 0.04413 0.07632 -0.03258 0.15189 -0.13462 -0.04748 -0.04349 -0.16949 -0.13116 -0.25346 0.28698 -0.28579 -0.10315 0.15906 -0.13101 -0.13446 -0.29515 0.08078 -0.25025 -0.03494
-0.13685 0.01973 -0.00345 -0.34776 0.08567 0.22110 0.22441 -0.08301 -0.07375 -0.07822 -0.19374 -0.05213 0.27400 -0.10292 0.07853 -0.04392 0.05721 0.07426 -0.07669 -0.01799 -0.23320 0.12166 -0.12418 -0.28550 -0.11497 0.25128 -0.09497 0.20172 0.07721 -0.17833 -0.11694 -0.06624 0.31265 -0.16473 0.35671 -0.18929 0.17359 0.02552 -0.07278 -0.25904
-0.17307 0.04209 -0.40740 0.05931 -0.17622 -0.04755 0.01977 -0.02032 -0.24084 0.25949 -0.26967 0.04668 0.04860 0.03498 0.12567 0.03436 -0.21810 -0.00494 0.13914 0.05521 0.18856 -0.10789 0.28071 -0.13098 -0.03901 0.02319 0.03666 0.22251 0.11466 0.21704 -0.05817 0.27470 -0.16160 -0.06787 -0.23150 0.18503 -0.25657 0.00810 0.28678 0.26376
-0.08733 -0.03035 -0.07921 0.06228 0.07722 0.22618 0.09854 0.11011 0.26073 0.09184 -0.11748 -0.28770 0.26547 -0.18128 -0.13554 0.01074 -0.27153 -0.20566 0.04358 -0.19496 -0.00859 0.22437 0.10500 0.05185 0.17499 0.00102 0.23634 0.04694 0.20043 0.05273 -0.02359 0.16817 -0.28021 -0.13769 -0.12085 0.16874 0.00875 0.12338 0.30202 0.02693
0.33785 0.00429 -0.29584 0.05721 0.10978 0.19444 -0.26113 -0.17462 0.10005 0.07657 -0.23557 0.17215 0.08446 0.07175 -0.17754 0.10415 -0.15646 0.09782 0.14233 0.10210 0.12215 0.24441 0.00314 -0.02442 -0.06808 0.11201 0.09784 0.21954 0.24020 0.13263 -0.13734 0.29688 -0.12247 -0.20518 0.15440 0.02288 -0.11020 -0.09731 0.14867 0.23559
0.17259 -0.11711 -0.21204 0.12262 -0.00487 0.17001 -0.18674 0.01378 0.02964 0.05527 -0.13562 0.08956 0.15558 0.06453 -0.13074 0.12869 0.12427 -0.14929 0.07080 -0.01458 0.27521 0.03545 0.03243 0.04631 -0.03657 -0.19247 0.03282 0.00563 -0.02216 0.18620 -0.03792 0.13807 -0.05575 -0.22318 0.12993 0.09501 -0.04050 -0.15805 0.06648 -0.05581
0.12609 -0.08815 0.33402 -0.02670 0.21095 0.02668 0.11315 0.23490 -0.21055 -0.12442 -0.07532 0.20259 0.10595 -0.19418 0.24708 0.20180 0.08956 0.07630 -0.34574 -0.06032 -0.04376 -0.05870 0.01310 -0.35730 -0.04121 -0.09961 -0.03120 -0.01359 0.13825 0.29758 0.28549 0.20610 -0.02821 0.10186 0.23444 0.05301 0.20715 0.11004 -0.02294 -0.19016
-0.01931 0.02560 0.23281 -0.25802 -0.00195 -0.01719 0.11764 -0.17619 0.15180 -0.27395 0.13943 0.26247 0.25480 0.30911 -0.17893 -0.05183 -0.01269 -0.10466 -0.15974 0.06267 -0.06988 0.08646 0.00361 0.13797 0.21585 0.10781 -0.15468 0.07342 -0.28718 0.00943 -0.11476 -0.05476 0.03334 0.24490 -0.21486 -0.08300 -0.35535 0.27671 0.04764 -0.07883
-0.07224 -0.18847 -0.16699 -0.04757 -0.21672 -0.30253 -0.08398 -0.18029 0.26784 -0.04641 0.11297 -0.12386 -0.17304 -0.26030 -0.04654 -0.33049 0.09182 -0.33692 -0.29103 -0.18147 0.05481 -0.01323 0.09533 -0.34107 0.15618 -0.26581 -0.02803 -0.05523 -0.28770 -0.03649 -0.25247 0.14071 0.20919 0.31528 0.00282 0.08821 0.19637 -0.23629 -0.19085 0.09038
0.16217 -0.10913 -0.33498 -0.00822 -0.04000 0.07382 0.03953 0.03239 -0.08773 0.17618 -0.01873 0.18356 -0.05192 0.18741 -0.14631 0.03740 -0.03383 -0.12651 0.13027 0.08376 0.01836 0.19414 -0.14507 -0.13240 -0.22124 -0.14886 0.06657 -0.01117 0.10579 0.16768 -0.18399 0.18044 -0.07630 -0.31532 0.06568 0.13748 0.05270 -0.01654 0.22136 -0.06091
-0.06027 0.05259 0.25558 -0.21976 -0.10725 0.02241 -0.28085 -0.20584 -0.20949 0.10964 -0.12350 -0.20204 -0.22683 0.01839 0.09348 -0.04294 0.05314 0.18155 0.15912 0.13366 0.14860 -0.03545 0.14355 -0.20112 -0.02095 -0.08267 0.21307 0.23694 0.23396 0.07609 -0.20426 0.12678 -0.17263 0.07570 0.31764 0.28429 0.11035 -0.12673 -0.10951 0.05807
0.10357 -0.17199 0.26910 -0.04141 -0.13192 0.18155 0.01657 -0.22131 -0.22127 0.05463 -0.14707 0.08404 0.21802 -0.08587 -0.04140 -0.06787 0.20955 0.13458 -0.08504 -0.14476 0.15945 0.03551 -0.12364 -0.11506 -0.14752 0.11468 -0.04163 0.02943 -0.10884 0.19260 0.00549 -0.00803 0.04299 0.12209 -0.04625 -0.18760 -0.05463 0.23369 -0.06622 -0.27375
-0.01345 -0.07902 -0.35635 -0.03720 -0.04893 0.36728 0.09507 -0.01115 0.12262 -0.19562 -0.19287 -0.00271 -0.21517 -0.18092 -0.06884 0.19452 0.28186 -0.24289 0.05434 -0.19489 0.29973 -0.17956 -0.22281 -0.04395 0.07886 -0.26814 0.22147 -0.04458 0.03709 -0.23968 -0.10200 0.04686 -0.26287 -0.12412 0.16541 -0.02694 0.20109 0.05220 -0.16270 -0.17491
0.17256 -0.09470 -0.12442 -0.11632 -0.10665 -0.06656 0.36243 -0.16826 0.02414 0.15268 -0.21825 0.26696 -0.03133 0.06475 0.22357 -0.00843 0.10566 -0.06652 0.05759 0.09731 0.37676 0.06776 0.18834 -0.23803 -0.04620 0.07771 -0.11269 -0.00241 0.27039 -0.04385 0.01325 0.12905 -0.21737 -0.01662 0.21775 -0.07837 0.10248 0.07820 -0.34855 0.18222
-0.14273 0.36351 0.33179 0.03514 -0.24557 0.03190 -0.06111 -0.05189 0.07323 -0.24823 0.04082 -0.08790 -0.25378 0.22617 0.10469 -0.08695 0.13427 0.28113 0.03237 -0.09284 -0.02681 -0.18324 0.22721 -0.27955 0.02783 0.04765 -0.22253 0.21819 0.23883 0.02844 0.06628 -0.08045 0.24070 0.09967 -0.05620 0.22278 -0.08410 0.01540 0.03738 -0.00118
-0.05811 -0.31597 -0.13278 -0.08337 0.09364 0.21023 -0.03192 0.19179 0.21253 -0.22502 0.03558 0.26792 0.02053 0.30563 -0.37399 0.13626 0.02102 0.22742 0.15902 0.04560 0.14140 0.23139 -0.33071 0.12432 -0.31965 0.22146 -0.01374 0.04510 0.14402 -0.29444 -0.07566 0.30449 0.04989 -0.32889 -0.17988 -0.10245 0.27487 -0.21940 0.28817 -0.27264
-0.30106 0.14671 -0.30654 0.02132 0.06826 0.04948 -0.16435 -0.08046 -0.26985 0.19530 -0.00822 -0.07677 0.18499 -0.01401 -0.22925 -0.14702 -0.17243 0.14673 0.23502 -0.22739 0.27395 0.05894 0.15971 0.12454 -0.11158 -0.10977 0.28678 -0.09460 0.08417 0.29517 0.18483 0.12180 -0.30450 -0.25727 -0.11855 0.16688 0.02875 0.05272 0.19917 0.06978
-0.15586 0.00681 -0.02268 -0.01678 -0.21939 0.26747 -0.10757 0.07854 0.28868 0.06179 0.18138 0.21538 0.24129 0.20739 -0.19244 0.15633 -0.21892 -0.15994 0.14481 -0.05133 0.12310 0.05719 0.21683 0.00325 0.26328 -0.25415 0.05212 -0.04775 0.03999 0.32147 0.24376 0.23199 0.12099 0.18667 0.20847 0.27932 0.22121 -0.12315 -0.25636 0.10864
0.23817 -0.15392 0.22390 -0.03337 -0.09402 -0.18770 0.06982 0.14233 -0.04449 -0.10438 -0.21397 -0.24348 0.04805 0.27441 0.17042 -0.10490 0.28959 0.09994 -0.27724 0.23249 0.17936 -0.18464 0.00653 -0.06440 0.07152 0.14523 0.13414 0.13054 -0.27172 0.29799 0.16054 -0.13091 -0.17032 -0.04166 0.15605 -0.11358 -0.11207 0.25050 0.07826 0.00134
-0.28791 0.10793 -0.23162 0.18067 -0.17189 0.08627 -0.03458 0.05002 0.00817 0.31245 0.07154 -0.10256 0.15722 -0.15472 -0.13183 0.05263 0.14076 0.07502 0.32140 -0.17258 0.33448 0.05447 0.32701 0.02779 -0.23644 -0.12673 0.08267 0.16494 0.16614 0.04570 0.12447 0.20757 -0.23359 -0.07143 -0.07741 0.16962 -0.23876 0.11549 0.11595 0.14872
-0.19066 -0.04410 -0.18953 0.02392 0.10553 -0.03285 0.18154 0.21636 0.00249 0.09058 0.11280 0.01203 -0.04913 0.06942 -0.18813 -0.18188 0.28293 0.15596 -0.14886 -0.04892 -0.09388 -0.16935 0.07998 -0.17756 -0.04036 0.02040 -0.12378 -0.04563 -0.02842 0.20255 0.08593 0.06871 0.16358 0.21686 -0.11166 -0.10158 0.10000 -0.29427 -0.30768 -0.07882
-0.06167 0.16557 0.21536 0.16946 0.18430 -0.19722 -0.13027 -0.10190 -0.07461 0.15983 0.15190 -0.31995 -0.21556 -0.22609 0.08164 0.26582 0.03130 0.29454 -0.32605 0.23883 0.07959 -0.23418 0.07427 0.08095 -0.19787 -0.15329 -0.25567 0.09108 0.02496 -0.12893 0.02890 0.11510 -0.08072 0.35275 0.07141 0.27868 -0.08931 -0.18318 -0.19852 -0.12009
0.14163 0.05888 -0.01229 0.09186 0.11806 0.09869 0.03532 0.14813 0.03907 0.14055 -0.10030 0.05222 -0.16081 0.17615 0.00394 0.08639 0.03125 -0.11206 0.07030 0.07519 0.16965 -0.09576 0.06152 -0.09168 -0.00360 0.09514 0.22892 -0.11075 -0.11972 0.08719 0.08285 0.24888 -0.16410 -0.21187 0.05663 -0.00098 0.05168 0.02575 0.10712 0.04731
0.07564 0.03407 -0.19366 -0.04417 -0.21982 0.33912 -0.02427 -0.02951 0.02847 0.15046 -0.20630 -0.24898 -0.12720 0.21952 0.26620 0.14382 0.12373 -0.19771 0.15354 -0.09329 0.25131 -0.24563 0.04459 0.18292 0.26374 -0.23616 -0.02188 -0.08695 0.05640 0.31708 -0.07410 -0.13855 0.22188 0.10314 0.03977 0.08902 -0.10238 -0.07836 -0.12074 -0.13142
0.19562 -0.10534 -0.10434 -0.14367 0.14959 0.06460 -0.21361 0.02607 -0.24136 -0.15785 0.01184 0.10995 -0.03758 -0.06114 -0.11732 0.03286 0.06593 -0.12060 0.24852 0.16571 0.05070 -0.03118 0.13525 0.09565 0.11206 -0.08842 0.27100 -0.05531 0.12623 0.25890 -0.11281 0.16924 0.08548 -0.30416 0.04672 0.16736 0.04374 -0.14570 -0.09746 0.22366
0.01792 -0.02755 0.07708 -0.36750 -0.09600 -0.08310 0.15028 -0.29399 0.21891 0.06724 0.15749 -0.16668 0.07139 -0.10838 0.06644 -0.02717 -0.25824 0.15100 0.20460 0.03796 0.05036 -0.12761 -0.14512 -0.29965 -0.20782 -0.04940 0.03947 -0.25981 -0.29256 -0.13346 -0.06161 -0.27560 0.13194 -0.16129 0.16839 -0.03554 0.07735 -0.38723 -0.09451 0.07105
0.05068 -0.06010 0.24368 -0.22491 0.16130 0.00455 -0.17406 -0.29310 0.22224 0.09198 -0.15784 0.05185 0.17846 0.21312 0.12721 -0.18854 -0.06816 0.18097 -0.21513 0.06328 -0.22751 -0.13752 0.12567 0.02978 0.10272 -0.38164 -0.19909 0.18595 -0.15693 -0.01936 -0.03245 -0.03779 0.18337 0.22365 0.02852 -0.07672 -0.23018 -0.13509 -0.20486 -0.13525
0.12161 0.15993 0.01635 0.10933 0.09620 0.10253 0.06197 0.09919 0.08186 0.14876 -0.03991 0.01990 -0.21759 -0.15933 -0.09301 -0.11985 0.04202 0.07651 -0.06032 -0.01045 0.13428 0.07384 -0.03414 0.37245 0.11602 -0.09355 -0.15454 -0.07249 0.21752 0.16498 -0.14609 0.01794 -0.09418 0.02187 0.02349 -0.11851 -0.22702 0.26151 0.04405 -0.04311
-0.14848 0.15019 0.08037 -0.13863 0.37947 0.23150 0.32940 -0.21226 0.18922 -0.39955 -0.17406 0.17733 -0.07756 -0.03334 0.21587 0.23394 0.29752 -0.25437 0.34713 -0.11169 -0.07757 0.04503 -0.24906 0.16838 -0.00472 0.39014 0.17589 0.02102 0.19878 0.29328 -0.30490 -0.29312 0.01001 -0.00449 -0.14871 0.14736 0.23443 -0.08735 -0.24430 -0.16565
0.05176 -0.07982 0.05212 -0.15915 0.24686 0.12133 0.00708 0.03278 -0.11069 0.29785 0.27362 -0.13906 0.17842 0.15826 0.15218 -0.19667 -0.04849 -0.07951 -0.10302 -0.18354 -0.29232 0.01461 -0.03194 0.04565 -0.19614 0.02449 -0.21722 0.01626 -0.07049 0.22284 0.17822 0.20425 -0.12589 0.11625 0.32606 0.33755 0.15364 -0.07711 -0.31484 -0.22926
-0.03622 0.27404 -0.09522 -0.01165 -0.02171 -0.17133 -0.36418 0.25126 -0.15953 0.28974 -0.30198 -0.00107 -0.27223 -0.08386 0.05283 -0.03677 0.03194 0.04091 -0.16662 -0.10135 -0.18122 0.16068 -0.17177 0.14180 0.06995 -0.01556 -0.03988 0.25704 -0.28348 0.09349 0.08231 0.36364 -0.23097 0.22847 -0.20671 -0.32609 -0.03414 -0.09681 0.25738 -0.23633
-0.17669 0.13201 -0.07687 0.09207 -0.25523 0.33114 -0.21749 -0.24303 0.16338 -0.36436 0.01165 0.15988 0.32217 0.24754 -0.18692 -0.15907 0.14892 0.36914 -0.25521 0.03532 -0.01251 0.26699 0.41728 -0.07948 0.05536 0.09507 -0.36124 -0.24209 -0.04427 0.13969 -0.19976 0.05354 -0.12734 -0.02400 0.06904 0.19588 -0.23416 0.30462 0.22833 -0.11398
0.13395 0.24887 -0.25576 0.09666 0.03495 0.11117 -0.05126 0.20458 0.03858 0.26988 -0.22138 -0.26324 -0.12099 -0.05999 0.27870 0.21298 0.11018 0.07472 -0.05522 0.08886 0.12783 -0.08738 -0.01879 0.04847 -0.14166 0.18871 0.03365 0.02766 0.06483 0.30856 0.11105 0.25568 0.16447 -0.25890 -0.07785 0.07722 0.01554 0.21009 0.05660 -0.15392
-0.07504 -0.37159 0.02212 0.11445 0.16086 -0.20816 0.09387 -0.00662 -0.06999 -0.13139 0.26666 0.23149 -0.16265 -0.00585 0.08784 0.13587 0.14849 -0.12819 -0.00708 0.04181 0.05220 0.03439 0.07953 0.25483 0.22421 0.23711 0.18196 -0.08123 -0.19918 -0.07256 -0.23174 0.05736 0.22118 0.13687 -0.20919 -0.14431 -0.06776 0.12581 -0.04552 0.22983
0.01634 0.05992 0.15481 0.00765 0.04477 0.03704 -0.11202 -0.03000 -0.00138 -0.37414 -0.15622 0.29113 0.16036 0.25925 -0.13421 0.05850 -0.19521 0.22823 -0.33360 0.00727 0.10214 -0.12870 -0.08397 -0.04949 -0.06426 0.03089 -0.17079 0.13436 -0.25821 0.16523 -0.05163 0.04173 0.15235 0.32039 -0.29960 0.03034 0.00743 0.03137 0.04214 0.08479
0.13194 -0.08191 0.31951 -0.19113 -0.03266 -0.20683 0.15500 -0.10974 -0.22113 -0.06491 -0.13918 0.16510 0.12633 -0.15891 0.26054 0.25147 -0.17621 0.20870 -0.15946 -0.05061 -0.08903 0.27343 0.16034 -0.22040 -0.08040 -0.19738 0.11336 0.15073 -0.30786 -0.10756 0.10478 -0.27249 0.12718 0.09312 -0.16579 -0.11616 0.04274 -0.17738 -0.03245 0.02066
0.09562 -0.17101 0.26976 0.20805 -0.00483 0.04143 -0.05682 -0.16474 -0.16417 -0.15592 -0.27636 0.09720 -0.03134 0.12873 -0.11674 -0.18277 -0.16680 0.22199 -0.42830 0.13810 -0.10760 -0.13193 0.08029 -0.12920 0.03515 -0.10073 0.03073 -0.02492 -0.11301 -0.10511 0.09303 -0.09268 0.13566 0.07964 -0.08105 0.00938 -0.22046 0.33294 -0.39979 0.23386
-0.20005 -0.17024 -0.03364 0.24626 -0.34550 0.30014 -0.12699 0.04496 -0.05569 0.05969 0.03828 0.00878 -0.09534 -0.09933 0.18186 -0.08217 -0.11450 -0.09323 -0.16507 0.07135 -0.04564 0.13987 0.22357 -0.13927 0.08440 -0.10063 -0.28432 -0.19906 -0.46341 -0.17043 -0.16354 -0.28818 0.11299 0.00611 -0.18213 0.26657 0.20331 0.05683 -0.26797 -0.12720
0.21223 0.09820 0.07060 -0.28219 0.08614 0.02626 0.40592 -0.12346 0.00206 0.00376 0.10177 -0.06696 0.02600 0.19499 -0.00551 -0.04692 0.00288 -0.07802 -0.03003 -0.24799 0.22198 -0.00799 -0.04991 0.08615 -0.15187 -0.09137 0.00900 -0.02292 0.10789 0.05317 0.01568 -0.02421 0.02760 -0.06270 0.11097 -0.08612 -0.09516 -0.23619 -0.19676 -0.05073
0.11972 -0.26240 -0.03863 0.06752 0.09415 -0.25755 -0.03176 0.08647 -0.00308 0.14889 0.16026 0.29025 -0.14234 0.21171 0.17094 0.23359 0.06343 -0.18582 -0.20239 0.11003 -0.14360 -0.10125 -0.03844 0.39516 0.17152 0.30387 0.04474 -0.00084 -0.12031 -0.20509 -0.12104 0.10005 0.23564 0.34982 -0.13932 -0.12314 -0.13060 0.11930 0.07606 0.29032
0.10368 0.14073 -0.27206 -0.31633 -0.06515 -0.09881 -0.26665 -0.03215 0.30690 -0.26864 0.12891 0.15714 -0.17390 -0.35703 -0.03667 0.06158 0.20928 0.06684 0.05716 -0.28279 -0.25217 -0.33295 0.06277 -0.10326 -0.01629 -0.15580 -0.25594 0.26548 0.08232 -0.09000 -0.24701 -0.27638 0.11929 -0.01927 0.08777 -0.22734 0.03501 0.01086 0.05426 -0.13875
-0.28728 0.15313 -0.06731 -0.24101 -0.21748 -0.05237 -0.07802 -0.25579 0.01224 -0.10195 0.12288 -0.09519 0.30921 0.06165 -0.10602 -0.14737 0.30542 0.00979 0.20491 -0.06014 -0.31558 -0.09292 -0.35837 -0.18310 -0.20686 -0.20259 0.04543 -0.13584 0.11391 -0.04284 -0.13297 -0.10791 0.14563 -0.23486 0.07075 -0.02934 0.18687 -0.14652 -0.04778 0.15878
-0.14506 -0.07895 0.10687 0.00912 -0.06380 0.16407 0.11817 -0.02161 0.17766 0.30380 0.21347 -0.36540 0.18066 -0.30083 0.02489 -0.13028 0.04086 -0.07198 0.29953 0.25695 -0.27093 0.31667 -0.36080 0.14562 -0.04682 -0.14608 0.03904 -0.13548 0.09805 0.17775 -0.27339 -0.18094 0.10531 -0.04369 -0.05567 -0.04554 0.17334 -0.10395 0.29404 0.21793
0.02670 0.08102 -0.04745 0.10961 -0.16054 0.11237 -0.36120 0.10320 0.06180 -0.30340 0.24267 -0.12428 0.12319 0.15334 0.05054 -0.32568 -0.28563 0.19508 0.13132 -0.23528 0.35763 -0.15455 0.27389 -0.32085 -0.36039 -0.21315 -0.15522 -0.11660 0.10579 0.21333 0.18708 0.25750 0.29286 -0.30670 0.28894 0.29831 0.05639 0.04187 -0.24136 -0.03458
0.24629 -0.00137 0.23281 0.05245 -0.05528 -0.29404 0.03268 -0.06188 0.26990 0.21942 -0.11160 0.27370 0.13171 0.28590 -0.08610 0.08912 -0.12144 -0.15091 -0.00180 -0.18168 -0.24272 -0.36340 0.04111 -0.42958 0.02371 -0.24304 0.15812 0.08342 -0.25706 0.18393 -0.13992 -0.12094 0.05025 0.29355 0.11424 0.18315 0.10924 0.10673 -0.02056 0.08573
-0.06126 0.33456 -0.29410 0.18776 0.11480 -0.16660 -0.02389 -0.07089 -0.15077 0.24764 0.07107 -0.03381 -0.29949 -0.26068 -0.01618 0.20111 -0.10813 0.19907 0.11282 0.24024 0.30469 0.10263 -0.07229 0.36168 -0.09773 0.21212 0.11647 -0.04410 0.29784 -0.25174 -0.32615 -0.16946 -0.17942 -0.06748 -0.22842 0.00164 -0.37855 0.17293 0.35952 -0.04471
0.03124 -0.22090 0.34422 0.07859 -0.02577 -0.06734 0.32930 0.26616 -0.05450 0.16385 0.02379 0.07806 -0.24315 -0.00754 0.16491 0.06690 -0.28207 0.05947 0.07481 0.42989 -0.05066 0.08794 0.05647 -0.27102 -0.11446 0.08171 -0.09008 -0.26453 -0.31766 -0.26589 0.40848 -0.29474 -0.09711 -0.10741 -0.06716 -0.04809 0.31976 -0.26088 -0.35272 -0.26855
0.13230 0.25650 -0.29622 0.21935 0.24983 -0.01390 0.12568 0.11351 -0.17407 0.17890 0.10241 0.01299 -0.32670 -0.03941 -0.27097 -0.21107 0.12302 -0.18857 0.08549 0.16330 -0.04327 -0.07922 -0.14703 0.45996 0.10041 -0.13651 -0.03413 0.04253 0.27817 0.00248 -0.19356 -0.07582 -0.08233 0.22954 0.08696 0.10631 -0.18081 0.12350 0.13566 -0.20088
0.11027 0.15851 0.27113 -0.07404 -0.29574 -0.01917 -0.11303 -0.02908 0.13155 0.09126 0.07302 0.06769 0.10897 -0.12989 -0.11702 0.11030 0.09053 -0.10179 -0.11997 -0.16263 -0.23486 0.02656 0.07595 0.04108 0.12581 -0.12842 -0.07522 -0.10307 0.06553 -0.13628 0.09321 0.17077 0.18785 0.29908 0.14426 0.15926 -0.23443 0.18438 0.07631 0.07763
-0.34093 0.32869 -0.37396 0.12512 -0.02896 -0.15570 0.02507 -0.05968 0.02254 0.14882 -0.34293 -0.31366 -0.02713 -0.25445 -0.12677 -0.17375 0.11971 -0.02089 -0.24794 -0.13599 -0.31644 -0.09127 -0.19351 0.16951 0.08739 0.04439 -0.10409 0.05413 -0.08436 -0.18285 0.30915 -0.12425 0.28531 -0.21599 0.15358 0.08566 -0.14590 -0.12057 0.27455 0.19304
0.21442 0.08904 0.30392 -0.23554 -0.05088 0.10058 -0.21690 0.08635 -0.06028 -0.14139 0.09419 -0.07577 0.08365 0.28630 0.08410 -0.02117 0.29427 0.07501 -0.30875 0.19004 0.05151 0.11375 0.26954 -0.09890 -0.05596 0.10567 -0.18860 0.21157 0.09515 -0.24933 0.26998 0.12275 -0.16735 0.31276 0.03907 0.19852 0.13576 0.20436 0.16275 0.04550
0.10910 0.10708 -0.08528 0.09484 -0.09128 -0.23745 0.33031 0.18997 0.07684 0.00733 -0.18364 0.24282 -0.09765 -0.13575 0.13665 -0.06215 0.07894 0.20262 -0.22270 0.02251 0.02319 0.04398 -0.01435 0.05156 -0.01081 0.08783 -0.07732 -0.05632 -0.19364 0.02657 0.21680 0.02367 -0.05383 0.18271 -0.06258 -0.31106 -0.04290 0.17027 -0.12638 0.26473
0.03147 -0.18407 -0.08133 0.23089 -0.07219 0.14448 -0.00939 0.09547 0.23853 0.16330 -0.14256 -0.11350 0.30682 -0.10222 -0.05668 -0.00180 -0.15677 -0.21656 0.18645 -0.11392 0.15913 0.08419 0.06645 -0.13052 0.14429 -0.01430 0.28992 0.14624 0.27394 -0.12321 -0.13688 -0.02298 -0.29160 -0.04843 -0.00044 0.19122 -0.02745 0.07469 0.13287 0.08318
-0.11430 0.11581 -0.21516 0.05798 -0.30107 0.20377 -0.07832 0.01168 0.31539 0.10839 -0.25053 0.26836 -0.12974 0.24023 0.01220 -0.03925 0.13253 0.35892 0.28612 0.01941 -0.23686 -0.22294 -0.25856 -0.24615 -0.07305 0.16393 -0.01287 0.25260 -0.03761 0.02905 0.12487 0.30138 0.04621 0.25676 0.07748 -0.08858 0.28567 0.24815 -0.05134 -0.11488
-0.05015 -0.27663 -0.23480 -0.03666 0.19748 0.08079 0.03448 -0.05866 -0.17773 0.02367 -0.19932 -0.03694 -0.25562 0.20456 0.13640 -0.12336 -0.11168 -0.07186 0.10490 0.09342 0.00278 -0.13306 0.09770 0.01486 0.29123 -0.20860 0.06181 -0.11065 0.22106 -0.26446 -0.30418 0.12637 -0.22155 -0.44000 0.17199 0.01324 -0.09692 0.02331 0.25204 0.15191
0.15085 0.18392 -0.13987 0.15216 0.04294 0.06310 0.11296 0.12455 0.00186 0.29086 0.18473 0.04735 -0.15262 -0.23921 0.09015 0.20031 -0.08792 0.00166 0.04583 0.04388 0.11194 0.16704 -0.06441 0.29576 -0.02795 0.03015 -0.16921 -0.10189 0.11268 -0.03415 -0.05213 -0.16499 0.15568 0.13398 -0.06439 0.01804 -0.22555 0.07845 -0.05221 -0.14103
0.15641 0.01482 0.20682 -0.23611 -0.26870 0.18366 -0.12004 -0.06103 0.17914 -0.08815 -0.05659 -0.06248 -0.19647 0.25786 0.09771 -0.21651 0.09644 0.27531 -0.15113 0.06195 -0.12953 0.08679 0.26276 -0.13675 0.18061 -0.07412 -0.06980 -0.01012 -0.07906 -0.25599 0.08376 -0.12105 0.10413 0.38031 -0.09459 -0.12629 0.16317 0.12287 0.13661 -0.09486
0.03975 0.27119 -0.05698 -0.15788 -0.15799 -0.24149 0.07347 -0.23824 0.01055 0.15631 -0.06957 0.22545 0.08340 0.19767 0.21658 -0.12349 0.05751 0.01601 0.09802 -0.12377 0.05844 0.11333 0.15316 0.10817 0.14081 -0.25622 -0.20145 0.34464 -0.09558 0.03592 0.07225 0.17523 0.24204 0.10892 -0.13807 0.19874 -0.05302 -0.10537 -0.05727 0.11256
0.25014 0.28320 -0.20950 -0.30161 -0.21392 0.03660 0.07409 -0.21761 0.14614 -0.20717 0.12851 0.16920 -0.20985 -0.13397 -0.39155 -0.33204 -0.10219 -0.26416 -0.31627 -0.15684 -0.23731 -0.30333 -0.38115 0.23014 -0.14069 -0.08874 0.19977 0.07433 -0.11713 -0.32169 0.16114 0.19760 0.13356 0.00715 0.16129 -0.27827 -0.26872 0.03992 -0.41992 -0.10954
-0.03527 -0.19719 -0.02938 -0.30446 0.19626 0.08987 -0.26241 -0.05977 -0.09970 -0.00192 -0.13356 -0.09899 -0.12535 0.09280 -0.35146 -0.09987 -0.09859 -0.27597 -0.22978 0.17994 -0.24868 -0.00200 0.08614 0.23449 0.11271 0.21467 -0.22032 -0.06326 -0.07779 0.08460 0.15418 -0.20482 0.16488 -0.26467 0.31465 0.19222 -0.16796 0.05837 -0.17888 -0.04359
-0.00809 0.17182 0.11302 0.12371 -0.26981 0.21394 0.23846 -0.09796 -0.02919 0.09827 -0.03638 0.26268 0.21924 0.19656 -0.01698 -0.25598 0.04060 -0.06693 -0.14584 -0.08851 -0.30138 0.11756 -0.06987 0.11402 -0.09771 -0.00061 -0.17445 0.01203 -0.21684 0.17146 0.15560 -0.11554 -0.06439 0.08257 0.02699 -0.15462 0.10735 0.24881 -0.27545 0.09321
0.26460 0.05579 0.24138 -0.22520 -0.30961 0.03682 -0.14420 -0.10504 0.06378 0.03301 0.12046 0.11358 0.07637 0.12348 0.05225 0.16879 -0.14620 0.09257 -0.33517 -0.09895 -0.02514 -0.12556 -0.24249 0.16486 0.04699 0.09083 -0.19168 -0.03647 -0.34003 0.11394 0.01246 0.14233 0.33669 0.23971 -0.11341 -0.26794 0.03836 0.06833 -0.24880 -0.12995
-0.09266 0.13562 0.04476 -0.28955 0.05840 -0.11272 -0.05263 -0.28575 -0.00055 0.04198 0.07359 -0.21988 0.18733 -0.04038 -0.01148 0.07835 0.22231 0.26297 0.37323 0.26497 -0.33785 0.29703 -0.35308 0.05869 -0.06684 -0.24236 0.16454 -0.19441 -0.15155 -0.08395 0.13085 -0.05762 -0.09322 -0.21724 -0.37360 0.09098 0.31378 -0.16026 0.08678 -0.02769
0.09624 -0.04648 0.03086 -0.27219 -0.21084 -0.09281 -0.02127 -0.08685 0.08388 0.14453 -0.04790 0.15860 -0.24152 0.28833 -0.13710 0.00261 -0.07145 -0.00837 -0.28186 0.00072 0.13066 0.05548 -0.02967 0.20600 -0.08489 -0.12302 0.06357 0.32207 -0.25171 -0.42804 -0.12166 -0.19689 -0.11490 -0.03052 -0.03287 -0.09382 -0.05625 0.07391 -0.05493 0.02569
0.31086 0.15196 0.12121 -0.12933 0.02062 -0.08988 0.20873 -0.22744 0.09858 0.28353 -0.22439 -0.02170 0.20312 -0.21356 -0.11326 -0.13486 0.23576 0.17298 -0.07148 -0.02004 0.03754 0.17073 -0.00412 -0.03365 0.26523 0.06580 0.05460 -0.15866 -0.19249 0.12574 0.01856 0.13687 0.00952 0.02114 0.01867 -0.03275 -0.23484 -0.13558 -0.25643 -0.04636
0.26384 0.03858 0.13086 0.11148 -0.28261 -0.12934 0.15726 0.03750 -0.08666 -0.03313 -0.27384 0.20029 -0.12187 0.22449 0.14273 0.14838 -0.07834 -0.08535 -0.19405 0.08334 -0.12743 -0.15057 0.14790 -0.13609 0.13523 -0.21817 -0.11520 0.21140 0.02276 -0.10504 -0.19331 0.07154 0.20182 0.26072 -0.24207 -0.17267 0.01690 0.18404 -0.15093 -0.19758
0.04108 -0.05366 0.05355 -0.22012 -0.08455 -0.03761 0.18941 -0.05029 0.04374 0.17288 -0.02146 -0.09302 0.20696 -0.13160 0.09717 -0.10559 0.16202 0.03773 0.25349 0.12291 -0.07650 0.13353 -0.06026 -0.12576 -0.09874 -0.11535 -0.09889 -0.00768 -0.10764 0.13012 0.04412 0.14617 0.04574 -0.24211 -0.26479 -0.03923 0.04459 0.10675 0.10649 0.32008
-0.05114 -0.07211 0.29856 0.11374 -0.10375 0.27863 -0.05996 -0.00415 -0.19950 0.07247 -0.08593 0.25316 -0.15425 -0.20712 0.26784 0.16323 0.01334 0.06566 -0.12006 -0.08975 -0.15887 -0.07795 0.24062 0.16150 0.25558 -0.14269 -0.36223 -0.02970 -0.23465 -0.07614 0.14160 -0.19519 0.07716 0.00568 -0.07374 -0.22735 -0.01579 0.14415 -0.31421 0.08128
-0.12653 0.07591 -0.24060 0.14135 0.10708 0.08262 0.05957 0.15467 -0.08596 -0.00285 0.23816 0.07458 -0.15972 0.29542 -0.27794 0.00077 0.16082 -0.16782 0.15880 0.00169 -0.21023 -0.04448 0.23759 -0.34509 0.00013 -0.27558 -0.15541 -0.12410 -0.09574 -0.14256 -0.04133 0.09764 0.18350 -0.18166 0.16309 0.14714 0.01151 0.30573 -0.14009 0.15208
0.19455 0.23164 0.09271 0.01822 0.17301 0.10014 0.01408 0.15696 -0.11489 -0.06457 -0.00503 0.20384 0.04005 0.27760 -0.01441 -0.10797 0.12950 0.20168 0.09564 -0.10782 -0.03925 0.01029 -0.01958 0.15807 0.29307 -0.08022 -0.26985 -0.10878 0.00854 0.05985 0.11921 -0.08018 0.19661 0.38727 -0.17912 -0.32126 -0.28798 0.29599 -0.27320 0.09174
-0.00638 -0.17166 0.15108 -0.42398 -0.16385 0.18577 0.16535 -0.38006 -0.13698 -0.06403 0.03382 -0.05415 0.19530 0.15609 -0.03526 0.01872 -0.28446 -0.14729 -0.00170 -0.29409 -0.08758 -0.02677 -0.14827 0.15663 -0.08639 -0.13356 0.23147 0.17490 -0.02038 -0.26792 0.06348 -0.15028 0.16247 -0.08277 -0.19228 0.32004 0.21611 -0.07146 0.25547 -0.18909
0.28245 -0.10178 -0.08694 -0.09106 -0.12590 0.07358 0.06662 -0.08309 0.21247 -0.10196 0.04714 -0.13764 0.17812 -0.00371 -0.22291 0.01158 0.03981 0.01948 -0.32134 -0.04531 -0.15976 -0.37210 0.12847 0.15731 0.07551 0.03414 -0.17848 -0.12961 -0.17790 -0.06927 -0.07428 -0.13147 0.07626 -0.00320 -0.00780 -0.12137 -0.03722 0.07130 -0.04504 -0.14793
-0.17805 0.00945 0.08293 -0.24298 0.30093 0.10025 -0.06629 0.02717 0.15837 0.18448 0.04822 0.06732 -0.06965 0.09721 -0.10262 -0.20663 -0.07882 0.09346 -0.20886 -0.03502 0.19467 0.16390 0.07015 0.07840 -0.06380 -0.02329 0.18169 0.04422 0.11332 0.17567 -0.06235 -0.01288 -0.21169 -0.15628 0.26305 0.06175 -0.04305 -0.06464 0.16196 0.18157
0.40559 -0.38414 -0.27406 0.30400 -0.13745 0.24962 0.07413 0.01967 -0.22335 0.03821 0.01728 0.40571 -0.20569 0.41790 -0.23057 0.19597 0.29038 0.27709 -0.21558 0.25627 0.02439 0.23865 -0.34496 0.07094 0.13114 -0.09307 -0.34171 0.07774 -0.02125 -0.17275 0.31465 0.24654 -0.31551 0.20406 -0.18329 0.04200 -0.00401 0.24806 -0.22334 -0.32408
0.17473 -0.02451 -0.17135 -0.17837 0.15629 0.27833 0.21373 -0.13165 -0.04760 0.06753 -0.23759 -0.04227 -0.21066 0.08940 0.05597 -0.12327 -0.26131 -0.06431 0.08664 0.03297 0.20725 0.03939 -0.01437 0.02596 -0.03969 0.12916 0.15606 -0.19203 -0.08886 0.12691 -0.25601 0.00027 -0.22525 -0.06370 0.28198 0.27897 0.10133 0.06334 -0.09370 0.07100
0.00364 0.01431 0.13389 0.06952 -0.21075 -0.20413 0.23519 0.22259 -0.23924 0.32064 0.26042 0.17625 -0.01371 0.23868 0.12752 0.19467 0.15990 -0.31345 0.01670 -0.26299 -0.09397 -0.09102 0.22306 -0.34561 0.04551 0.18622 0.17170 0.14416 -0.03067 -0.11936 -0.21895 -0.10394 -0.09588 0.25909 -0.06776 -0.18622 0.21488 0.13131 -0.35799 0.08729
