-0.32737 0.13204 0.02339 0.21899 -0.24117 -0.30264 0.27720 0.17561 0.13102 0.04804 -0.02495 -0.16610 -0.19757 0.02162 0.06309 0.32447 -0.01000 0.10009 -0.06283 0.23070 -0.10556 -0.13910 0.16140 -0.38302 0.32657 0.04723 0.12123 0.18648 -0.11064 0.27488 -0.25072 -0.28779 0.00778 0.16416 -0.13638 -0.05363 -0.22910 -0.40472 0.22228 -0.29617
0.15955 -0.14885 0.24943 0.07849 -0.26763 -0.29051 -0.18887 -0.34969 -0.21791 0.07489 0.00045 0.02569 -0.27823 -0.08451 -0.12324 -0.12585 0.09451 0.08362 -0.12452 0.33648 -0.24633 -0.23013 -0.01527 -0.23575 -0.05569 -0.26917 0.12625 0.34873 0.06941 -0.03275 0.29579 0.04842 -0.11118 -0.08640 -0.04209 -0.02984 0.02729 0.18433 0.26575 -0.24493
-0.40069 -0.30791 -0.24583 -0.34910 0.19056 0.12267 0.17504 0.10455 -0.27155 -0.01929 0.08414 -0.01485 -0.42355 0.09595 0.32428 -0.13240 0.33590 0.09933 0.14895 -0.27902 -0.35612 0.15946 0.13224 -0.36028 0.06924 -0.41409 0.40741 -0.32383 -0.31033 -0.27200 0.11631 0.05304 -0.32386 -0.19211 0.00796 0.36234 -0.28213 -0.07974 -0.08744 -0.24213
-0.00127 -0.22590 0.07026 0.10364 -0.12725 -0.22202 -0.27183 0.03482 -0.03230 0.11330 -0.05510 -0.31588 -0.11378 0.18140 -0.08447 -0.00565 -0.14990 -0.12909 0.08340 0.09944 0.05963 -0.17553 0.05657 0.23062 0.02091 0.03072 0.02964 -0.20613 0.08653 -0.19625 0.09355 -0.16869 0.24969 0.05899 -0.04433 -0.19065 -0.02990 0.05871 -0.13021 0.20555
-0.17070 -0.03126 -0.06509 -0.09858 -0.30853 -0.18776 0.20556 -0.26707 0.22387 0.05372 0.08900 -0.26257 -0.12515 -0.11136 0.04231 -0.00752 -0.34240 -0.03866 -0.18245 0.30849 -0.29889 -0.37254 -0.04473 0.38847 -0.14655 0.11554 0.16698 -0.03715 0.13121 0.18078 0.06747 -0.14883 0.20768 0.17154 -0.08579 -0.29493 0.00081 0.26422 -0.16700 0.12696
-0.32173 -0.13808 0.00236 -0.18561 -0.03565 -0.14023 0.10874 -0.13833 -0.25195 0.14514 0.27245 -0.30278 -0.08483 -0.15273 -0.00693 -0.01448 -0.12539 0.01729 0.22229 -0.03788 0.29661 -0.25569 -0.15861 0.02684 0.06192 0.09799 -0.23325 0.00255 -0.30030 -0.26405 -0.18486 -0.09033 0.06378 0.11883 -0.09222 -0.11952 -0.40509 0.06603 -0.16498 -0.18062
-0.11879 -0.31458 -0.33528 -0.06694 -0.08949 -0.24014 0.13726 -0.12098 0.00446 0.03730 0.32836 0.02804 0.15795 0.19973 0.35957 0.17049 0.26064 -0.02406 -0.14235 0.10527 0.03506 -0.13915 -0.00117 -0.27071 -0.10933 -0.16870 -0.19620 0.05860 0.25180 0.19703 0.21240 0.33122 0.08452 -0.01608 0.18311 -0.12041 0.07856 -0.07620 -0.02061 -0.09056
0.29292 0.31147 0.07678 0.35472 -0.00449 0.31865 -0.07225 -0.02164 0.19640 -0.18147 -0.16246 0.06990 0.06513 0.22253 -0.14452 -0.05862 0.20806 -0.06350 -0.17679 -0.06053 -0.13135 0.16279 -0.15429 -0.26422 -0.18762 -0.06479 -0.07513 -0.10946 -0.36653 -0.23267 -0.17841 -0.07710 -0.17458 0.14776 -0.10171 -0.22887 0.03547 -0.05438 0.04847 -0.27335
0.13968 -0.14732 -0.14325 0.01756 -0.09400 0.16156 -0.05382 0.06027 0.31214 -0.13639 0.13891 -0.11337 0.02848 0.00545 -0.03180 -0.21457 0.24665 0.30820 0.07516 0.07571 0.43162 -0.25889 0.12118 0.26854 -0.13605 0.07473 0.15929 0.02360 0.29785 0.19571 0.10925 0.09501 -0.33646 0.01180 -0.06666 -0.34083 0.12160 0.22924 -0.06087 -0.08742
-0.25353 -0.01648 -0.12361 -0.32488 0.03268 -0.06253 0.07781 -0.03092 -0.14650 0.17614 0.21069 -0.17474 0.04882 -0.03649 0.06701 -0.04526 -0.07651 -0.09761 0.13794 -0.09923 0.25736 -0.03180 -0.09035 -0.08667 0.11752 0.05170 -0.32034 -0.24708 -0.36048 -0.24178 -0.02485 0.02107 -0.10956 0.29555 -0.04220 -0.16735 -0.46738 -0.03558 -0.23819 -0.23211
-0.21083 -0.11560 0.06026 -0.00215 0.03100 -0.03174 -0.27725 0.06792 -0.16483 0.16043 0.10067 0.14534 -0.07954 0.02746 0.13414 0.20603 -0.35642 -0.07288 0.18585 0.18076 -0.01584 -0.07639 0.03311 0.14289 -0.00793 -0.11421 0.04156 0.17658 0.31345 -0.20446 -0.07089 -0.02502 0.21766 -0.07226 0.12695 -0.06615 0.10335 -0.07563 -0.11902 -0.14973
0.30094 0.15666 0.02773 0.12497 0.24193 -0.14267 -0.27622 -0.08951 0.28726 -0.23206 -0.06771 0.01039 0.06976 -0.02252 0.23481 0.19646 0.21011 -0.03612 0.26635 -0.08053 0.28126 -0.02598 0.00762 0.08870 0.24230 -0.20016 0.11817 0.20781 0.06203 0.08241 0.06384 0.12637 0.36395 0.00513 0.04648 -0.23906 -0.02619 0.02505 -0.06056 -0.14001
0.20294 -0.17777 0.21805 0.19699 -0.16118 0.05717 -0.24720 0.16420 -0.05753 -0.03625 -0.19085 0.04787 -0.00421 0.21884 -0.01945 0.22646 -0.34770 0.13385 0.01035 0.01341 0.14965 0.06558 0.02542 0.05532 0.22470 -0.25295 -0.02109 0.22531 0.24616 -0.09127 -0.14177 -0.28210 -0.03174 0.14502 0.13102 -0.15574 0.09171 -0.12355 0.11103 0.11545
0.09933 -0.13506 -0.17944 -0.24012 -0.06290 0.04040 0.09346 -0.21643 -0.22384 0.32633 0.05386 0.31828 0.07457 0.06505 0.34276 0.23916 -0.07864 0.30762 -0.19632 0.01499 -0.10314 -0.01638 -0.03253 -0.28926 0.13288 0.15956 0.12677 0.18499 -0.12700 0.08454 0.32339 -0.12827 0.20285 0.22098 -0.09664 -0.10462 -0.01299 -0.10059 0.20815 0.15677
0.05306 -0.09385 0.03134 0.20220 0.17293 -0.01678 -0.40644 -0.04766 0.32702 -0.10200 0.04914 -0.19804 -0.00065 0.02035 0.28253 -0.02423 0.00516 0.02957 0.29234 -0.07203 0.10044 -0.12078 0.00380 0.15197 -0.03073 -0.15515 -0.18217 -0.11629 -0.10987 -0.03940 0.05931 0.00966 0.36692 0.06280 0.29900 -0.40260 -0.02235 -0.20833 -0.02782 -0.00841
0.19134 0.01840 0.13835 0.12763 -0.08074 0.01449 -0.23316 -0.07035 0.02999 0.01059 0.08810 -0.10476 -0.02917 0.16705 0.21671 0.17945 -0.32483 -0.18319 0.11339 0.08183 0.04281 -0.08724 0.27212 0.07152 -0.04627 0.02515 -0.07714 0.04923 0.10257 -0.24512 -0.22542 -0.15954 0.30850 0.02025 0.01342 -0.24683 0.19045 0.16250 0.14621 0.12372
-0.06613 -0.19905 -0.31471 0.09153 0.31997 -0.17332 -0.15780 -0.07261 0.28873 -0.15568 0.11949 -0.23134 0.16716 -0.22057 0.27528 0.12015 -0.12552 -0.39207 0.14301 0.09750 0.30217 0.06343 0.11878 0.02575 0.14529 -0.06851 -0.05152 0.16225 -0.12301 -0.15468 -0.25136 -0.11246 0.03628 -0.15347 -0.37313 0.22762 -0.27916 -0.01631 -0.17380 -0.31875
-0.19048 0.15668 -0.01808 0.13268 0.11850 -0.02566 0.36622 0.25846 0.08361 0.03393 0.13914 -0.16640 0.20978 -0.20084 -0.29646 -0.21325 -0.11272 0.22005 0.08468 0.00460 -0.14722 -0.16944 -0.20034 -0.14686 -0.03924 0.01608 0.15773 0.12351 0.34905 0.00929 0.11122 -0.06129 -0.21443 -0.26817 0.00643 0.29976 0.10442 -0.15941 0.20842 0.24352
-0.41440 0.11123 0.19156 0.31879 -0.03239 0.22795 -0.06963 0.03741 0.31646 -0.16731 0.09198 0.12456 -0.06729 0.23614 -0.07507 -0.18771 -0.16869 0.34865 -0.28274 -0.31691 0.16193 -0.25523 0.00075 0.28308 0.11618 0.08884 -0.03074 -0.05485 -0.10174 0.14446 0.12960 -0.18507 0.21656 0.24502 -0.22287 0.08296 -0.17811 0.29256 -0.04234 -0.27728
-0.01524 0.11319 0.03866 0.11568 -0.12282 -0.17292 0.27027 0.16646 0.10471 0.10766 0.10231 -0.13469 0.24131 -0.13282 -0.25833 0.09392 0.05467 0.00668 -0.16052 0.10223 -0.13102 -0.26343 -0.15202 0.18128 0.01386 0.00819 -0.05356 0.26186 0.32591 -0.07274 0.09601 -0.08510 0.04177 -0.32300 -0.03352 0.24787 -0.01240 -0.07412 0.00641 0.12368
0.29246 0.36001 -0.13392 0.17104 0.27671 -0.09336 0.34824 0.11219 -0.27645 -0.26601 -0.40972 -0.04911 0.22054 -0.17132 0.03332 0.17086 0.12061 -0.21748 0.14990 -0.28161 -0.15196 0.34064 -0.09041 0.02404 -0.19015 -0.09897 0.07972 -0.08312 -0.15247 -0.17350 -0.27726 0.16214 -0.38113 -0.09695 -0.32880 -0.04010 0.27410 0.12836 0.03912 -0.04740
0.05574 0.13816 -0.29540 -0.19178 0.34232 -0.13782 -0.07757 -0.12204 -0.14566 0.28015 -0.13476 0.14189 0.27213 0.18337 0.17738 0.29817 -0.27065 -0.27477 -0.25812 0.17388 -0.00943 -0.06037 -0.21389 0.24820 0.22575 -0.18821 -0.33136 0.18885 -0.30920 0.18664 -0.00214 -0.18413 0.18760 -0.08705 -0.00156 -0.03261 0.18414 0.07558 0.19743 -0.21495
-0.00904 -0.09419 -0.15073 0.16560 0.01925 -0.09872 0.41084 0.21134 0.01779 -0.05925 -0.10751 0.00326 0.25187 -0.04202 -0.19833 -0.00641 0.11868 0.02765 -0.15668 0.11715 -0.21492 -0.16417 -0.08014 0.00445 -0.01452 0.01932 0.08586 0.18357 0.37198 0.02844 0.11400 -0.02461 -0.16519 -0.31454 0.06243 0.34513 -0.09056 -0.13238 0.01545 0.02585
-0.13972 0.12145 -0.12210 -0.44834 0.05941 0.04699 -0.24798 -0.09600 0.11442 0.23192 0.18013 -0.17890 -0.09752 0.21131 0.02235 0.10357 0.19911 0.33712 0.02402 0.29167 0.26857 -0.01584 -0.00649 0.11453 0.19188 -0.12696 0.17323 -0.07300 -0.09835 -0.01604 0.17160 -0.05990 -0.10190 0.04972 0.23953 -0.28627 -0.22497 -0.28249 0.18074 0.02777
0.24827 -0.21223 0.09608 0.02943 0.13013 0.28689 -0.01075 -0.17978 0.32091 0.02447 0.18799 -0.05842 -0.05413 -0.09238 -0.09125 -0.17922 0.17411 0.04011 0.11321 0.04885 0.32614 -0.34372 -0.15039 0.26381 -0.19476 0.22246 -0.05295 -0.13982 0.27380 0.08612 0.04643 0.19149 -0.29510 0.05047 -0.20364 -0.27361 0.03346 0.22625 0.15650 -0.20654
0.07697 -0.14449 -0.07191 0.24241 -0.22097 0.10856 0.09942 0.06898 -0.27331 -0.05745 0.18441 -0.32381 0.04743 0.04012 0.21592 -0.02729 -0.33815 0.02162 0.04633 0.06015 -0.12035 -0.02297 -0.16721 0.21008 0.10215 0.06014 0.03014 -0.14981 0.30262 0.16887 0.15616 -0.18059 -0.10421 0.22973 -0.13645 -0.23146 -0.16873 -0.06605 -0.05954 -0.02853
0.08266 -0.05627 -0.07727 -0.12476 0.11439 -0.21469 0.09094 -0.17494 -0.06090 -0.23307 0.23897 0.10628 -0.10010 -0.17712 0.04390 0.03915 0.04568 0.01699 0.27804 0.26995 -0.00173 -0.03119 -0.12741 0.06196 -0.15692 0.18977 0.25835 0.05258 -0.08062 -0.10667 0.19833 0.10068 0.17074 -0.17112 0.05961 0.28057 -0.00871 0.13786 -0.10750 0.04725
-0.25380 -0.32171 -0.15301 0.08354 0.06614 -0.07369 0.17380 -0.10216 -0.07976 0.24174 -0.03070 -0.13624 0.06026 0.01807 0.07265 0.24155 0.25844 0.08212 0.13411 0.00333 -0.21845 -0.16290 -0.01332 -0.14201 0.19800 0.08086 -0.08411 0.23065 -0.02754 -0.08936 0.18488 0.30147 0.05471 -0.04570 0.00227 0.11302 -0.07168 0.02875 -0.03804 0.13618
0.15630 0.04314 -0.08315 0.26474 0.29813 -0.23375 -0.38460 0.10497 0.26391 -0.27091 0.17498 0.02017 0.16744 -0.02874 0.29015 0.04892 0.17724 0.21327 0.34354 -0.15591 0.17808 0.07335 0.05655 0.27187 0.16710 -0.18886 -0.01093 0.02406 -0.03618 -0.01988 -0.02461 0.14820 0.30390 0.14698 0.30925 -0.32480 0.01753 -0.19925 0.07085 -0.05232
-0.25311 0.14186 -0.15862 0.19345 -0.28187 0.00793 0.03633 0.09680 0.18776 -0.25438 -0.15374 -0.26936 0.11646 -0.12727 0.00134 -0.18770 -0.00453 -0.22032 0.12928 0.25777 0.08408 0.10585 -0.15260 -0.29067 0.09478 -0.01741 0.12795 -0.07167 -0.03668 -0.28545 0.18733 -0.16328 0.09322 0.20171 -0.04334 -0.12282 0.09209 -0.25347 0.12002 0.00644
-0.09561 0.05983 0.11637 -0.03713 -0.01331 0.03803 -0.09417 0.22492 -0.21916 -0.02205 -0.12713 -0.21874 0.00050 0.17472 0.23165 0.02969 -0.05094 -0.24031 0.10579 0.03314 -0.00505 -0.13439 0.12299 0.14090 -0.17559 -0.15530 -0.04651 0.03243 0.25105 0.15387 0.00905 -0.13035 0.30518 -0.14725 0.09402 -0.02302 -0.02882 0.14448 0.27096 0.09504
-0.16525 0.07367 0.20692 0.18280 -0.17279 -0.20648 0.16158 0.14565 -0.29918 0.05292 0.09711 0.02277 -0.27064 0.34897 0.31713 -0.11240 -0.01864 -0.21211 -0.06072 -0.19415 -0.04892 -0.04160 0.14276 -0.21367 0.21963 -0.28533 0.10986 -0.18568 0.24307 0.21122 0.12760 0.10022 0.13230 0.37968 0.08002 -0.01552 0.10854 0.29892 -0.10701 -0.14348
-0.09199 -0.14936 0.15135 -0.12878 -0.01110 -0.09858 -0.21326 -0.08778 -0.10408 0.19951 0.10861 -0.23671 0.03448 0.29564 0.05484 0.03059 -0.08024 -0.18943 0.05968 0.10393 0.07663 -0.16588 -0.06919 0.04335 0.11115 -0.21057 -0.25632 0.04029 0.08241 0.01087 -0.09901 -0.23068 -0.01684 -0.13735 -0.08653 -0.04052 0.02208 -0.10290 0.14445 -0.01828
-0.19915 0.20104 -0.15128 -0.00881 -0.16170 -0.19667 -0.09152 0.18725 -0.04404 0.04239 0.11373 0.08217 -0.13128 -0.03801 -0.12775 -0.20749 0.22712 -0.03422 0.06787 -0.20976 -0.07149 -0.27216 -0.06856 0.17149 -0.07460 0.00964 -0.11062 -0.02842 0.04222 -0.27533 -0.05553 -0.12607 -0.03676 -0.13278 -0.27950 -0.05657 0.23700 -0.12842 0.28329 -0.02444
0.15451 0.06643 0.11002 0.28662 0.17523 -0.17388 0.30597 0.08943 0.20915 0.11738 0.29333 -0.03026 -0.01486 -0.03127 0.25384 0.27842 0.20581 0.03286 -0.03231 0.08930 -0.22056 -0.15700 -0.04371 -0.09896 -0.01931 0.07492 0.01945 0.15441 0.25083 0.09796 0.25802 0.19018 0.13957 -0.13724 -0.02843 0.28219 -0.10210 -0.06361 0.07618 0.09932
0.05794 0.17635 -0.19875 -0.15283 0.29177 0.03643 0.21988 -0.19558 0.13310 -0.33070 0.14389 0.12719 -0.03272 -0.08830 0.14719 0.21928 0.21566 0.19972 -0.05748 0.26811 0.25007 0.10693 0.13077 -0.14697 -0.03845 0.18864 0.02805 -0.04880 -0.07166 0.04927 0.22632 0.11091 -0.26737 -0.20724 0.17174 0.07790 0.07517 -0.06352 0.11816 0.10069
-0.40067 0.14584 0.19754 -0.15801 0.04210 0.07383 -0.20022 0.24792 -0.22897 0.03240 0.30515 0.10689 -0.15232 -0.09323 0.01841 0.02193 0.19297 -0.02000 -0.19582 -0.30978 0.28400 0.04064 0.34471 0.27985 -0.29599 0.09388 -0.30261 0.12265 0.29607 0.01164 0.02296 0.05725 0.23087 0.10515 0.03467 -0.01806 -0.15893 -0.18740 0.24632 0.23236
-0.34958 0.08380 -0.27930 -0.11136 -0.32044 -0.14129 0.22485 -0.14541 -0.22795 0.07293 0.12315 -0.29848 -0.16503 -0.14130 0.26800 -0.16920 0.12174 0.28159 0.16771 -0.38488 0.37109 0.14052 -0.04976 0.18971 0.18811 -0.04086 -0.01368 -0.37615 0.29689 0.23788 0.16371 -0.08414 0.21030 0.15427 -0.02467 0.04354 -0.00574 0.23387 0.16547 -0.21047
0.00670 -0.18393 0.04686 0.18615 0.05422 0.02107 0.24258 0.11970 -0.08049 0.03828 0.00591 -0.16627 -0.09920 0.16722 -0.03071 0.28434 0.21656 -0.00346 0.03832 0.08446 -0.24079 0.02815 -0.02441 -0.08877 0.10666 0.12409 -0.06023 0.10701 0.06622 0.06086 0.09468 0.13974 -0.09523 -0.11893 0.06308 0.15900 -0.20178 -0.12486 -0.15153 -0.09242
0.04586 0.02135 -0.25400 -0.22792 -0.04982 0.09416 0.05210 0.01100 0.13822 0.09524 -0.36230 0.00277 0.31935 -0.15911 -0.11509 -0.08889 -0.04544 -0.07248 -0.14839 -0.29905 0.48064 0.08889 -0.21382 0.19297 -0.31476 -0.14667 0.02888 -0.09899 -0.02163 0.25080 -0.08896 -0.05991 0.32242 -0.06228 0.12146 0.04170 0.07576 0.16126 0.12260 -0.00008
0.14458 0.15686 -0.06100 -0.08323 -0.10487 -0.15073 -0.00753 -0.14376 -0.08436 0.04699 -0.40818 -0.19097 0.35509 0.04460 -0.16615 0.04025 0.03826 -0.09892 -0.34634 -0.25294 0.45961 0.15206 -0.36251 0.29775 -0.40074 -0.34198 0.17482 0.12710 -0.26829 0.32631 -0.11974 -0.23044 0.33468 -0.01569 0.02897 -0.04284 -0.12503 0.13008 0.31296 0.10959
0.02847 0.05926 0.03482 0.16510 0.11311 0.10114 -0.01199 -0.12220 -0.18142 0.13774 0.02398 -0.35860 -0.25183 0.12999 0.32783 0.16164 -0.29537 -0.13911 0.05670 0.12960 -0.08981 -0.14382 -0.06742 0.21088 0.22113 -0.33420 0.11583 0.11086 0.03480 -0.18062 0.00196 -0.17191 -0.08883 0.07392 -0.14643 -0.17666 -0.10947 0.01624 0.20770 0.17515
0.11869 -0.18655 0.03902 0.08197 -0.02920 -0.15764 0.01853 -0.13329 -0.20586 0.14149 -0.06375 -0.08469 0.00304 0.37837 0.03879 0.12778 -0.26433 -0.30468 -0.16524 0.02934 -0.19945 -0.15289 -0.08962 0.17336 0.17937 0.13058 0.01583 -0.20869 0.22982 -0.22054 -0.37367 -0.30774 0.15326 0.14177 -0.00871 -0.12496 0.06867 0.12304 0.20770 0.02847
-0.12356 0.12160 -0.07954 0.14379 -0.00394 -0.07904 -0.15027 0.16115 0.14915 0.12828 0.07169 0.12141 0.02646 -0.08994 -0.10786 -0.26292 0.21229 -0.09510 -0.01350 -0.24654 -0.10883 -0.26306 -0.11775 0.24123 0.00709 0.08233 -0.12713 -0.20027 -0.06533 -0.29666 0.03885 -0.08239 -0.08874 -0.03357 -0.19823 -0.22216 0.16080 -0.08105 0.27278 -0.04089
0.10505 -0.06872 -0.00831 0.25824 0.07294 0.24314 -0.17527 -0.23200 0.04921 -0.17999 0.25402 -0.14961 0.03082 -0.23875 -0.14663 -0.20983 -0.00638 -0.09404 0.13204 0.26570 0.04094 0.29378 0.00973 -0.05644 -0.18192 -0.11921 0.11240 0.05220 -0.37330 0.19545 0.02606 0.02646 0.22878 -0.05283 0.12799 0.07343 -0.22339 -0.08682 0.12893 -0.03366
0.01114 -0.07631 -0.40692 -0.35509 -0.09188 0.26943 0.25909 0.28717 0.18572 0.16961 -0.05108 0.15977 -0.30014 -0.16251 -0.28113 -0.27203 -0.00977 0.05770 0.04467 -0.21078 -0.04684 0.35577 -0.34580 0.08846 0.29704 0.01990 0.04828 0.11495 -0.04714 0.05677 0.01080 -0.08194 -0.15886 -0.27094 -0.08411 -0.22065 0.19074 -0.29881 0.12406 -0.10257
-0.01015 -0.04127 0.09278 0.29291 0.24204 0.22299 -0.18021 -0.13937 -0.02157 -0.14820 0.34093 -0.08820 0.06246 -0.21724 0.02298 -0.16227 0.12372 -0.04624 0.16124 0.24061 -0.04808 0.32263 0.07067 -0.02416 -0.18328 0.12506 0.09835 -0.00107 -0.43854 0.24910 -0.06418 0.02441 0.35904 -0.19725 0.15266 -0.09585 -0.03988 -0.13166 0.00572 -0.01485
0.17966 0.02611 0.11853 0.27139 0.37135 -0.35858 0.13880 0.05035 0.25645 0.18042 -0.18771 0.38397 -0.30688 -0.04659 -0.19766 0.19214 0.07350 0.22466 0.24437 0.13762 0.23327 -0.30352 0.05633 -0.01973 0.03767 0.34443 0.00312 -0.15929 -0.14697 0.11187 0.28288 0.12677 0.03560 -0.19703 0.01749 0.23920 -0.16416 0.18636 0.04654 -0.13960
0.22236 -0.16709 -0.06299 0.05775 0.26221 -0.08450 0.13042 -0.18461 -0.18325 -0.31355 -0.06773 0.28474 -0.23240 0.06881 0.32114 -0.05985 -0.29556 0.15383 -0.13361 0.14561 -0.05510 0.23286 0.14285 0.02712 0.05106 -0.28031 0.16315 0.00135 -0.01103 0.03585 -0.08775 0.23971 0.22387 -0.27390 -0.04989 -0.33908 0.35401 -0.20679 -0.21458 -0.13694
0.09626 0.07724 -0.05979 0.08885 0.22430 0.08850 -0.11666 0.06654 -0.15818 0.02483 -0.11767 0.37419 -0.13381 -0.17224 -0.11994 0.18274 -0.17342 0.15915 0.11934 0.27324 0.04318 -0.04859 0.00087 0.01754 -0.10187 0.26455 -0.01243 0.17509 0.00585 0.12616 0.05947 0.13178 0.03051 0.03772 -0.07912 0.17688 -0.00625 -0.15436 -0.11969 0.03112
0.02812 0.07173 0.01178 0.16656 0.11764 -0.06894 0.09486 -0.08824 -0.00527 -0.08279 0.12859 0.28393 -0.09160 -0.03118 -0.11934 0.10504 -0.10400 0.11134 0.09728 0.14345 -0.03939 -0.13513 -0.05754 0.10486 0.03747 0.17931 -0.03589 0.14251 0.00102 -0.08824 0.20157 0.13060 0.01873 -0.02423 0.19844 0.26966 0.07247 0.07312 0.08679 0.19944
-0.03469 0.20579 0.01956 -0.08212 0.16761 0.16226 0.20461 -0.28754 -0.17440 -0.04670 -0.09942 0.10761 0.15821 -0.24464 0.04625 0.13256 0.01295 0.18043 -0.03878 -0.05123 -0.24074 0.06866 0.00382 0.21443 -0.12983 0.20718 0.13762 -0.05015 -0.15883 0.03812 0.04650 -0.03626 -0.12109 -0.07667 0.08623 -0.02451 -0.11898 0.11331 0.06721 0.00964
0.06646 0.20963 -0.11039 0.01125 0.35256 0.23770 -0.00332 -0.11810 -0.17576 -0.08570 0.06651 0.07093 0.22531 -0.21437 0.09801 0.22504 -0.05901 0.14180 -0.07325 -0.04859 0.02047 0.11653 0.11836 0.13911 -0.18400 0.27581 0.04992 0.03062 0.03295 -0.07367 0.23345 0.22697 -0.13613 -0.10562 -0.05281 -0.06601 0.28202 0.00647 0.19982 0.31802
-0.09915 0.09958 0.04876 0.09101 0.09489 -0.00851 0.11695 -0.04959 0.12779 -0.20903 0.15439 0.19094 -0.03697 -0.15946 -0.14924 -0.15413 0.15105 0.08521 0.24330 0.20084 0.06426 0.06566 -0.00188 0.14592 0.08728 0.33463 0.14755 -0.01834 -0.14782 -0.06662 0.26159 -0.05237 -0.19533 -0.13513 -0.16896 0.06464 -0.20691 -0.15128 0.23171 0.23103
-0.06355 -0.01068 0.10920 -0.09560 -0.00213 -0.08749 0.18053 -0.16330 -0.11499 -0.17575 -0.10182 0.29913 -0.18368 -0.14243 0.00577 0.08160 0.19304 -0.09735 0.05161 0.31725 0.11678 -0.18736 -0.13456 0.15496 -0.25381 0.13521 0.12442 0.01935 -0.19716 0.10572 0.23879 0.04044 -0.20393 -0.25058 0.06210 0.18682 0.04398 0.13998 -0.18697 -0.14585
-0.15934 -0.07335 -0.00574 0.06515 -0.07521 -0.02190 0.27516 0.15298 -0.26391 -0.23041 -0.14381 -0.14607 -0.00688 -0.24525 0.00965 0.04633 0.17313 0.10560 0.25380 0.33342 -0.13425 0.03208 -0.06116 0.08750 0.03824 0.05317 0.11485 0.17825 -0.11342 0.02594 -0.08052 0.12176 0.13386 -0.04473 -0.19993 0.04090 0.03337 0.12275 -0.07395 -0.01742
-0.14854 -0.19895 -0.12867 0.23667 0.11488 0.05304 -0.02981 -0.12829 -0.39864 0.00426 -0.02285 0.19923 0.01666 -0.19195 -0.00249 -0.11093 -0.07136 0.23764 0.14149 -0.17083 -0.05863 0.06281 -0.08503 0.25717 -0.24138 0.16184 -0.14503 -0.09094 -0.11979 0.10027 -0.02551 0.21376 -0.20375 -0.24035 0.21666 0.12014 0.28356 0.18363 -0.08364 0.24866
-0.25138 0.15750 -0.03559 -0.17077 0.25368 0.21660 0.16312 -0.23987 -0.28496 0.04898 0.16170 0.15140 -0.08351 -0.17353 0.14073 0.01027 -0.15719 0.26817 -0.04713 -0.06892 -0.21133 0.00601 0.21951 0.32042 -0.08686 0.01618 0.13846 0.05290 -0.26059 0.07959 0.20185 0.01955 -0.07302 -0.09161 0.26666 -0.19828 0.23487 0.11190 0.16613 -0.02524
-0.02097 0.07639 0.15413 0.04896 0.22655 -0.12883 0.07238 0.01212 -0.06511 -0.17550 0.02496 0.07564 -0.11353 -0.14189 -0.19420 0.18833 0.12042 -0.04274 0.24323 0.16919 0.16536 0.04328 -0.05495 0.11517 -0.25740 0.05441 -0.03290 -0.04345 -0.20885 0.20942 0.22916 0.09112 -0.17093 -0.24138 0.12803 0.13654 0.05620 0.17862 0.04339 -0.09246
0.09322 -0.24411 0.10750 -0.11513 -0.05589 -0.23538 0.14755 -0.30702 -0.31391 0.16535 -0.14183 0.18357 0.20550 0.08449 0.16702 0.13236 0.18114 0.21681 -0.09034 -0.17617 -0.14577 0.34401 -0.09607 0.14612 0.08444 -0.11116 -0.26720 0.18976 -0.23470 0.16989 -0.14889 0.22355 0.14828 0.01104 -0.20910 -0.07071 0.25477 -0.03565 0.13110 0.06898
-0.21971 0.02436 0.00963 0.01256 0.26738 0.10889 0.06841 0.02377 -0.44104 -0.08024 -0.05700 -0.12833 0.07391 -0.32561 -0.35962 -0.12384 -0.01212 -0.04326 0.16230 0.11590 0.12138 0.03768 0.20002 -0.18095 0.28450 -0.05022 0.24301 0.16835 0.18709 0.17047 -0.26790 0.27163 0.15034 0.31099 -0.10021 0.34844 -0.02431 -0.12260 -0.06361 0.04128
0.12920 0.12271 -0.18522 0.32408 -0.09848 0.25975 0.29983 0.12314 0.00018 0.00671 0.01262 -0.14388 -0.12229 -0.07556 0.15885 0.15857 -0.02190 -0.12150 -0.17120 -0.24799 0.13168 0.05228 -0.13123 -0.09499 0.08647 0.27003 0.01752 -0.36293 -0.44547 0.23903 0.03896 0.06814 -0.13657 -0.12649 0.08277 0.28092 0.29897 -0.08816 0.29608 -0.10174
0.03992 0.08299 -0.14739 0.11932 -0.18288 0.01963 -0.04132 0.02309 0.14045 -0.17744 -0.04979 0.11963 -0.20373 0.20869 -0.04732 -0.21067 0.02142 -0.17837 0.03199 -0.00600 -0.08855 -0.01090 -0.01709 0.03817 0.00618 0.05503 -0.07269 -0.01356 0.18515 0.09439 -0.23484 -0.16941 0.12683 0.20889 -0.04056 -0.12561 0.23448 -0.01400 -0.01196 0.10520
0.05371 -0.08964 0.25115 0.10337 0.16909 -0.14254 0.08217 0.07428 -0.12179 0.02370 -0.09591 -0.05341 0.12276 0.20468 -0.01147 0.14024 -0.33764 -0.18730 -0.26382 0.02286 -0.04833 -0.09903 0.27982 0.09856 0.25882 -0.18244 0.02423 0.10606 0.03343 -0.27597 -0.28084 -0.34660 0.05760 0.15739 -0.11715 -0.10609 -0.03923 0.09942 0.22037 -0.11372
-0.27079 0.10010 -0.33677 -0.01868 0.22947 0.05766 0.03536 0.23797 -0.25062 0.38476 -0.25979 0.02476 0.15834 0.06965 0.13165 0.16772 0.07435 -0.26307 -0.28001 0.11193 -0.09677 0.05979 0.00874 -0.08511 -0.08579 -0.01976 0.15820 -0.13010 -0.04944 0.16752 -0.05015 0.17452 0.30116 0.06789 -0.10762 -0.17011 0.01107 -0.26791 0.14506 0.05878
0.12100 0.01879 -0.06247 0.12539 0.33520 -0.24108 0.21535 -0.06357 0.20067 -0.25612 -0.02573 0.24200 -0.03319 0.01564 -0.11460 0.31250 0.05631 -0.01793 -0.20324 0.13818 -0.09864 -0.31597 0.06750 -0.00951 -0.16203 0.22388 0.14008 0.02036 0.01060 0.07503 0.09417 0.24532 -0.31932 -0.29736 0.27935 0.36249 0.20347 0.10092 0.20505 -0.29428
-0.05798 0.02412 0.09820 0.01461 0.24349 0.19949 0.06193 -0.22881 -0.01590 0.10122 0.02306 0.04913 0.20952 0.03541 -0.01979 0.20572 -0.11782 0.29373 -0.13279 0.00211 -0.18471 0.02013 0.05656 0.15636 -0.27896 0.23882 0.18833 0.06720 -0.14461 0.04581 -0.06274 -0.07486 -0.19219 -0.02906 0.04636 0.13754 -0.19810 0.25291 0.08248 0.20034
-0.02493 -0.10820 0.15846 -0.06714 0.20664 0.16242 -0.03168 0.01492 -0.21917 0.23841 0.28963 -0.02178 -0.09970 0.26780 -0.23622 -0.19759 -0.16179 0.31190 -0.24267 -0.17736 -0.33477 0.13685 0.06035 0.07450 0.18197 0.17936 -0.23257 -0.15795 -0.22505 0.11634 0.12777 0.07935 0.21561 -0.10620 -0.09920 0.02675 -0.06998 0.03580 0.06603 0.26036
0.24777 -0.11784 0.28782 -0.12112 0.16904 -0.24675 -0.05963 0.09033 -0.41962 -0.32140 -0.25090 -0.03694 0.20497 0.05029 -0.25333 0.01582 -0.20756 0.01248 -0.10965 -0.32790 -0.17182 -0.26272 0.26967 0.05005 0.08635 -0.00955 0.21450 -0.01490 0.18725 -0.09742 0.24895 0.14320 -0.05720 -0.27260 0.16986 0.02270 -0.02828 -0.27638 0.16807 0.09274
0.22538 0.28520 0.01884 0.36421 -0.02384 0.29314 0.04335 -0.07255 0.11311 -0.10539 -0.04328 -0.00614 0.02869 0.09761 0.01545 -0.16634 0.10141 0.00580 -0.16848 -0.25753 -0.14215 0.01602 -0.21866 -0.07612 -0.10974 0.09316 -0.05425 -0.06843 -0.31622 -0.27333 -0.03769 0.01250 -0.12195 0.05118 -0.14197 -0.06189 -0.00410 -0.18088 -0.04556 -0.14026
0.06207 0.25715 0.01741 0.10716 -0.06123 -0.08436 -0.11532 0.23627 -0.09307 0.25530 -0.26039 -0.14109 -0.11074 0.07695 -0.35289 -0.19890 -0.05266 0.25649 -0.05273 -0.14850 -0.01158 0.16808 0.06918 -0.29824 -0.23643 0.05118 -0.16867 -0.08049 0.21416 0.31535 -0.38313 -0.27587 0.07365 -0.18630 -0.34050 -0.03482 -0.20104 0.05361 -0.04422 0.21015
0.06743 0.24102 -0.09191 -0.03578 -0.21140 -0.14734 -0.10987 0.18654 0.09605 0.30135 -0.38942 0.03478 0.03400 0.11484 -0.29863 -0.12735 0.09060 0.09553 -0.18249 0.01734 -0.16864 0.18915 -0.10921 -0.20373 -0.20768 -0.09817 -0.06714 -0.06951 0.06136 0.23186 -0.40694 -0.21522 -0.07890 -0.03975 -0.32235 -0.14717 -0.18042 -0.00567 0.16712 -0.00848
0.16134 0.05369 -0.35343 -0.28808 -0.03423 -0.39020 -0.18666 0.13155 0.22785 -0.37503 0.43795 0.39151 -0.33234 0.22798 -0.29539 -0.01305 -0.01993 0.06560 0.12917 0.23385 -0.29018 -0.13999 -0.14977 0.07855 -0.31943 0.08021 0.33502 -0.12094 -0.02655 -0.04578 -0.15947 0.33566 -0.18849 -0.21319 -0.21265 0.34716 0.14635 -0.24875 -0.12358 0.24124
0.29676 0.10394 0.15302 -0.19316 0.20040 -0.31686 -0.26878 0.01588 -0.24754 -0.15774 -0.19884 0.00502 0.02482 0.13715 -0.20144 -0.09887 0.05192 0.15126 -0.11712 -0.17771 0.03563 -0.22397 0.19248 0.09371 0.12969 0.04786 0.18911 0.04256 0.21209 -0.06634 0.33837 0.17743 -0.15291 -0.21254 0.24109 -0.07758 0.16372 -0.13812 0.05047 0.16821
-0.00561 0.03000 0.05894 0.00772 -0.23496 0.05395 -0.27196 -0.18780 0.08965 0.20992 -0.01703 0.03862 -0.18483 0.26851 0.24758 0.05820 -0.25342 -0.28058 -0.22193 -0.02905 0.05736 -0.07153 0.18461 -0.00958 -0.10482 -0.20735 -0.07875 -0.03723 0.21121 -0.14017 -0.15500 0.06481 -0.01540 0.32550 0.09560 -0.31324 0.02726 0.17656 0.06745 0.10396
-0.11237 -0.07435 0.26855 0.17906 0.04333 -0.07639 0.01165 -0.22680 0.18147 -0.13036 -0.15728 0.27548 0.02949 0.03082 0.02713 0.24205 -0.09228 -0.04707 0.22962 0.25881 0.01669 0.12188 -0.07710 -0.05633 -0.15433 0.30803 -0.01769 0.15159 -0.16778 -0.19971 0.09490 -0.07067 -0.11100 -0.22322 -0.00603 0.09033 -0.09547 -0.08155 0.01835 0.04064
0.19555 -0.00943 0.11780 0.26707 -0.07246 0.18401 0.17559 -0.10030 -0.05259 0.02912 -0.27430 0.16818 -0.29852 0.02348 -0.30662 -0.07070 -0.02744 0.10366 0.06560 -0.17779 -0.15075 -0.12280 -0.02927 -0.11986 -0.26396 -0.08292 0.29763 -0.00871 0.11457 -0.10496 0.09808 0.25080 0.28147 -0.05049 -0.10460 0.07508 0.18618 0.09449 -0.00049 0.13842
-0.21157 -0.35137 -0.14670 0.24978 -0.23562 0.28740 -0.09638 0.13224 0.21063 0.24794 0.12217 -0.17623 0.13006 -0.27759 -0.25415 0.28164 0.39880 0.34264 0.16304 0.05014 -0.09175 0.13995 0.22903 -0.40957 -0.04018 -0.11427 0.10847 0.02089 0.15359 0.07972 0.11866 -0.03824 -0.39329 -0.32649 -0.27226 0.12187 0.18891 -0.24651 -0.19426 -0.01448
-0.26788 0.32962 -0.15037 -0.16916 -0.29663 -0.17975 -0.28110 0.29719 -0.10989 0.01424 -0.14706 0.09282 0.09125 0.03550 0.04774 0.26934 -0.07023 -0.10800 -0.03202 0.08732 0.08616 -0.07773 -0.24952 0.17857 -0.04695 0.05118 -0.18548 0.14121 -0.27484 0.00672 0.28434 -0.29596 0.14598 0.24247 0.36553 -0.36812 -0.26341 -0.07195 -0.15382 0.08153
-0.10154 -0.07766 0.03359 -0.29198 0.15925 -0.13016 -0.02839 -0.02463 -0.05442 -0.11926 0.23467 0.14183 -0.15096 -0.11939 0.11967 -0.29734 0.06994 0.08210 0.19414 0.09385 0.33215 -0.13149 -0.08294 0.16165 0.02132 0.11249 -0.24525 -0.15569 -0.19592 -0.32157 0.12006 0.05615 -0.13813 0.19674 0.05821 -0.08279 -0.29247 0.03044 -0.15967 -0.18515
-0.05006 -0.30489 -0.05179 0.23549 0.07627 -0.07809 0.08116 0.08206 0.04749 0.25783 0.06417 -0.28123 0.03012 0.15099 0.22123 0.37084 -0.09511 -0.19481 0.11553 0.04317 -0.08228 -0.20675 0.09027 -0.00983 0.04521 -0.04966 -0.05368 0.19784 0.05966 0.07986 0.10238 0.30297 0.17632 0.15927 0.03345 -0.00003 0.04394 -0.05379 -0.19954 0.17705
-0.17654 0.34102 -0.12947 0.25218 0.07853 -0.11970 0.13855 0.16379 0.39724 0.09745 -0.31335 -0.10823 -0.02552 0.28735 -0.09744 0.02863 0.13399 -0.18842 -0.01292 -0.27592 0.03285 0.30844 -0.16646 -0.15197 0.09623 0.37152 -0.13238 -0.31553 0.01461 -0.23961 0.14867 -0.03648 0.08916 0.28151 0.10202 -0.00157 0.08064 0.15810 0.19569 -0.27729
0.10212 -0.39510 0.11354 0.34014 -0.15680 0.16368 0.20016 0.05455 -0.02233 -0.06750 0.21488 -0.09127 -0.26751 0.39331 -0.20762 -0.07837 0.25002 -0.27234 -0.20181 0.21410 -0.00019 -0.00109 -0.10020 0.12044 -0.07972 -0.04478 0.18973 -0.10108 0.12889 -0.20802 0.00144 -0.38600 0.30904 0.36054 0.01371 0.25398 0.18861 -0.30777 -0.26905 -0.14084
0.02283 0.21666 -0.19452 0.05371 -0.23986 -0.08961 0.01252 0.12760 -0.00936 0.24680 -0.25067 -0.15849 0.10034 -0.01194 -0.30118 0.01597 0.01700 0.19302 -0.24770 0.07472 0.08256 0.13224 0.10645 -0.23141 -0.35175 -0.09803 0.08548 -0.11928 0.09661 0.38633 -0.31475 -0.12121 -0.09510 0.00753 -0.36690 0.00127 -0.13199 0.02045 0.11754 0.13665
