0.13066 -0.01947 0.06503 0.06583 0.04577 0.02588 -0.04766 0.07077 -0.12900 -0.04379 0.02736 -0.11175 0.14054 0.06091 0.05251 0.01651 -0.12994 -0.23163 -0.00090 0.02636 -0.11168 0.08064 -0.04247 0.09672 0.02701 0.07565 -0.06249 0.02337 -0.05563 0.05568 -0.15710 0.06470 -0.01177 -0.10633 -0.06731 0.12286 0.12100 0.04584 -0.05591 0.08642
-0.06032 -0.14260 0.02026 -0.17438 -0.05246 0.11034 0.01449 -0.02347 0.06796 0.05338 0.22511 0.28892 -0.12161 0.16611 -0.01083 0.17366 0.25450 0.35254 0.04409 -0.00839 0.10620 0.18448 0.05845 0.11398 0.07889 -0.06815 0.06241 -0.07632 0.03249 0.05793 -0.03649 -0.04971 0.04849 -0.01572 0.02078 -0.10479 -0.10071 -0.01051 -0.02943 -0.03425
0.03835 -0.16937 -0.11917 0.18229 0.06227 0.12542 -0.12322 -0.25995 0.12800 0.09945 -0.11175 0.19443 0.09382 0.19702 0.02324 0.15568 0.21306 0.16244 -0.10945 0.09892 0.01456 0.19284 0.28300 0.18927 0.06713 -0.12389 0.13941 -0.13909 -0.08261 -0.03466 0.08701 -0.05225 -0.05302 -0.07701 0.22395 -0.27833 -0.15177 -0.12691 -0.04504 -0.12840
0.04759 -0.20610 0.12403 -0.34453 -0.16719 0.15386 -0.06424 -0.24476 0.05574 -0.00027 0.06985 0.02034 -0.23961 0.15871 0.01854 0.08255 0.29410 0.21478 0.01785 -0.19261 0.01547 -0.07987 0.20249 0.06945 0.02234 0.02669 0.19656 -0.02574 0.04141 -0.07639 0.18073 -0.00632 0.13540 -0.09384 0.09933 -0.10059 -0.02314 -0.11985 0.22525 0.04349
0.03983 -0.17995 0.02023 -0.14574 -0.15001 -0.08520 0.17907 -0.14602 -0.11455 -0.06428 -0.03979 0.02058 0.02386 0.15004 -0.19582 0.15087 0.02188 0.26752 -0.20136 -0.14363 0.08886 0.09965 0.11092 0.07608 -0.05732 -0.08103 0.10161 -0.02375 -0.07685 0.08879 0.00207 0.11674 -0.05811 -0.10824 0.10840 -0.04869 -0.17288 -0.11810 -0.18935 0.05911
-0.16519 -0.01153 -0.00569 -0.16939 -0.20224 -0.04607 -0.15907 -0.03254 0.12458 0.23246 0.28854 0.19774 -0.31674 0.21341 -0.00251 0.19766 0.10078 0.44340 -0.00158 0.03798 0.27797 -0.02566 0.17208 -0.07305 -0.15914 -0.03349 0.09936 0.02089 -0.21488 0.07802 -0.19952 -0.09459 0.14426 -0.18412 -0.08298 -0.17584 0.15857 0.10626 -0.19232 -0.06393
-0.11378 -0.29852 0.09828 -0.20003 -0.21665 0.10095 -0.01414 -0.12768 -0.13449 -0.01050 0.09969 0.12415 0.07057 0.15691 -0.10768 0.08014 0.17418 0.17950 -0.11683 0.01560 -0.04587 0.04238 0.06728 -0.03455 -0.04830 -0.02457 0.25196 -0.14103 -0.02146 -0.00376 0.11018 -0.06501 -0.08669 -0.01959 0.12240 -0.18115 -0.24612 0.07263 -0.00076 -0.00380
-0.10082 -0.02903 0.04939 -0.22451 -0.06187 0.27498 -0.06249 0.09185 -0.09874 0.03092 0.04652 0.20395 0.00758 0.26750 -0.09738 0.24920 0.04607 0.20700 0.14707 -0.12216 0.05496 0.23794 -0.05229 0.23339 0.02328 -0.28451 0.11191 -0.13032 0.07263 0.02035 -0.07825 0.03725 0.19951 -0.16595 -0.15272 -0.06248 -0.15261 0.03290 -0.13752 -0.03098
-0.04692 0.07492 0.01041 0.23615 0.03262 -0.01392 0.14740 0.26245 0.09212 -0.00638 -0.07576 -0.25756 0.11756 -0.10042 0.03988 -0.03073 -0.38972 -0.24007 -0.00203 0.00092 -0.03661 -0.00556 0.02660 -0.06862 -0.11416 0.02911 -0.28884 0.18820 0.27309 0.10653 0.02002 -0.27907 -0.13914 0.12763 0.06468 0.18667 -0.00792 0.31054 0.02656 0.04627
-0.03538 -0.18684 -0.04681 -0.12463 -0.03676 -0.03999 0.00970 -0.30931 0.16473 -0.13031 0.13873 -0.00652 -0.21845 0.15731 0.00078 0.28355 0.28439 0.27513 -0.15750 0.11522 0.22627 0.01816 0.12501 0.14250 -0.10745 -0.19968 0.34470 -0.04227 -0.20510 -0.10659 0.06934 -0.03222 0.03307 -0.15165 0.10274 -0.25653 -0.22759 -0.00910 -0.04738 -0.13569
0.05154 -0.14820 0.03792 -0.18161 -0.13238 0.03122 0.02781 -0.09739 -0.08368 -0.10218 0.15019 -0.08007 0.06023 0.01584 -0.02343 0.01492 0.08054 0.33197 0.17588 0.18322 -0.11875 -0.05133 -0.06060 0.02011 -0.13167 -0.03967 0.25874 0.05143 -0.15092 -0.08277 0.01576 0.15300 0.08291 -0.12643 0.12903 -0.25467 -0.04881 -0.02710 -0.04834 -0.06572
0.10675 0.11626 -0.03454 -0.28814 0.18116 -0.22143 0.09215 -0.29465 0.11995 -0.03017 0.20145 0.19817 0.14514 0.12012 0.22377 -0.23820 0.08163 0.06010 0.08850 -0.17193 0.19768 -0.10818 0.01549 -0.04428 -0.01568 0.08297 0.08999 -0.10593 0.06380 0.07392 0.12814 0.19457 0.13525 -0.17660 0.15704 0.15430 -0.19428 0.19504 -0.10476 -0.06320
0.19055 -0.11295 -0.10219 -0.01167 0.05951 -0.21454 -0.11510 -0.24407 0.15944 0.08281 -0.08168 0.16985 0.01076 0.06453 0.11114 -0.12140 0.07974 -0.02935 -0.15345 -0.21490 0.08218 0.03259 0.04823 -0.01898 -0.14374 -0.04256 0.13033 -0.25134 -0.10586 -0.09432 0.07933 0.28728 -0.08111 0.07261 0.02597 -0.21643 -0.03711 -0.08175 -0.12670 -0.00137
0.20257 -0.17620 -0.04061 -0.21234 -0.16025 0.06504 -0.07454 -0.16794 0.11879 -0.07202 0.29690 0.27680 -0.29160 0.09174 -0.07036 -0.07994 -0.01019 0.18203 -0.00780 -0.13279 0.12240 0.09974 0.13669 0.23565 0.08202 0.12798 0.00729 -0.13566 -0.25428 0.06317 0.14956 0.26959 0.14461 -0.11671 -0.07291 -0.02172 -0.11293 -0.20571 -0.18580 -0.07734
0.07451 0.21509 -0.01894 0.06730 -0.05018 0.16176 -0.02204 0.02967 -0.17142 -0.16173 -0.33895 -0.16726 0.04713 -0.11463 -0.08843 -0.10342 0.04734 -0.33416 -0.01833 -0.03171 -0.09890 -0.02363 -0.09181 0.03458 0.21465 0.20370 -0.19155 0.26800 0.04425 -0.00033 0.04654 -0.03865 0.01921 0.05647 -0.13895 0.03196 0.31707 -0.17864 0.37110 -0.01591
0.13331 0.21523 -0.03885 0.05686 -0.03715 0.07964 -0.00148 0.00031 -0.09133 -0.20131 -0.32175 -0.15696 0.01295 -0.11038 -0.11960 -0.16935 0.03999 -0.30175 -0.01700 -0.05623 -0.05875 -0.00105 -0.08882 -0.00290 0.22387 0.23795 -0.25632 0.26140 0.05113 -0.01169 0.05388 0.02321 0.02519 0.06874 -0.16190 0.03349 0.29453 -0.25221 0.35308 0.01888
0.19318 0.19912 0.00784 0.00124 -0.04630 0.06189 -0.06939 -0.02326 -0.22042 -0.19854 -0.19739 -0.11764 -0.09222 -0.07742 -0.03042 -0.09403 0.08786 -0.19978 0.04199 0.00199 -0.00532 -0.02418 -0.04891 0.07184 0.16867 0.17690 -0.08492 0.27571 0.09575 0.11674 0.02842 0.04423 0.09309 0.05380 -0.20923 0.06213 0.37498 -0.30177 0.40625 -0.02515
0.12434 -0.01858 -0.06815 -0.18336 -0.13307 0.00505 -0.12778 -0.16661 0.17564 -0.09852 0.12355 0.22445 -0.08933 0.08680 -0.02991 -0.20180 0.07290 0.20661 -0.07256 -0.18705 0.12162 0.06215 -0.00961 -0.15926 -0.07174 0.02552 0.06680 -0.33581 -0.17405 -0.11466 0.10469 0.19458 -0.10294 -0.07083 0.03008 -0.10362 -0.13388 -0.19427 -0.17058 -0.08232
0.22388 0.01565 -0.10663 0.21529 -0.18294 0.13500 0.16916 0.09704 0.11243 0.03140 -0.00914 0.29606 -0.06590 -0.23064 -0.18448 0.16509 -0.06603 0.20085 -0.04889 -0.27330 0.01264 0.03653 0.15639 0.19177 0.02698 -0.06628 -0.18966 -0.11565 0.04565 0.05679 0.20301 0.13152 -0.20213 0.03889 -0.13091 -0.02702 -0.14644 -0.00316 -0.25835 0.13820
0.14443 -0.12965 -0.00953 -0.22212 0.04694 0.08101 0.04365 -0.13912 -0.17745 -0.08408 0.08527 0.01338 -0.07654 0.11667 0.03504 0.14550 0.17940 0.24989 0.02765 0.05916 0.05345 -0.00293 0.12397 0.19173 -0.11263 -0.07625 0.24350 -0.02770 -0.06130 -0.06124 -0.01876 0.04249 0.08589 -0.11022 0.03511 -0.10702 -0.07285 -0.07938 0.01664 -0.05139
0.23186 -0.14472 -0.12582 0.12745 0.07499 -0.19310 0.12020 -0.03011 0.05922 -0.09787 -0.02835 0.14940 -0.04484 0.08385 -0.04899 0.05471 -0.02914 0.06804 -0.11426 -0.02953 0.31641 -0.09294 -0.06189 0.03220 -0.02240 0.04356 0.22469 -0.24147 0.00581 -0.17281 -0.00391 0.14382 -0.11926 0.10150 -0.00772 -0.11187 -0.17198 -0.10092 -0.19499 -0.01598
-0.00788 0.06436 0.03719 0.10742 0.02819 0.11721 0.11860 0.22366 0.06972 0.05804 -0.10597 -0.20885 0.05317 -0.06870 0.08906 -0.00468 -0.33726 -0.20911 0.02325 0.06460 0.06321 -0.01483 0.05512 -0.05857 -0.08763 0.04479 -0.23175 0.12419 0.28657 0.16040 0.04648 -0.26733 -0.18447 0.09243 0.05944 0.19440 -0.06449 0.23267 0.04576 0.05210
0.02777 -0.15318 0.11234 -0.12896 0.04716 0.16754 -0.13999 0.00396 -0.01605 0.12920 0.16129 0.12401 -0.12976 0.00811 0.02398 0.23352 0.12665 0.30737 0.01237 -0.02174 0.01223 0.08654 0.01859 0.19250 -0.11143 -0.12204 0.14343 -0.14789 -0.06725 -0.05643 0.01499 0.05615 0.13801 -0.17097 0.02169 -0.13237 -0.16715 -0.11532 -0.12560 0.01158
0.07588 -0.00427 0.21479 -0.12846 -0.07340 0.04123 -0.14034 -0.20455 0.08732 0.12702 0.24003 0.11433 -0.22585 -0.02087 0.00333 0.14105 0.27250 0.16446 0.01306 -0.14817 -0.00807 -0.00013 -0.07006 -0.02655 -0.21769 0.05037 0.35921 -0.10919 0.07541 0.02547 -0.02353 0.01101 0.08373 -0.08413 -0.15464 -0.19727 -0.12975 -0.07866 0.06025 0.06710
0.01845 0.04392 0.13562 0.03742 0.10701 -0.16430 -0.04349 -0.12320 0.19847 -0.07134 -0.02205 0.33765 0.04601 0.00088 -0.02256 -0.25354 0.12137 0.09296 -0.22739 -0.08097 0.24066 -0.01165 0.00507 -0.15611 -0.10075 0.05004 -0.08560 -0.17068 0.11051 -0.15660 0.07143 0.22598 0.03550 0.05888 0.11806 -0.04973 -0.12724 -0.04534 -0.16052 -0.05406
0.22530 0.17770 0.09234 -0.01689 0.00054 0.19029 0.07342 0.02318 0.02523 0.07463 0.29182 0.30483 -0.28663 -0.09147 0.15420 0.30246 0.11342 0.18993 -0.23342 0.09355 -0.11260 0.14617 0.08630 0.24037 0.08456 0.01634 0.33338 -0.10853 -0.08626 0.08634 0.04827 -0.06069 0.08819 0.05460 0.01191 -0.30536 -0.13545 -0.11308 -0.13810 0.14345
0.09787 -0.00546 0.04780 -0.23952 -0.02746 -0.11702 0.02868 -0.23925 0.09903 -0.14905 0.15320 0.13915 -0.01691 0.04476 -0.08481 0.08490 0.20464 0.21084 -0.05611 -0.12003 0.17711 0.09058 0.17749 -0.07447 -0.13688 0.00958 0.05216 -0.18725 -0.00754 0.09704 0.09685 0.09931 0.07260 -0.15042 0.04151 -0.02277 -0.23125 -0.17652 -0.01198 -0.08947
-0.00464 0.05215 -0.08843 -0.14473 0.07612 -0.06511 0.01228 -0.13476 -0.00954 -0.01339 0.12051 -0.07386 -0.20588 -0.01271 0.02477 0.20507 0.17185 0.19162 -0.16011 0.08567 -0.08765 0.02721 0.16338 0.05856 -0.17476 -0.19512 0.07309 -0.24229 0.03586 -0.23040 0.17583 0.06346 -0.06190 -0.11204 -0.04006 -0.13488 -0.34231 0.16261 -0.07553 -0.10288
-0.05667 -0.18518 0.11398 0.01688 0.01377 -0.03254 0.00227 0.02666 -0.12756 -0.09234 0.30892 0.12453 -0.15883 0.04118 0.12676 0.18442 0.32520 0.23104 -0.04124 0.11024 0.09348 -0.10214 0.06455 0.12897 -0.00514 -0.13603 0.36447 0.11494 -0.18098 0.16654 -0.31163 0.09958 0.08706 -0.14457 0.14222 -0.16176 -0.11539 -0.03483 0.05985 -0.04973
-0.14596 -0.11079 0.06196 -0.17241 0.02780 0.24101 -0.37361 0.11196 -0.05422 -0.01549 -0.03624 0.34556 -0.20187 0.26553 0.18617 0.16593 -0.06118 0.29130 0.04586 -0.11281 -0.02519 -0.24153 -0.15094 -0.02273 -0.18879 -0.43039 0.19646 -0.31216 0.04924 -0.18814 0.20191 0.17965 -0.02905 -0.16258 -0.14949 -0.22858 -0.17405 -0.35444 0.20612 -0.32669
0.15523 -0.10131 -0.12774 -0.14437 -0.05309 -0.30854 -0.01988 -0.05786 0.27070 0.02743 0.19375 0.22503 -0.08264 -0.05814 -0.02025 -0.25860 0.17910 0.13386 -0.06429 -0.14662 0.13692 -0.05302 -0.15272 -0.23621 -0.19151 0.18155 0.14771 -0.22691 -0.17716 -0.06823 0.05305 0.27837 -0.03884 -0.01087 0.09264 -0.10172 -0.03245 -0.05940 -0.15153 -0.05703
-0.03176 -0.13067 0.18958 -0.10867 -0.10122 -0.00658 -0.23718 -0.19385 0.05873 -0.00983 0.06389 0.12393 0.01449 0.00852 0.03497 0.07148 0.11322 0.10700 -0.07284 -0.09010 -0.05324 0.11608 -0.11176 0.12437 -0.07317 -0.06369 0.25290 -0.21195 -0.14291 0.10937 0.09430 0.21049 0.01472 -0.02827 0.10135 -0.11004 -0.32912 -0.13073 -0.08550 -0.08472
0.10049 -0.11742 -0.10223 -0.14343 -0.05515 0.07401 0.05793 0.05989 0.13325 0.13162 0.09867 0.11212 0.13813 -0.12836 -0.05998 0.22871 0.07223 0.19197 0.04818 0.23186 -0.11119 0.27581 0.11344 0.17159 -0.10529 -0.25794 0.31007 -0.05210 -0.24741 0.01523 0.14557 0.17282 0.26596 -0.09394 0.09606 -0.11846 -0.05418 0.05224 -0.17494 -0.14059
0.03977 0.14267 0.25427 -0.19397 -0.16811 -0.07022 -0.09298 -0.17090 0.11153 0.02929 0.16112 0.16614 -0.07312 0.24186 0.15087 0.19103 0.24896 0.11147 -0.02556 -0.25688 0.11455 0.22584 0.20038 -0.13876 -0.23819 -0.19967 -0.06035 0.03335 0.14391 0.09341 0.16229 0.09841 0.19988 -0.18528 -0.13486 0.10887 -0.15668 -0.19649 -0.07350 0.08228
0.11779 -0.04551 -0.19392 -0.01766 0.00633 -0.13200 -0.06402 -0.04070 0.01459 -0.07621 0.21312 0.07778 -0.04692 -0.03650 0.06779 -0.00501 0.15068 0.15640 -0.08951 0.06555 -0.11872 0.02423 -0.02144 0.18548 -0.06522 -0.18230 0.26455 -0.03431 -0.17302 -0.07020 -0.01069 0.21190 0.15466 0.13535 0.01020 -0.27892 -0.01839 -0.00521 -0.14580 -0.01843
-0.05329 0.05076 0.04014 0.24348 0.03631 0.03404 0.09516 0.24792 0.05720 0.03158 -0.07739 -0.19435 0.09712 -0.04450 0.02323 -0.02241 -0.37064 -0.17139 0.01791 0.02853 -0.00727 0.00886 0.04152 -0.07403 -0.12527 0.01697 -0.30452 0.13005 0.23058 0.09539 0.01551 -0.25362 -0.12752 0.11687 0.11252 0.11985 -0.01158 0.25222 -0.00605 0.01550
0.01395 -0.14316 0.10968 -0.08054 -0.13971 0.04385 -0.00247 -0.03247 0.05987 0.06134 0.17299 0.18843 -0.04951 0.17702 0.03761 0.05006 0.03820 0.23442 0.02626 -0.06910 -0.05338 0.13274 0.05401 0.04530 -0.17422 -0.18926 0.31617 -0.23390 -0.04329 0.07106 0.13115 -0.03335 0.10144 -0.19151 -0.05497 -0.16020 -0.12415 -0.02663 -0.08307 0.05871
-0.12300 -0.22371 0.08088 -0.03652 -0.10579 0.16182 -0.07003 0.06360 -0.10067 0.03478 0.06976 0.32503 -0.27468 -0.01958 0.00733 0.12693 0.19373 0.16470 -0.04276 -0.05249 -0.00181 0.07245 0.03748 0.07683 0.01985 -0.18146 0.27646 0.09186 -0.02713 0.02953 -0.07842 0.07513 -0.02732 0.07428 0.11482 -0.04583 -0.02978 0.06789 -0.17660 0.17112
-0.16402 -0.05006 0.05650 -0.08536 0.09652 0.09978 -0.11899 0.05430 0.16082 0.12349 0.19454 0.34595 -0.05046 -0.03576 -0.03694 -0.02536 0.07496 0.34382 0.12761 -0.05259 -0.02647 0.11775 0.06406 0.07780 -0.26716 -0.21316 0.38980 -0.08568 -0.17391 -0.02224 -0.02571 -0.02266 -0.14273 -0.09522 0.04045 -0.10197 -0.11780 -0.17819 -0.09374 0.12584
0.10643 0.01066 -0.00262 -0.15379 0.14854 -0.00212 -0.15466 -0.18794 -0.00887 0.15811 0.31246 0.01875 -0.18280 0.11458 -0.08561 0.18867 0.14275 0.38087 -0.09451 0.00789 0.04971 -0.08469 -0.14042 0.15542 -0.10238 0.17175 0.11058 -0.15405 -0.07772 0.05023 -0.07427 0.13692 0.19544 -0.20015 -0.01485 -0.15655 -0.24524 0.05249 0.07118 -0.11594
0.08241 -0.10971 -0.11654 0.10096 0.01122 0.08008 -0.09348 -0.23002 0.06890 -0.05735 0.01754 0.22251 0.01455 -0.01779 0.16380 0.09072 0.18011 0.25942 -0.09748 -0.03187 0.17175 0.07696 0.01255 0.15731 -0.01515 -0.02259 0.23218 -0.17234 -0.11275 0.14331 -0.03068 0.18236 0.15478 -0.09173 -0.01004 -0.09629 -0.00007 -0.06514 0.03484 -0.08406
0.10251 -0.14608 0.03461 -0.00798 0.00260 0.08687 0.09813 -0.08366 0.15354 0.06413 -0.09697 -0.06602 -0.24966 -0.05093 -0.03335 0.01133 0.02833 0.20135 -0.01584 -0.07503 0.05389 0.00420 0.00384 -0.01895 -0.10374 -0.12427 0.13151 -0.27831 -0.18402 -0.14566 0.05070 0.15214 0.00508 -0.13878 -0.01001 -0.29959 0.06692 -0.05703 -0.25291 0.02009
0.14555 -0.22438 0.05562 -0.14100 0.04739 -0.03347 0.12931 -0.02123 -0.01590 0.04786 0.24538 0.31868 0.06658 -0.00226 -0.03599 0.16824 0.04994 0.10044 -0.09450 0.04963 0.10675 0.07039 -0.04033 0.23174 0.01362 0.03481 0.13749 -0.17508 -0.15926 -0.08555 0.09543 0.11134 -0.06226 0.00578 0.12676 -0.20689 -0.19022 0.01105 0.04668 0.02272
