-0.10917 0.04527 0.08456 0.26867 0.08031 -0.02603 -0.28425 0.07550 -0.01424 0.12605 0.04552 0.19778 -0.03779 -0.08304 0.06840 -0.32768 0.19258 -0.08415 0.09189 -0.21065 -0.16814 -0.19556 -0.00637 0.05534 -0.11726 0.02126 -0.12199 0.20472 0.09163 0.35958 0.06469 -0.12273 0.08257 -0.09193 -0.06044 0.03779 -0.16941 -0.04025 -0.13375 0.03995
-0.32801 -0.17244 -0.03603 0.21599 -0.08852 0.02609 0.01106 -0.11212 0.21263 -0.15414 0.04535 0.16663 0.03489 -0.21349 -0.11732 -0.08436 0.06883 0.03908 0.06759 0.06054 -0.10392 0.07307 -0.14870 -0.04515 -0.11032 -0.03869 0.06361 -0.04253 0.02613 0.18234 -0.01236 0.03572 -0.13700 -0.14746 0.14330 -0.16067 0.07267 0.05264 0.11838 -0.07816
0.10504 0.18346 0.02112 0.00812 -0.25011 0.10993 -0.06165 -0.07889 -0.08612 -0.11228 0.13946 0.01888 0.12665 -0.11608 0.10193 0.06637 -0.17710 0.02622 0.11578 0.02698 -0.09425 0.09449 0.13990 0.13045 0.12890 0.04917 0.13830 -0.09745 -0.26388 0.20879 -0.07688 0.14695 0.12263 0.19400 0.17074 -0.13887 -0.03281 -0.08251 0.15987 -0.16711
-0.05206 -0.06634 -0.24220 -0.16993 -0.01620 0.11802 0.23790 -0.20692 0.10803 -0.22419 -0.16260 -0.03620 0.03826 0.18897 0.00524 0.29074 -0.00774 0.11161 -0.05514 0.18782 0.27071 0.32261 0.04655 0.04634 -0.09455 0.05998 0.23095 0.01680 0.09750 -0.24661 0.01967 0.07502 -0.22354 -0.15090 0.02429 -0.10610 0.27679 -0.09636 -0.05618 0.00726
0.20122 -0.00343 0.18121 0.25312 0.02526 -0.03883 -0.19590 0.12826 -0.03788 0.16523 0.07010 -0.19795 -0.06599 -0.03986 -0.14991 -0.41058 -0.17394 0.12341 0.13441 -0.21509 -0.01904 -0.25207 0.02965 -0.04866 -0.08389 0.01061 -0.37238 0.33538 0.00690 -0.07267 0.06399 0.04672 0.02730 0.08420 -0.18740 0.24213 -0.10177 0.18202 -0.11723 -0.07534
0.20584 0.02241 0.16519 0.27335 -0.00926 -0.02031 -0.20659 0.14239 -0.06650 0.11986 0.08533 -0.16956 0.00131 -0.04438 -0.14873 -0.42126 -0.18260 0.08640 0.13146 -0.19187 -0.04171 -0.30364 0.04402 -0.07332 -0.07682 -0.03312 -0.35720 0.31067 -0.00778 -0.08851 0.08487 0.04118 -0.01664 0.07520 -0.24604 0.23739 -0.13016 0.19172 -0.07855 -0.06237
0.19304 -0.03476 0.27960 0.23535 -0.00825 -0.08524 -0.16162 0.06797 -0.05676 0.10048 0.16005 -0.17413 -0.03558 -0.12260 -0.16246 -0.41379 -0.18470 0.06272 0.15970 -0.10797 -0.04881 -0.28486 0.07066 -0.04823 -0.09864 -0.03636 -0.37630 0.22644 -0.04867 -0.05853 0.05811 0.05901 -0.05096 0.08157 -0.27591 0.17691 -0.06123 0.14988 -0.05325 -0.10128
0.10357 0.05570 -0.18466 0.20340 -0.02187 -0.07454 -0.06450 0.00013 0.27982 0.03720 -0.13161 -0.26913 0.00989 -0.16338 -0.10385 -0.09933 -0.20175 0.22712 0.04815 -0.11239 0.09456 -0.07186 0.00321 -0.03127 0.06901 0.09552 -0.04224 0.15478 0.07611 -0.07916 0.04867 0.18829 -0.06133 0.01892 0.13031 0.04163 -0.09342 0.27296 -0.17140 0.02735
-0.00340 -0.05473 -0.23201 -0.24791 -0.01770 0.12914 0.25462 -0.19838 0.10229 -0.21335 -0.14586 -0.03025 0.04456 0.21534 0.02280 0.30797 -0.00044 0.11318 -0.06609 0.24895 0.26980 0.34866 0.07424 0.03869 -0.10756 0.05726 0.24091 -0.01321 0.10081 -0.28752 0.02460 0.03437 -0.21158 -0.12319 0.03344 -0.10380 0.28608 -0.11990 -0.02301 -0.01082
0.19320 -0.01904 0.25825 0.21730 -0.03352 -0.05276 -0.18228 0.08302 -0.04989 0.12585 0.10489 -0.21439 -0.00356 -0.08249 -0.15767 -0.38400 -0.20566 0.12816 0.13759 -0.13046 0.06668 -0.30384 0.11790 -0.04427 -0.12195 -0.02786 -0.42181 0.25021 0.01162 -0.15150 0.14336 0.02375 -0.08729 0.09697 -0.28981 0.23844 -0.08670 0.21922 0.00173 -0.09768
-0.06587 0.10016 -0.17698 0.09019 -0.05034 0.19190 -0.09649 -0.00782 0.04411 0.06114 0.01382 0.10262 0.14879 0.03561 0.14278 -0.01014 -0.00318 0.08403 0.05233 -0.00197 -0.25713 0.01796 -0.06162 0.04788 0.04004 -0.05777 0.13741 0.02277 -0.16170 0.28413 -0.12684 0.17933 0.04970 0.02231 0.07144 -0.14348 -0.16496 -0.08990 0.15629 0.05578
-0.13609 0.07980 -0.22376 0.03505 0.29343 -0.13168 -0.07835 0.19456 -0.01649 0.05482 -0.12503 0.05599 0.20234 -0.18513 0.17799 0.01586 0.15540 -0.07331 -0.05985 -0.22473 0.09777 -0.02009 -0.17675 -0.09123 0.04377 -0.00012 0.00154 -0.20499 0.05110 -0.02773 0.09023 0.22248 0.13003 -0.03871 0.33306 0.24677 -0.16471 0.05760 -0.13796 0.24892
0.17941 -0.04651 0.21216 0.24638 -0.01984 -0.06653 -0.14168 0.06739 -0.05970 0.12424 0.10968 -0.21975 0.02881 -0.08630 -0.16971 -0.41881 -0.17096 0.09184 0.15133 -0.15395 0.07057 -0.27193 0.04862 -0.06807 -0.12150 0.00122 -0.38833 0.27865 0.03178 -0.13342 0.12025 0.00743 -0.03973 0.04030 -0.25458 0.24716 -0.07779 0.18209 -0.03539 -0.07279
-0.13165 0.06266 -0.09827 0.10940 -0.17317 -0.16579 0.06778 -0.02309 -0.01562 -0.26358 0.16194 0.00270 -0.17165 -0.12053 0.19698 0.05266 0.26391 -0.14735 -0.12978 0.02919 -0.42757 0.03399 -0.21194 0.04517 0.14167 0.08296 0.26057 0.06344 -0.09044 0.22740 -0.12628 0.07631 0.15785 -0.00390 0.08395 -0.10760 -0.17550 0.04676 0.07965 -0.07243
0.16846 0.19746 -0.20215 0.09322 -0.16475 0.00090 0.06752 -0.00807 0.00865 -0.14421 -0.06187 -0.21757 -0.04109 -0.13290 0.03761 0.21470 -0.16433 0.24283 -0.00763 0.01653 -0.16678 -0.02695 -0.07368 0.02612 -0.06797 0.13552 0.11477 -0.06120 -0.19193 0.08152 0.02239 0.22421 0.17309 0.13986 0.27762 -0.09196 0.01485 0.16965 -0.05633 -0.12073
-0.05766 -0.20739 -0.07677 0.03692 -0.02597 -0.07198 0.26116 -0.08358 0.11564 0.10662 -0.00190 -0.23864 0.01504 -0.23383 -0.19680 0.08143 0.05881 0.02942 0.02300 0.19429 0.14058 0.10004 0.06592 0.14914 -0.04405 0.09747 0.01105 -0.17507 0.09643 0.03670 -0.06794 -0.05176 -0.03777 -0.15860 0.10217 0.07604 0.14726 -0.04243 0.11121 0.00750
0.16333 0.09462 0.04002 0.11342 0.12145 -0.04726 -0.00406 0.14084 0.19196 -0.02019 -0.11210 -0.21360 -0.10922 -0.12792 0.06600 -0.21996 -0.12283 0.20840 0.19955 -0.02325 0.00215 -0.03478 -0.03255 -0.14266 -0.02382 0.06204 -0.02432 0.22029 0.06292 0.12424 0.09130 -0.06813 0.05090 0.13445 0.27474 0.07030 -0.17832 0.11949 -0.28347 -0.06046
0.17425 0.00289 0.23811 0.23431 0.02141 -0.02462 -0.17685 0.07390 -0.03525 0.17167 0.07083 -0.14212 0.03462 -0.06095 -0.18587 -0.37449 -0.18779 0.08389 0.14799 -0.15336 0.00347 -0.29104 0.08226 -0.06358 -0.11296 -0.02917 -0.36810 0.27389 -0.00375 -0.07465 0.10431 -0.01238 -0.05209 0.12797 -0.25179 0.19239 -0.11387 0.14576 -0.10268 -0.05891
-0.00535 0.15830 -0.12865 -0.01260 0.27297 -0.16048 -0.03966 0.15417 -0.08552 0.03188 -0.02391 0.02360 0.17818 -0.06857 0.12992 -0.00982 0.11721 -0.07554 -0.06475 -0.22251 0.12721 -0.04647 -0.16400 -0.04254 0.08704 -0.07344 0.01451 -0.11466 0.07318 -0.02482 0.04953 0.14905 0.18489 -0.05664 0.28586 0.17553 -0.15845 0.09357 -0.13929 0.19724
0.13151 -0.14848 0.03814 -0.33027 -0.16224 0.10547 -0.03804 0.05033 -0.05892 0.14014 -0.27837 -0.05897 0.18203 0.09743 -0.23151 0.27175 -0.09040 -0.03398 -0.05753 0.11085 -0.28408 -0.11751 0.01153 0.14210 0.21521 -0.13643 0.05587 -0.26974 -0.10551 0.10321 0.02912 -0.24055 -0.03471 0.03307 0.09978 -0.13836 -0.11788 -0.30296 0.15209 0.01202
0.26415 0.20270 -0.27575 0.09540 -0.13075 0.05097 0.14356 -0.17264 0.00250 0.10984 0.05399 -0.06976 0.06803 0.09950 -0.13172 -0.12114 -0.08475 0.29473 -0.02347 -0.15043 0.05616 -0.03884 -0.11131 0.08973 -0.08133 -0.05449 0.09694 0.15391 -0.03942 0.02921 0.08447 0.07944 0.24945 -0.04852 0.26295 0.04167 -0.06965 0.17091 -0.06823 0.02438
