-0.04177 -0.25064 0.02931 0.11092 0.34812 -0.29794 0.17353 0.19216 0.26471 0.09220 0.13527 -0.23524 0.24587 -0.27411 0.12951 -0.27575 -0.07587 0.19058 0.29343 0.10482 0.12136 0.40191 -0.17955 -0.12132 0.15253 -0.20259 -0.23863 -0.30443 -0.33547 -0.11453 0.20795 0.25508 0.48051 -0.31266 -0.34021 0.22780 -0.29040 -0.29752 -0.23858 0.17096
0.24494 0.04632 0.29059 -0.12103 -0.10504 -0.01556 -0.06724 0.20859 -0.16857 -0.16589 -0.07933 -0.20018 -0.24089 -0.13890 0.11293 0.00825 -0.29324 0.19961 -0.04190 0.33454 0.31752 -0.08807 -0.29382 0.14474 0.06874 -0.07459 0.18782 0.41689 0.03838 -0.02842 0.12699 0.15272 -0.23112 -0.23897 -0.04307 -0.15627 0.07312 0.25808 -0.12379 -0.02550
0.06479 -0.27095 0.32353 0.16791 -0.31319 -0.14677 -0.06980 0.29340 0.01560 0.04565 -0.20445 0.31213 0.06264 -0.16211 0.20213 -0.29361 -0.09523 0.19333 -0.04928 -0.27641 0.04327 0.21710 0.31529 -0.36440 0.22439 0.01743 0.21823 -0.03866 -0.21527 -0.05506 -0.40094 0.14614 -0.01667 0.13585 0.25680 -0.05237 -0.22588 0.30443 0.05626 0.32779
-0.10616 0.15595 -0.11175 0.02001 0.16499 -0.18978 -0.34723 -0.25645 0.34413 0.14073 0.34681 0.18079 -0.03858 0.11972 0.12761 -0.17550 0.03147 0.03087 0.13497 -0.44121 -0.36465 -0.21566 -0.32822 0.04702 0.26039 -0.26949 0.29904 0.33477 -0.26744 0.22356 0.14767 -0.26493 0.13819 -0.35149 -0.04556 -0.29697 0.34154 0.29719 -0.29449 -0.27205
0.32786 0.12727 -0.04497 -0.11113 0.19283 -0.14944 -0.39264 0.38095 0.03466 0.42213 -0.05885 -0.11309 -0.02522 -0.00621 0.25125 -0.01865 -0.32564 0.05282 0.21481 -0.20518 0.42448 0.02945 -0.11620 0.38707 0.06279 0.06165 -0.18349 0.32032 -0.27387 -0.32886 -0.01455 0.33500 0.18430 -0.33321 0.04091 -0.35020 -0.15758 -0.17925 0.22076 0.02814
0.03769 0.14008 -0.13116 0.00674 -0.31103 -0.21259 0.39498 0.27621 -0.02277 -0.10175 -0.08205 0.16554 -0.44085 0.32081 -0.34369 -0.07424 -0.41547 0.02784 0.13907 -0.11161 -0.11198 0.00481 0.10843 0.30988 -0.40723 -0.17558 0.30709 0.37097 -0.03019 -0.02975 -0.33821 -0.36142 -0.23582 -0.34458 -0.08550 0.18490 0.11592 0.24249 -0.28548 0.17329
-0.30395 0.18138 0.16023 0.15688 -0.08963 -0.30499 0.06299 0.20183 -0.02284 -0.28889 0.34268 -0.17591 -0.24163 -0.14616 0.11354 -0.25232 0.06528 -0.03939 -0.09578 0.24761 0.10058 0.30328 -0.22984 -0.09186 -0.18383 0.26742 0.36128 0.17482 -0.06503 -0.22277 0.12494 -0.36364 0.28772 -0.06047 -0.32179 -0.27273 -0.03091 -0.28369 -0.25415 -0.40635
-0.45220 -0.07313 -0.07830 -0.21322 -0.04444 0.09066 -0.11895 -0.26174 0.34520 -0.04238 0.00325 0.05366 0.40475 -0.07285 0.17390 0.27543 0.23597 -0.00703 0.08281 0.41966 0.01479 -0.11917 -0.14451 0.33919 -0.31489 -0.02648 0.20385 -0.24073 -0.11458 -0.40610 -0.12357 -0.09805 -0.01292 0.33081 -0.32034 0.18461 0.20656 -0.01364 0.10373 -0.21690
-0.26545 -0.09059 0.26341 0.25893 -0.03151 -0.27063 -0.37282 0.18743 -0.29320 0.22940 0.03571 0.10600 0.07364 0.08561 -0.37125 -0.09150 -0.33223 0.12792 0.18224 0.21564 -0.44988 0.14694 -0.17918 0.03860 -0.30532 -0.02728 0.22413 -0.09962 -0.31258 -0.08615 -0.07935 -0.47054 0.32124 -0.25458 0.16645 0.29828 0.04169 -0.36203 0.07975 0.31275
0.21945 -0.03621 -0.18304 -0.20088 -0.21640 -0.20033 0.22955 0.17814 -0.16702 0.27601 -0.14787 0.06833 0.13195 -0.10536 -0.04635 0.13322 -0.06260 0.00425 -0.41679 -0.32373 -0.21571 -0.17015 0.15287 -0.01086 -0.17992 0.34212 0.23914 0.37160 -0.15394 0.33810 0.07699 0.13720 0.07976 -0.20742 -0.28071 -0.30986 0.28233 0.22866 -0.27371 -0.26088
-0.27579 0.28055 0.11096 -0.29858 0.19349 -0.26387 0.25399 -0.16061 -0.01777 0.16556 -0.18359 0.23632 0.35291 -0.34320 -0.31173 -0.19889 -0.03313 -0.07169 -0.37787 -0.31459 0.11553 0.16743 0.13354 0.31906 0.03997 0.37130 0.33695 0.13199 0.12169 0.24699 -0.12741 -0.05301 0.26375 -0.27703 0.25763 -0.24752 -0.17769 0.22439 -0.25471 -0.08883
-0.11783 -0.23323 0.02345 0.01290 0.02644 0.04645 -0.13436 0.11015 0.28754 -0.18507 0.13792 0.16007 0.18346 -0.11839 0.05491 -0.08859 0.11912 -0.20096 -0.32319 0.15877 -0.35138 0.15848 0.15514 -0.28238 -0.25239 0.04685 0.18517 0.25746 0.20475 -0.02733 -0.03965 0.07596 0.35844 0.05354 -0.12428 -0.11707 0.26514 -0.00257 -0.22958 -0.13022
-0.01288 0.20464 -0.22348 0.21900 0.10596 0.13106 0.29754 0.16662 -0.15782 0.28529 -0.34051 0.02868 0.22016 0.11864 -0.00312 -0.23827 -0.27607 0.20870 0.39897 0.48127 -0.03140 0.25659 0.01925 0.43349 0.05689 0.21234 0.19176 -0.36765 0.29441 0.30101 0.20800 0.15273 -0.23431 -0.23413 -0.20512 -0.06920 0.21485 0.37525 0.12346 -0.37490
0.07955 -0.23581 0.33467 0.26220 -0.06029 -0.07577 -0.05964 0.14712 -0.05237 0.11846 -0.33467 0.20216 -0.21648 0.03482 -0.03961 -0.11007 -0.12665 0.07646 -0.27322 -0.33228 -0.19215 -0.11119 -0.04396 0.26910 0.24133 0.22624 -0.23254 -0.21232 0.34500 -0.33854 0.24911 -0.19423 -0.23763 -0.28013 0.38370 -0.36850 -0.28945 -0.22142 0.21211 0.33548
-0.35032 0.00753 -0.21112 0.18574 0.09501 0.12515 -0.05560 0.28227 0.23096 0.17363 0.36224 0.00070 -0.14486 -0.01945 0.15676 -0.28370 -0.09111 0.09347 0.06016 -0.27747 -0.15839 0.20539 -0.00412 0.02862 -0.01172 0.09625 -0.11353 0.31382 -0.05721 0.26122 -0.10353 -0.09986 0.05675 -0.05947 -0.05352 -0.16132 0.03604 0.37785 0.28231 0.12664
-0.33691 0.15235 0.22645 -0.08494 -0.34773 0.22496 -0.10352 0.44885 0.08541 0.03071 0.08870 -0.24283 0.31390 -0.05983 -0.01809 -0.02102 0.35172 0.10097 -0.06275 -0.17752 -0.13709 0.25120 -0.30194 -0.14193 -0.14339 0.42381 -0.18212 -0.18731 0.40169 -0.06897 0.10775 0.33119 0.46740 0.10235 0.21335 -0.20495 -0.33416 0.07552 0.41624 -0.04045
-0.07199 0.50957 0.30520 -0.01828 0.04046 -0.07823 0.15515 -0.01554 -0.41200 -0.00644 0.20064 0.02907 -0.03909 0.18214 0.28431 -0.03596 -0.13927 -0.24999 0.25480 0.01851 -0.35175 -0.30375 0.17946 0.12684 0.21280 -0.03688 0.13685 0.32890 -0.30637 0.01851 0.15239 -0.21793 0.29589 0.09737 0.02175 0.06326 -0.15091 -0.15589 -0.13838 0.24794
-0.29260 -0.41914 -0.17153 -0.35277 -0.17835 0.11184 -0.23922 -0.03997 0.14236 -0.12977 0.17363 0.08145 0.10667 -0.23999 -0.29005 -0.20411 0.03195 -0.13025 -0.04150 0.04617 -0.21886 0.24919 -0.01108 -0.36868 -0.20015 -0.33894 0.11731 -0.26092 -0.33274 0.12529 0.20018 -0.08035 0.16617 -0.30857 -0.28019 -0.29243 0.13436 -0.33915 -0.05119 0.17634
-0.02827 -0.09311 -0.21746 0.01810 -0.25393 -0.18312 -0.36565 0.42208 0.08395 -0.32149 0.11937 -0.41432 0.42022 0.31969 0.08614 -0.21120 0.14437 0.26851 0.40036 0.17386 0.09175 0.40909 -0.34588 -0.07598 0.31291 0.17784 0.17980 -0.09829 -0.26184 0.23044 0.33580 -0.35746 -0.24749 -0.11642 0.24074 0.04193 0.18534 0.19647 0.15229 0.08143
-0.08758 0.05053 -0.06613 0.21804 0.18354 0.33547 -0.03208 -0.05574 0.32964 0.20598 -0.16963 0.21601 0.24440 0.27176 0.22869 -0.17878 0.06728 0.21623 0.02605 -0.04452 0.27067 0.25008 0.34201 0.13919 -0.12757 -0.11176 -0.32178 0.28073 0.31348 -0.00152 -0.25260 0.13356 -0.19039 -0.25889 0.27403 -0.17013 -0.03896 -0.15919 -0.31573 -0.02735
0.32556 -0.17583 -0.40971 -0.24708 -0.34481 -0.18285 -0.18831 -0.33999 -0.17859 0.25001 -0.08010 -0.05334 -0.23311 -0.09466 0.11135 0.28095 0.30487 -0.43600 -0.25515 -0.05944 0.10834 0.38323 -0.14889 0.31862 0.34805 -0.45210 -0.32305 0.09099 0.00315 0.31277 -0.39079 -0.14498 0.02440 0.43716 -0.13233 0.36751 -0.26837 -0.10727 0.08916 0.03170
0.35172 0.02964 0.17295 -0.42364 0.28550 -0.01329 -0.10479 -0.33919 -0.19152 -0.05086 0.35855 0.16566 0.38106 0.07667 -0.10188 0.02382 -0.06004 0.01740 0.26036 0.11840 -0.30195 0.20631 0.06934 0.37912 -0.19069 0.05873 0.29598 0.37060 -0.15291 0.32527 -0.27760 0.19724 0.30339 -0.38241 -0.14410 0.29621 -0.21268 -0.09107 -0.24988 0.09391
-0.05975 -0.12514 -0.28517 -0.29110 0.05463 0.06851 0.11771 -0.13630 0.12377 -0.29630 -0.33630 0.23733 0.09356 0.06934 0.18102 -0.13712 0.28742 0.17741 0.17829 -0.22086 0.11600 0.01718 -0.18605 0.09343 -0.11495 0.06751 0.09708 -0.29672 0.06662 0.24611 -0.03241 -0.10794 0.30111 -0.24352 -0.01363 0.10649 -0.29761 -0.12137 0.12578 0.02732
-0.16555 0.18279 0.14680 -0.22638 -0.15465 0.20247 -0.16491 0.09844 -0.23311 -0.08210 -0.37466 0.35052 0.35382 0.33158 -0.07063 -0.05023 0.06056 0.22793 0.16903 0.35397 0.34723 0.42609 0.29745 -0.21586 0.06044 0.03001 0.12428 0.37182 -0.04940 0.08514 0.16857 -0.21252 0.20728 -0.13530 -0.02450 -0.19487 0.36516 -0.01629 -0.06153 0.04417
-0.18544 -0.13748 0.23948 -0.02351 0.18616 0.33681 0.32884 0.27196 -0.09334 -0.31887 0.25806 0.19818 0.07687 0.10377 0.21261 -0.00099 -0.27377 -0.33638 0.51871 -0.01690 -0.41464 -0.34461 0.08122 -0.22256 -0.17699 -0.12900 -0.01494 0.17346 -0.09749 -0.20018 -0.22561 -0.24946 -0.08742 0.11030 -0.00348 -0.30919 -0.21358 0.09318 0.15580 0.25817
-0.08482 0.36796 0.31526 -0.05164 0.15658 -0.27647 0.14907 -0.35688 0.00890 0.21173 0.14987 -0.31553 -0.34914 0.17526 0.31380 -0.29370 0.05084 -0.22063 0.29764 0.14813 -0.35314 -0.07189 0.02958 -0.11339 0.35121 -0.17914 -0.28199 0.22222 -0.13004 -0.23914 -0.17826 -0.25175 0.03472 0.14660 -0.12318 -0.27461 0.07422 0.01180 -0.05440 -0.07316
-0.29472 0.52487 -0.12813 0.27820 0.09650 0.14925 -0.02114 -0.38876 -0.46546 0.27548 0.41736 0.15473 -0.01453 -0.10678 0.38414 -0.19043 0.19009 -0.02647 0.30532 -0.05237 0.17909 0.18547 0.15078 0.17097 0.14041 -0.16169 0.10466 0.19320 -0.00106 -0.26518 0.14934 0.05692 0.23289 -0.05627 -0.21480 -0.00741 0.18075 -0.05211 -0.16575 0.16562
-0.35843 0.02481 0.27876 -0.41800 0.12813 -0.03265 0.00298 0.29591 0.03779 0.21994 -0.32741 0.37046 -0.06718 -0.26010 -0.28864 0.34282 0.15359 -0.20486 -0.14135 0.03761 -0.20244 0.03880 -0.14058 -0.38433 -0.29579 0.14289 -0.07923 -0.27649 -0.12805 -0.19925 0.09031 0.11240 -0.27302 0.17827 -0.03765 0.06558 0.13208 -0.28109 0.07307 0.20531
-0.08400 0.02215 0.42785 -0.17540 0.04637 0.22691 0.04368 0.26466 -0.00106 -0.23336 -0.37746 0.00283 0.34180 0.33859 0.27328 -0.44227 0.21800 0.38565 0.01134 0.16638 0.46951 0.21353 -0.40219 -0.05862 -0.06008 0.14205 0.22141 0.06770 -0.17615 0.22157 -0.33863 0.26272 -0.10528 0.12319 0.03342 -0.05040 0.20892 -0.06165 0.27926 0.06022
0.30157 -0.16517 0.07674 -0.28116 -0.19551 0.32527 0.21089 0.29126 -0.32284 0.23668 -0.35294 -0.21723 0.17656 0.11015 0.17542 -0.36903 0.42620 -0.05426 -0.13745 0.30637 -0.41081 0.18083 -0.12357 0.06752 0.46047 0.33326 0.06670 -0.35534 0.16774 -0.37178 0.11590 0.25499 -0.23640 -0.17280 -0.16076 0.10109 -0.04279 0.24785 -0.28905 -0.01064
0.18867 -0.02629 -0.28042 -0.05599 -0.31172 -0.18647 -0.13416 -0.10152 -0.20319 -0.26414 -0.27606 0.37440 0.11138 0.19296 -0.15656 -0.34149 -0.25834 -0.11594 -0.06857 0.35388 -0.05199 0.02671 0.02627 -0.31985 0.06399 0.26573 -0.36280 0.20172 0.08852 -0.02236 0.13919 -0.16155 -0.17820 0.36148 0.35614 0.05335 -0.35835 -0.23187 0.20333 -0.10214
-0.44058 -0.15672 0.15661 -0.03347 -0.12858 0.29300 0.06937 -0.24068 0.01820 0.24726 -0.02846 -0.31103 -0.17078 -0.25741 0.00956 -0.03915 -0.02582 -0.15684 0.28515 -0.26247 -0.20925 -0.21206 -0.12434 -0.13315 0.28025 0.24840 -0.13372 -0.20917 0.08495 0.22746 0.27788 0.25808 0.04759 0.16453 0.37395 -0.18281 -0.21840 -0.09142 0.11692 -0.02269
-0.40887 -0.38997 0.31196 -0.11378 0.26012 -0.30316 0.33312 -0.11406 0.37636 -0.31098 0.18765 -0.05893 0.33072 -0.30296 0.15192 0.12004 -0.23403 0.17326 -0.33943 0.27309 -0.35479 0.27422 -0.13578 0.06661 0.03312 0.30725 -0.05624 0.05199 0.24100 -0.35461 -0.25111 0.06643 0.01926 -0.31325 0.30949 -0.11692 0.22840 0.26252 0.31239 -0.19051
-0.06204 0.10619 0.16414 0.21646 -0.03665 -0.47690 0.16707 -0.07126 -0.14435 0.05160 0.02863 -0.34887 -0.09334 0.01310 0.12678 0.07845 0.24911 -0.21025 -0.15726 0.19132 0.16340 -0.32448 0.29501 -0.07087 -0.23952 0.34688 -0.15203 0.30699 -0.25660 0.02012 -0.12748 0.18293 -0.11554 0.02683 -0.28377 -0.26219 -0.24813 0.16220 0.25524 0.25110
0.09414 -0.32050 -0.02837 0.04026 -0.00229 -0.06883 -0.28521 0.05277 0.00783 -0.03818 -0.02025 0.15641 -0.18059 -0.02057 0.31179 -0.17453 0.13382 -0.17176 0.31892 0.36570 -0.28203 0.35458 -0.13722 0.21221 0.02444 -0.34388 -0.29520 0.15478 -0.08270 0.32173 -0.01139 -0.02222 -0.19076 -0.17504 -0.34853 -0.26280 -0.02201 -0.00194 0.15689 -0.05761
0.25813 -0.22821 0.06428 -0.26643 -0.23948 -0.37120 -0.25614 -0.20752 -0.17661 -0.08408 -0.03427 -0.01499 0.06301 -0.05417 0.25795 0.17654 -0.09380 -0.14761 -0.10111 0.18074 -0.11328 0.18113 -0.03874 -0.18114 -0.03643 0.05475 0.03871 0.35949 -0.21959 0.35226 0.07942 0.14318 0.19701 0.24441 -0.35746 -0.21345 -0.29374 -0.34851 0.18296 -0.01515
0.10971 -0.36212 0.02126 0.22036 -0.14122 0.28717 0.01313 0.08026 -0.14419 -0.43737 0.39476 0.22897 -0.15205 0.12677 0.23142 0.48442 0.11933 0.35261 -0.16186 0.34347 -0.06917 -0.00666 0.28631 -0.21760 -0.12799 0.05399 -0.00538 -0.28458 -0.15332 -0.02672 -0.25239 0.28679 0.06984 -0.18987 0.50651 -0.33299 0.32716 0.22700 0.33619 0.37356
0.01272 -0.18515 -0.06291 -0.26345 0.34179 0.14466 -0.15716 -0.21188 -0.24397 -0.06169 0.17548 -0.05418 0.36651 -0.07909 -0.31811 -0.29642 -0.09310 0.14975 -0.13660 -0.06256 -0.31910 0.08811 -0.15113 -0.07741 -0.00885 -0.44017 -0.22039 0.13100 -0.16182 0.13710 0.13951 -0.04556 0.14167 -0.24743 -0.09628 -0.30579 0.18545 0.18146 -0.01783 -0.10417
0.09676 -0.21648 -0.26313 -0.28476 0.09397 0.28136 -0.19985 -0.34924 -0.33944 -0.03958 0.08438 0.17456 0.36929 -0.10121 -0.07643 0.18799 0.17192 -0.09713 -0.21854 -0.08086 0.11874 -0.11572 -0.25091 -0.14718 0.35776 -0.28018 -0.12608 -0.22129 -0.10854 -0.12417 0.21435 0.18503 0.04108 0.06246 0.28621 0.18123 -0.28995 -0.32506 -0.27069 -0.02973
0.15203 0.04306 0.37640 0.07877 0.19393 0.11630 0.17857 -0.25850 0.05664 -0.00112 0.21887 0.35113 0.02134 0.15192 -0.14202 -0.33339 -0.17545 0.36329 0.25026 -0.01820 -0.25285 0.12080 -0.01302 -0.03174 0.19403 -0.12148 -0.16882 0.24596 0.17351 0.35385 -0.09716 0.00047 -0.23841 -0.45587 -0.30307 -0.04091 -0.15518 -0.08292 0.33997 0.16868
0.33710 -0.06279 0.23264 -0.14227 0.20219 -0.28440 0.06435 0.04062 0.07433 -0.01776 -0.11542 -0.18891 0.23176 -0.22536 -0.06136 0.27715 -0.07835 0.05852 -0.25276 -0.37139 0.32843 -0.07311 0.06365 -0.02674 0.27503 -0.12530 -0.10816 -0.06616 -0.14874 -0.13422 0.25407 0.16321 0.04999 -0.32288 0.29732 0.03230 -0.28565 -0.28669 0.30169 0.32480
-0.20038 0.26889 -0.36658 -0.46032 0.33368 -0.44150 -0.13602 0.31404 0.04983 -0.13736 -0.02312 -0.03482 0.20048 -0.13146 -0.34427 -0.09354 0.12235 0.19561 0.26933 -0.16049 0.12332 0.09673 0.08299 0.27139 0.37335 -0.21716 -0.32332 -0.06408 -0.25232 -0.10884 -0.32274 -0.28552 0.07205 -0.36885 0.20040 -0.04403 0.12807 -0.07807 0.41271 0.14548
-0.14542 0.23613 0.21868 0.28154 0.11608 0.21455 -0.21844 0.05630 -0.02039 -0.04524 0.07274 0.11021 0.10614 0.00832 0.17392 0.17764 -0.30427 -0.08249 -0.17098 0.23214 -0.03201 -0.14116 0.20988 -0.11740 -0.10666 -0.04176 -0.16995 -0.05893 0.20425 -0.37947 -0.02362 -0.19553 0.14833 -0.03355 -0.38775 0.42120 0.11126 0.04968 0.14787 0.17271
-0.03087 0.02806 0.06613 -0.29405 0.01061 -0.41225 -0.12642 -0.28434 0.11190 0.20889 -0.14324 0.29511 0.20514 0.00377 -0.22674 0.01083 -0.07320 0.31976 -0.17241 0.30499 0.39724 0.12245 0.40383 -0.10624 -0.25879 -0.12869 0.24402 0.30478 -0.07588 -0.18986 0.35761 0.20178 0.30108 0.15619 0.01127 0.16740 0.30287 -0.16102 -0.15991 -0.02896
0.16840 0.09043 -0.06204 0.29681 -0.33720 -0.10466 -0.10053 0.03862 -0.28619 -0.06665 0.28609 -0.28486 -0.07065 0.38496 0.22225 -0.27516 -0.11570 0.10689 0.13728 0.31828 -0.04745 0.03313 -0.20726 0.23168 0.05365 0.15797 0.15385 0.13540 -0.05951 0.01321 0.07681 0.10921 -0.25311 -0.37467 -0.16900 0.43578 -0.23109 0.22816 -0.05504 -0.04059
0.33085 -0.00170 0.34796 0.30059 -0.24159 -0.02803 -0.11140 -0.06245 0.42405 -0.00012 0.29668 -0.07749 -0.35117 -0.18200 -0.41956 0.15363 -0.34436 0.03953 -0.31127 -0.14434 0.21421 -0.30663 -0.04704 -0.09303 0.21497 -0.11397 -0.27570 0.20113 0.42182 -0.10577 -0.13431 -0.02143 -0.32473 0.30809 0.13681 -0.29478 -0.07857 -0.21892 -0.22774 0.33051
-0.27666 0.08122 -0.01972 -0.17760 -0.10344 -0.00325 0.23343 0.03106 -0.08602 -0.33660 0.08565 -0.07325 -0.02892 0.10051 -0.25654 0.16200 0.14701 0.00136 0.14694 0.31226 -0.28512 0.32810 0.20382 -0.34620 -0.30918 0.34962 0.25504 0.00946 -0.13358 0.32462 -0.41128 0.17334 0.24968 0.05046 0.34527 0.01893 0.21532 0.07281 0.39240 -0.32367
-0.24014 -0.20711 0.31593 0.14422 -0.35120 0.02281 -0.36012 0.16723 0.32564 0.09206 -0.23491 -0.08966 0.14477 0.03608 -0.17327 -0.36568 0.39906 -0.42918 -0.08097 0.27499 -0.21727 0.35146 -0.29504 -0.04718 -0.25586 -0.28792 -0.10783 -0.12036 0.14077 0.08835 0.18893 -0.36407 -0.34958 -0.01288 0.00745 0.27838 -0.04996 0.38277 0.40019 -0.36261
0.05447 -0.08131 0.01986 -0.15262 -0.15896 0.11076 0.27581 -0.12658 -0.12073 -0.12064 -0.24391 -0.16400 -0.24971 -0.07109 0.27507 -0.00630 -0.29781 0.21363 -0.12831 -0.17064 -0.06492 0.01536 -0.23889 -0.21883 0.13613 -0.07554 -0.05428 0.15904 -0.14074 -0.02088 -0.07863 -0.03437 0.30713 -0.08817 0.13803 -0.15808 0.05076 -0.01272 -0.06006 -0.12492
0.26411 -0.20941 0.29717 -0.14355 -0.14154 -0.02470 -0.04048 -0.34543 -0.02564 0.44536 0.33394 -0.37190 0.00387 -0.06735 -0.27965 -0.38048 0.07143 -0.32762 -0.07162 -0.38708 -0.34689 -0.25718 -0.06713 0.32658 -0.07033 -0.28295 -0.16506 0.00906 -0.12727 0.07941 -0.34876 -0.32125 0.31016 -0.01541 0.10143 0.42254 0.06150 0.29370 0.44793 -0.25586
0.25812 0.19031 -0.19024 0.15044 -0.12316 -0.09945 0.10159 -0.21894 0.04440 0.11987 -0.31169 0.05487 -0.05670 0.22385 0.12162 0.02074 -0.38236 -0.00701 0.24604 0.29252 0.17891 -0.04972 0.08973 -0.10162 -0.21608 0.10571 -0.26486 0.06857 -0.18895 -0.36437 -0.22983 -0.09264 -0.02999 0.34296 0.04323 -0.05268 0.29442 -0.11868 -0.24806 -0.31416
0.17979 -0.19020 -0.03017 -0.32735 0.32069 -0.00940 0.25187 -0.01124 -0.33249 -0.11508 -0.18941 0.04713 0.21760 -0.14503 0.02054 -0.05897 0.08390 0.33270 0.27385 -0.01195 -0.31497 -0.24356 0.30238 0.26836 -0.19154 0.02877 0.26487 -0.00161 -0.20548 0.05199 -0.39940 -0.27366 0.17151 -0.22656 0.06924 -0.03852 0.19123 0.17925 -0.14325 0.22266
0.12276 -0.32144 0.25419 0.21131 -0.18347 0.38643 -0.01673 0.01173 -0.20439 0.16724 0.27372 0.29499 -0.11257 0.29192 -0.25762 0.18410 -0.06452 0.28457 0.18620 -0.04293 0.34904 -0.28839 0.21944 0.20324 0.01705 0.22924 0.06352 0.12061 0.34972 0.07320 -0.32047 -0.04955 -0.31472 0.17304 0.21977 0.19207 0.34363 0.28861 -0.17207 0.25682
0.09990 -0.09450 -0.34531 -0.34208 -0.01074 -0.10011 -0.24427 -0.27775 -0.06719 -0.32638 -0.05702 0.45226 0.04107 -0.14419 -0.14625 0.39135 0.09136 0.20038 -0.00179 -0.28774 -0.29675 -0.15080 0.18306 -0.06053 -0.23145 -0.35959 -0.08207 -0.22394 0.21391 -0.12305 -0.14904 0.00162 0.21429 -0.36212 0.12142 -0.13986 0.35224 -0.10568 0.16948 -0.39402
0.36105 0.07218 0.24101 -0.13127 0.12606 -0.23389 0.27801 0.19712 0.16453 0.06977 -0.22672 0.25613 -0.37913 -0.14422 -0.17788 -0.09412 -0.26807 0.32594 -0.07079 0.26266 0.22626 0.02957 0.08735 -0.19269 -0.41609 -0.31253 -0.29830 0.20851 -0.34119 0.07891 0.12644 -0.23260 -0.24268 0.15198 0.35382 0.22171 -0.05623 -0.00029 -0.01630 -0.08568
-0.20391 0.33656 0.33052 0.49019 0.05036 0.13657 -0.43666 -0.02311 -0.38936 0.11251 -0.18974 -0.20226 -0.40049 0.44522 0.33910 0.15126 -0.20304 -0.01769 0.21937 -0.40192 -0.27558 -0.28192 -0.32370 -0.38896 0.05217 -0.15426 0.45253 0.31662 0.41555 -0.23048 0.39626 -0.39622 -0.27498 -0.35768 -0.14101 0.18863 0.30816 -0.23487 0.25073 -0.26296
-0.14577 -0.23219 -0.17632 -0.30024 -0.03092 -0.32878 -0.04510 -0.18034 0.14475 0.04881 0.19826 0.42283 -0.16887 -0.27282 0.20517 0.07893 0.38235 0.29320 -0.08787 0.27516 0.20254 -0.31416 -0.10169 -0.22075 -0.17320 -0.40110 0.09464 0.09564 -0.02046 0.27052 -0.14608 0.18345 0.39581 0.17550 0.01687 -0.27954 0.16501 0.16123 0.47102 -0.26439
0.42365 -0.03489 -0.12425 0.11006 0.28598 -0.32923 0.00448 -0.19474 0.17559 0.39660 0.21023 0.02329 -0.23567 0.05836 -0.33086 -0.13322 -0.35856 -0.16738 -0.27931 -0.32472 -0.24787 0.02148 0.14648 0.00267 -0.19694 -0.27676 0.33515 -0.05284 0.24072 -0.22470 -0.44076 -0.21978 -0.24953 0.03798 -0.23186 0.23536 -0.18676 0.06949 -0.15583 -0.07274
-0.27979 0.38958 -0.08968 0.21340 -0.37296 -0.01978 -0.16639 -0.08133 0.07285 0.16943 -0.16806 0.14158 -0.38692 -0.28340 0.21116 0.18443 0.10135 -0.10577 0.08987 -0.17718 0.23308 0.19813 0.36129 -0.32918 -0.15413 -0.04200 0.24452 -0.35551 0.38409 -0.02136 0.07973 0.33511 -0.31201 -0.00431 0.29365 -0.18624 -0.26530 0.03597 -0.11605 -0.28681
0.03496 -0.13029 -0.27496 0.09775 0.00263 -0.22714 -0.33732 -0.24166 0.00134 0.09957 -0.34327 0.18077 -0.36314 -0.17085 -0.05301 0.25461 0.22843 0.20629 0.29309 -0.34388 0.12215 0.26491 0.29745 0.10719 0.04888 -0.32813 -0.20880 0.03099 -0.01931 -0.18491 -0.22856 -0.17653 0.10723 -0.37420 -0.13063 -0.03911 0.05204 -0.26465 -0.01180 0.31450
-0.07781 -0.03411 0.14077 -0.12051 0.21935 -0.35118 -0.40782 0.11745 -0.28521 -0.22300 -0.16345 0.06317 -0.01998 0.38839 0.09512 0.28226 -0.39567 0.32094 0.08878 0.42013 0.42751 -0.11795 0.00691 0.01718 -0.15986 -0.16706 0.05265 0.07853 0.20590 0.42344 -0.15660 0.14258 -0.12597 -0.22625 -0.20934 -0.15962 -0.05043 0.38129 0.11340 -0.11308
0.32343 -0.08740 -0.34911 0.00408 0.05241 0.31467 0.21114 -0.16235 0.17040 -0.41702 0.05475 0.37449 -0.02425 0.23155 -0.35314 0.29269 0.26467 -0.38401 -0.43208 -0.01094 0.20887 0.25417 -0.32835 0.09354 0.10805 0.42925 0.52761 0.27671 -0.14295 0.39115 -0.00483 -0.34219 -0.18073 0.29616 0.11912 -0.23589 -0.18022 0.34169 -0.44837 0.49303
-0.36944 -0.30955 0.19681 0.24600 -0.31051 0.33707 0.29450 -0.23082 0.32109 0.17944 0.28782 -0.33989 0.43322 -0.24580 -0.09156 0.08019 0.17942 -0.23632 0.01331 0.36137 0.08968 0.26423 -0.23532 -0.40038 -0.08509 0.30609 0.23219 -0.25844 0.06000 -0.27824 -0.28705 -0.12838 0.15711 0.05524 -0.39257 0.10369 -0.02060 0.04692 0.35621 0.18463
0.07941 0.29461 0.13232 0.36549 0.02928 0.13899 0.09079 0.15410 0.09339 -0.25513 -0.27505 -0.20842 0.03004 0.04576 -0.27937 0.37173 -0.41614 -0.21171 0.03342 0.33858 -0.28526 0.27831 0.02639 -0.01604 -0.06869 -0.38971 0.25256 -0.22109 -0.12688 -0.13908 -0.13541 0.15180 0.21638 -0.17127 -0.32738 0.15965 -0.10539 0.19166 -0.15778 -0.10356
-0.02512 0.41969 -0.27454 0.14262 -0.36433 -0.42915 0.38655 -0.04553 -0.22044 0.00462 0.12535 0.47869 -0.21715 -0.36442 0.17534 -0.03426 0.21965 -0.12440 0.21704 0.35438 -0.13675 0.34738 -0.41230 -0.42801 -0.16530 0.02754 -0.17799 0.11192 -0.16362 0.36412 0.44302 0.20947 -0.11514 0.21087 0.29782 -0.34553 -0.09297 0.12483 -0.40029 0.31867
-0.38865 -0.11263 -0.01032 0.06130 -0.22446 0.39771 0.02089 0.25751 0.33332 0.34193 -0.00459 -0.36010 0.38503 -0.14752 -0.35120 -0.02228 0.15555 -0.43839 -0.04005 0.37051 0.04623 -0.30573 -0.22836 0.06315 0.17944 0.07280 0.39649 0.12215 -0.00356 -0.01016 -0.27883 -0.26472 -0.07715 0.13336 -0.35061 -0.14747 0.22179 -0.13385 0.27048 -0.22972
0.09716 0.33170 0.22986 -0.31599 0.14471 0.04831 0.18678 0.34170 0.05750 0.12703 -0.01492 0.37746 -0.21574 -0.46208 -0.27433 -0.24455 0.39322 0.36571 -0.04139 -0.08335 0.12875 0.07129 -0.34595 -0.13419 -0.32011 0.09351 0.01404 -0.38568 -0.23417 0.03496 0.40028 0.04348 0.17161 0.43711 -0.38409 0.06158 0.07127 0.38100 0.17893 0.25019
-0.31243 -0.05025 -0.23110 0.10195 0.08793 0.04912 -0.19938 -0.11278 0.02970 0.43075 -0.05631 -0.32803 -0.50504 -0.39537 0.09166 -0.00770 -0.43666 -0.12770 0.02704 -0.08777 0.07404 -0.04747 -0.01335 0.13462 0.35945 0.22205 0.05718 0.35637 -0.02928 0.01558 -0.12587 -0.25261 0.06476 0.24267 0.09265 0.25288 -0.23724 0.23606 -0.34668 -0.10424
-0.19245 -0.41481 -0.29003 -0.37601 0.35387 0.22982 0.26146 -0.32676 -0.11508 -0.28566 0.16595 0.03445 0.35544 0.03902 0.12141 0.15759 -0.19470 0.17363 0.38422 -0.06380 0.00590 -0.21211 0.13033 -0.16924 0.01676 0.09357 -0.10111 0.06069 -0.34269 -0.14029 -0.44997 0.24110 -0.20074 -0.33107 0.02929 0.45084 0.12497 0.16094 -0.05833 0.20194
0.44033 -0.43340 0.19961 0.04298 0.19641 0.35536 -0.16446 -0.30837 0.15314 -0.17781 0.06592 0.15438 0.24286 -0.28443 -0.02140 0.24324 0.43298 -0.34971 -0.23552 0.05953 -0.00308 0.02815 -0.20837 0.01995 0.35097 -0.07266 -0.26574 0.01213 0.21326 -0.32719 -0.22686 0.22193 -0.18966 -0.02070 0.51757 -0.36733 -0.26332 -0.19972 -0.34960 0.43762
-0.25366 0.24819 -0.09332 -0.19843 -0.04980 0.06422 -0.09403 -0.42026 -0.24453 -0.18016 0.35548 -0.21467 0.13517 -0.40102 -0.10585 -0.31293 0.11854 0.38107 0.36396 0.05306 -0.00955 -0.29361 -0.26981 0.42872 -0.00990 -0.44489 -0.24287 -0.19181 0.15267 0.52003 -0.14049 -0.03044 -0.32331 -0.03849 -0.03855 -0.14486 -0.22960 -0.16056 -0.08271 -0.20602
0.36382 -0.24994 0.24551 0.21072 0.06806 0.31563 -0.07930 -0.06100 -0.35497 0.07136 -0.38420 -0.04970 -0.14732 0.42366 0.23002 -0.19730 -0.40681 0.05234 0.38739 -0.20231 0.32961 0.18416 -0.40741 -0.22338 -0.29123 0.16405 -0.27864 -0.35906 0.14461 -0.07273 -0.43527 -0.22137 0.10159 0.28463 0.17929 -0.03355 0.17554 -0.24824 0.36214 0.30829
0.05596 0.03299 -0.29837 0.07502 0.06836 -0.02204 -0.01502 0.05482 0.47214 0.52721 -0.11328 0.31723 -0.36880 -0.23265 -0.12259 0.16444 -0.02009 -0.25036 -0.18126 -0.15365 -0.03169 0.24773 0.17519 -0.29649 0.31080 -0.08245 0.27131 0.02257 0.10794 0.04843 0.27527 0.16377 -0.33433 -0.16446 0.15823 -0.18467 0.32563 -0.13932 0.34341 0.29584
-0.25253 -0.13213 -0.41336 0.17109 -0.41950 0.11820 0.20903 -0.08945 -0.13509 -0.11102 0.34779 -0.31205 0.07835 -0.13809 -0.27053 -0.36219 -0.26051 0.10441 -0.11885 -0.39069 0.11014 0.32358 -0.32350 0.11058 0.20319 -0.32240 -0.05570 0.10975 -0.17441 0.09331 -0.13620 -0.19989 -0.23813 -0.26289 -0.32267 -0.07019 0.31709 0.23614 0.26410 -0.35957
0.10870 0.25603 -0.33745 -0.15354 0.00835 -0.20818 -0.27171 -0.18524 -0.31127 -0.31806 0.21670 -0.31287 -0.04827 -0.34608 -0.23818 0.10404 -0.12568 -0.31865 -0.07330 0.37109 -0.39105 -0.22569 -0.03584 0.10856 0.01339 0.13656 0.21027 0.24867 0.23361 0.10385 -0.04119 0.09537 0.26225 0.31608 0.01197 0.05077 -0.01902 -0.35677 0.08866 -0.30604
0.03692 0.17632 0.11031 0.06095 0.29635 -0.13127 0.08659 -0.03694 0.45041 -0.30618 0.32265 0.15132 -0.07634 -0.13114 0.07926 -0.09813 -0.20172 0.05297 0.13123 -0.08804 -0.04239 -0.10209 0.34034 0.35268 -0.10387 -0.04759 -0.01407 0.10977 0.02848 -0.02277 0.25185 0.05968 0.17436 -0.27418 0.22548 0.07407 0.10327 0.15638 -0.17888 0.24987
-0.00256 -0.09705 0.23666 0.17206 0.26643 0.08107 0.06680 0.10983 0.00243 0.27566 0.32925 0.33431 0.31610 0.11295 0.05436 -0.25086 0.13968 0.22120 -0.24169 0.17763 -0.08165 -0.33243 -0.22717 0.23721 -0.30477 0.12221 0.49236 0.28571 -0.07024 -0.06220 -0.37506 0.26418 0.36063 0.03674 -0.05229 -0.24266 -0.11408 0.11139 -0.25473 0.17724
0.07300 0.23085 0.33578 0.24297 0.04533 -0.15744 -0.15049 0.16585 0.28244 0.12124 -0.19665 0.17020 0.14166 -0.18780 -0.15453 0.00570 0.00686 0.06327 -0.04931 -0.10793 0.10010 -0.14581 -0.16376 -0.28135 0.04316 0.17098 0.38416 0.12915 0.32227 -0.32503 -0.18895 0.01501 -0.14400 0.06092 -0.11939 0.12961 -0.11727 -0.43633 0.30014 -0.27274
-0.12254 -0.04136 0.02962 -0.21589 0.25345 -0.07564 0.12113 0.13113 0.01255 -0.06173 -0.35086 0.02443 0.34865 0.35414 -0.28263 -0.09184 0.43944 -0.32889 -0.36585 -0.36122 -0.17486 0.35463 -0.18068 -0.08037 -0.23867 0.22991 -0.39572 0.11069 0.34405 0.28139 0.08003 0.10001 -0.27748 -0.07101 0.14163 -0.24625 -0.25587 -0.28722 0.25867 0.06072
0.06906 -0.00106 -0.09455 0.21375 -0.19624 -0.40912 0.32853 0.46719 0.21456 0.28890 -0.04290 0.40088 0.26886 -0.33946 0.34835 -0.30293 0.23571 0.04806 0.23288 0.12728 0.38655 0.16036 0.12660 -0.15213 -0.44927 -0.17459 0.08845 0.46032 -0.25677 0.27363 -0.10368 -0.36825 0.03189 -0.09002 0.16789 -0.35920 -0.19956 -0.00762 0.34380 -0.27970
-0.22169 -0.24716 0.37765 -0.25443 0.23689 0.04007 -0.31028 0.15239 -0.13997 0.09744 0.20318 0.22027 -0.28989 0.25741 -0.10567 -0.02318 0.29761 0.18930 0.09718 0.12416 -0.24875 0.02192 0.23936 0.10869 -0.20705 0.24204 -0.39163 -0.23602 -0.41982 0.27511 0.20825 -0.06301 0.32217 0.09664 0.03022 0.32482 0.24365 -0.07442 -0.18581 0.17581
0.13484 0.31681 -0.29892 -0.49458 -0.31766 -0.02526 0.08844 0.04726 -0.38623 0.21125 -0.25647 -0.10999 0.05880 0.07915 -0.29915 -0.08105 -0.04963 -0.47436 -0.05384 0.05076 0.39506 -0.28029 0.35424 0.08267 0.00392 0.14936 -0.10488 -0.31811 0.07362 0.28623 -0.44796 -0.36689 -0.32240 0.01055 0.20857 0.32058 -0.09022 0.25965 -0.37302 -0.16295
0.21040 -0.09216 0.18890 -0.28886 0.24097 -0.05936 -0.12340 0.01300 0.01304 -0.36637 0.05763 -0.09991 0.23293 -0.40278 -0.35990 -0.01691 -0.20316 0.07611 -0.00830 -0.20424 -0.09357 0.40420 -0.25055 0.10610 0.20036 -0.15787 0.20037 -0.14332 -0.30401 -0.25566 0.38180 -0.38245 0.07298 0.01068 0.02169 -0.36411 0.18884 0.33981 0.18295 0.07779
-0.36964 0.00179 0.01798 -0.21920 0.06494 -0.35054 -0.22229 -0.17607 0.06760 0.06267 0.32870 -0.04018 0.05404 -0.22795 0.07887 -0.14073 -0.16834 0.18185 0.20094 -0.14266 0.02861 0.03479 -0.13740 -0.08332 -0.01278 0.14836 -0.25639 0.26319 0.15689 0.25884 -0.08962 -0.28397 0.10164 -0.23967 -0.21053 0.26444 0.08446 -0.09613 -0.00705 0.02783
0.28348 0.10845 -0.14826 -0.39333 0.28727 0.03194 -0.16455 -0.35188 0.05930 -0.22508 -0.33855 -0.05841 -0.34114 -0.16814 0.17220 -0.23023 0.35488 -0.16771 -0.02584 -0.08275 0.07026 -0.28105 -0.07557 -0.20946 -0.48216 0.44666 0.04458 -0.16595 0.32610 0.07769 0.35481 -0.12807 0.42056 0.28769 0.26881 -0.05792 0.04858 0.24333 -0.03377 -0.45910
-0.15292 0.23726 -0.15112 -0.20273 0.31056 0.12473 0.08333 -0.15488 -0.08955 0.42894 0.08443 -0.14065 -0.44354 0.04503 0.28389 0.22857 0.31337 0.06873 -0.45131 -0.07580 0.39083 0.15674 -0.38893 0.23701 0.09079 0.27969 0.11426 0.29501 0.01925 0.29174 -0.04446 -0.14316 0.10457 -0.35098 -0.24241 -0.08505 -0.14855 0.08676 0.34566 -0.01066
-0.33796 -0.31808 0.07792 0.35484 -0.04423 0.05288 0.41764 -0.04039 0.46985 0.28833 -0.10371 0.01385 -0.39590 -0.01657 -0.27682 -0.31031 -0.03601 -0.11029 0.27895 -0.00239 0.15806 -0.25764 -0.39193 -0.05643 0.36840 -0.27953 0.23486 -0.11101 -0.01506 -0.03470 0.27472 0.21673 -0.31571 -0.11885 0.02638 0.08942 0.15711 -0.38929 -0.38091 -0.04467
-0.36841 0.10133 -0.18246 0.34794 -0.18778 0.01628 -0.31002 -0.18476 0.11897 0.32910 0.35253 0.28878 0.26663 -0.08532 -0.11426 -0.34485 0.02722 -0.19906 0.14595 0.18654 -0.46716 0.16126 0.18831 -0.04218 -0.24193 0.08910 -0.30663 -0.04662 -0.25077 0.31470 0.41139 -0.31486 0.04047 -0.24214 -0.06804 0.11510 -0.20647 -0.20992 -0.24475 -0.15331
0.05693 -0.37023 -0.12400 0.18267 0.08785 0.22145 -0.34555 -0.06355 0.07720 -0.30711 0.20927 -0.23505 0.00086 -0.06427 -0.38730 -0.17922 -0.35048 0.01007 0.03398 -0.14072 -0.12806 -0.18077 -0.01948 0.06159 -0.41324 0.32192 0.23804 -0.01694 -0.12944 0.31488 -0.30364 0.14281 -0.33474 -0.00450 -0.16056 -0.22328 0.07262 0.11389 0.12684 0.05058
-0.42297 -0.13743 -0.28599 -0.05468 -0.01946 0.04337 -0.06777 0.09512 -0.12606 -0.36616 -0.08377 -0.18700 0.52036 -0.08497 -0.35419 -0.11967 -0.24797 0.42735 -0.04915 0.07854 -0.19972 0.01967 -0.12516 0.07336 0.08027 -0.15289 0.03929 0.07830 -0.05633 0.16171 -0.31494 0.37919 -0.28102 0.01429 0.00285 0.27701 -0.16352 -0.27480 -0.10389 -0.07491
-0.18393 0.10281 -0.29909 0.11382 -0.33850 -0.13579 -0.23633 0.27911 0.11203 -0.15083 -0.34364 -0.02086 -0.10100 -0.03862 -0.32038 0.30750 0.03688 -0.02143 -0.28274 0.09611 -0.34853 0.02201 0.17983 0.23218 -0.17440 0.11138 0.00700 -0.18017 -0.34632 -0.14572 0.20509 -0.19326 -0.28656 0.35696 -0.32537 0.15766 -0.43783 0.27247 0.13034 0.06974
0.12390 -0.08881 -0.02376 -0.33655 -0.40720 0.09094 0.28773 -0.13252 -0.46747 -0.31809 -0.22440 0.26713 -0.13001 0.43191 -0.36981 0.33159 -0.16212 -0.06927 -0.39612 -0.15277 0.06227 0.25100 0.13811 -0.47225 -0.21230 -0.07118 0.08944 -0.14256 -0.06816 -0.00542 -0.10039 0.10181 0.03602 0.02773 -0.17859 0.02698 0.18852 -0.10346 -0.05987 0.15364
-0.35001 -0.28816 0.06326 0.14622 -0.28099 0.21295 0.33455 0.20723 0.44923 -0.32245 0.09765 0.02929 0.20498 0.38925 -0.32312 -0.18007 -0.33177 -0.31122 -0.21498 0.09434 -0.00880 -0.08183 -0.38900 0.27353 0.19609 -0.02896 -0.18007 0.36819 0.12484 0.22376 -0.42940 0.34878 -0.22695 -0.30471 0.17510 -0.12208 0.28460 -0.23784 0.05692 0.23532
-0.33693 0.26470 -0.16494 -0.19588 0.37481 -0.19955 0.27067 0.31365 -0.15127 -0.16728 -0.40996 0.07750 -0.09522 0.25835 0.19030 -0.37753 -0.30506 -0.05398 0.11913 0.36767 -0.18754 0.14684 -0.07423 -0.06189 0.21888 0.07942 -0.11945 0.42423 -0.23610 -0.07855 0.31532 -0.08305 -0.16739 0.34033 0.23296 0.31892 0.18378 0.29228 0.02317 -0.19048
-0.03411 0.11770 -0.09411 0.15629 0.35585 0.02387 0.10031 0.02752 -0.22020 -0.16612 0.07545 0.10186 0.03891 0.03987 0.00264 0.12487 -0.20159 -0.33549 0.31921 0.16359 0.09908 -0.36155 0.20341 0.21415 0.21870 -0.19797 0.31659 0.16210 0.15467 0.12971 0.18299 -0.06473 -0.09728 0.41560 -0.16814 -0.19262 0.25668 -0.30810 0.27741 0.12729
-0.04614 0.00372 -0.20950 0.13851 0.15696 -0.26275 0.13565 0.08518 0.11745 0.18394 0.00151 -0.13610 -0.05947 -0.14885 -0.05849 -0.09890 -0.01149 -0.07935 0.03580 -0.15178 -0.18452 -0.17630 0.12077 0.21219 0.41015 -0.13040 0.06729 -0.03450 0.15209 0.08554 -0.17125 -0.27110 0.12229 -0.37380 -0.08169 -0.19343 -0.01962 0.10316 0.10701 0.06134
-0.32847 0.37341 -0.17566 -0.26672 -0.13422 -0.14399 0.23581 0.29740 -0.05587 0.20570 -0.19120 0.05215 -0.23349 0.17231 -0.14392 0.15152 -0.10309 0.10174 -0.29242 0.24774 0.22011 -0.16867 -0.19319 -0.25368 -0.18220 0.13029 0.00777 0.15943 -0.35840 0.24497 0.04236 -0.25994 0.15319 -0.06673 -0.10768 -0.34885 -0.37252 0.00084 0.11523 0.26241
-0.16866 0.03470 0.19174 0.11824 0.06849 -0.00189 -0.08539 0.03760 0.24036 0.27900 0.12205 0.10511 -0.13499 0.13840 -0.21568 0.04208 0.20327 0.36303 -0.33202 -0.13284 -0.28196 0.21445 -0.05341 0.08788 0.14242 -0.23465 0.25588 -0.04165 -0.25314 0.33506 0.02897 -0.12376 -0.17180 -0.04921 -0.25584 -0.25011 -0.09450 0.16051 0.31754 -0.06254
0.04446 0.14380 -0.32640 -0.21275 0.35837 0.03405 -0.38015 -0.38288 -0.11279 0.11036 -0.24573 0.28889 0.25175 -0.04965 0.35691 -0.40700 -0.15507 0.27724 -0.10536 -0.03033 -0.33505 -0.09091 -0.14704 0.08853 0.22133 0.41251 -0.39390 0.03615 0.18751 -0.27204 -0.14769 0.43560 0.06028 0.03220 0.18685 -0.45175 0.09476 -0.12095 -0.48045 0.30796
-0.09193 -0.29847 -0.13565 -0.16076 0.16844 -0.23501 -0.22215 -0.19089 -0.18548 0.07703 -0.09280 -0.03217 0.01228 -0.23313 -0.03285 -0.10106 0.29526 0.01443 0.02799 0.26052 0.24314 0.30876 0.12846 -0.32169 0.28956 0.05359 -0.23579 0.09168 -0.26123 -0.17358 0.37376 -0.12043 0.08161 0.07462 0.26720 0.07352 0.01447 0.03247 0.15410 -0.02346
-0.18493 -0.20005 0.04125 -0.02118 -0.18796 -0.34662 -0.34212 0.09795 0.28547 -0.31726 -0.19121 -0.25295 -0.15324 -0.17870 0.20826 0.19613 0.26087 0.05730 0.16371 -0.48471 0.13015 -0.32954 0.36272 0.27744 -0.32217 -0.14779 0.17808 -0.23090 -0.04160 0.20523 -0.33497 -0.32855 -0.30114 -0.31088 0.27291 0.10367 -0.06633 -0.01607 -0.16717 0.05125
0.40909 -0.10967 -0.11963 0.26750 0.03652 0.22586 0.39790 -0.29171 -0.18023 0.10153 0.03899 -0.01391 0.00147 -0.21439 -0.13043 -0.20908 0.13132 0.30558 0.04778 0.25033 0.47726 0.19909 0.06084 -0.07419 0.37828 -0.34372 -0.30474 0.30041 -0.09474 0.07129 -0.08551 -0.28401 0.17935 0.37566 -0.02130 -0.01859 0.35199 0.33810 -0.26500 0.20294
0.12978 -0.38479 0.16247 0.00885 -0.08686 0.24136 -0.38795 -0.10566 0.08494 0.38185 0.26567 -0.17242 -0.34013 0.31279 -0.31515 0.23435 0.36538 0.24210 0.24028 -0.14867 -0.32455 0.02344 0.01072 -0.14864 -0.10294 -0.14375 -0.27946 0.03676 -0.37645 0.14746 -0.06559 -0.13615 0.28402 0.05369 0.05176 0.22205 -0.04933 -0.18863 0.11299 0.07699
0.24743 -0.32418 0.16206 0.12395 0.18321 -0.10630 0.25447 0.08845 -0.01967 -0.05006 -0.17746 -0.11380 0.13547 0.17993 0.26611 0.01490 0.09404 -0.10470 -0.23892 -0.05428 0.06807 -0.05630 0.15313 -0.13339 0.09834 0.31479 0.17537 -0.19563 0.22280 0.22586 0.03630 -0.04909 -0.00702 0.34118 -0.00504 -0.31527 -0.27397 0.29095 0.03394 -0.19797
-0.38853 -0.33502 -0.36122 0.46755 -0.34669 0.27361 0.41786 -0.29698 0.30341 -0.50342 -0.37869 -0.33269 0.07342 0.02292 0.35185 0.00754 0.03905 -0.18901 0.33787 -0.03432 0.12178 0.46270 -0.40742 0.03632 -0.34068 0.10023 -0.50126 0.24900 -0.21664 0.41835 -0.04335 -0.19220 0.03112 0.08722 -0.16531 0.25918 0.14319 -0.16329 -0.26451 -0.37260
-0.04069 0.34095 0.25612 -0.03139 -0.25408 -0.30690 0.17214 0.27103 -0.28198 -0.00030 0.15128 -0.32412 -0.39398 -0.07307 -0.41938 0.06965 -0.03318 0.20130 -0.31991 0.07221 0.35029 0.28307 -0.23051 0.08282 -0.20418 0.39072 -0.31277 -0.22806 0.30108 -0.28481 0.08011 -0.11537 0.14993 -0.21384 0.21312 0.09382 -0.34696 0.08332 0.05562 -0.19790
0.07517 -0.00555 0.17844 0.21131 0.26578 -0.12301 0.05022 0.04238 -0.19971 0.00901 0.34034 0.34341 -0.32739 -0.22684 0.12966 0.00078 -0.05851 0.09729 0.08933 0.20661 -0.04648 0.10845 -0.20515 0.36800 0.32876 -0.20902 0.16716 -0.40333 0.03309 0.36773 0.01529 0.18112 0.18419 0.36625 -0.30586 0.32251 -0.19340 -0.10249 0.33841 -0.18796
0.34051 0.28523 -0.41349 0.13261 -0.17022 -0.40826 0.22047 0.12300 0.39383 -0.31884 -0.00448 -0.18792 -0.14196 -0.26258 0.00032 0.33588 0.10431 0.38070 -0.31549 -0.03608 -0.20164 -0.35654 0.25250 -0.20437 -0.06456 0.35549 -0.10765 0.11534 -0.11741 0.09675 0.20677 0.09038 0.37466 0.37998 0.28183 0.04210 0.12426 0.22676 -0.06684 0.23634
-0.09261 -0.26130 -0.20099 0.01817 -0.32105 -0.30945 -0.26646 -0.01918 0.12204 0.40762 -0.34687 -0.29042 0.06237 0.19277 0.07108 -0.07303 -0.28369 -0.02273 -0.06487 -0.17439 -0.31109 0.07091 0.01032 -0.22748 0.13236 0.37042 0.22738 0.11779 -0.05615 -0.21458 -0.45491 -0.13197 -0.12540 -0.11830 0.23255 -0.17429 0.03854 0.01049 0.19199 0.08326
0.21144 0.51521 -0.32183 -0.02484 -0.15935 0.14404 0.13928 -0.27692 0.13380 0.28705 -0.17061 -0.33605 -0.01181 0.03638 0.34080 0.42645 -0.29030 -0.34959 0.34211 0.31113 0.23572 -0.23446 -0.05189 -0.33679 -0.07857 -0.00020 0.24650 -0.00464 -0.05715 0.20676 0.37739 -0.27610 0.03580 -0.08944 0.27239 -0.07422 0.11244 -0.33648 0.01357 0.21551
0.17721 0.20233 -0.29346 -0.03546 0.15587 -0.39665 0.22032 -0.43463 -0.46282 -0.06305 -0.43536 -0.10057 -0.21906 0.09048 -0.21893 0.15204 -0.27722 0.14716 -0.40932 0.08550 -0.19172 0.03999 0.28959 -0.14573 0.18262 0.24294 0.17953 0.02254 -0.25998 0.09149 0.20777 0.45287 0.06923 0.01864 -0.11354 0.27918 -0.18835 0.40653 0.27136 -0.40808
0.14977 0.25665 -0.16336 -0.15656 -0.22471 -0.31698 0.03527 0.36066 0.39344 0.33361 -0.15696 -0.31005 0.19181 -0.29114 -0.33570 -0.31011 -0.26526 0.02646 0.34440 0.41591 0.06100 -0.26482 0.11074 -0.34547 -0.12973 -0.19904 0.08564 0.29108 0.19111 0.35932 0.10840 0.21745 -0.33822 -0.29215 0.28296 0.07622 -0.36293 0.06570 -0.39654 0.08240
0.29336 0.28021 -0.02933 0.06972 -0.42832 -0.10392 0.10876 0.10304 0.26486 0.25731 0.40514 0.03667 0.24422 -0.14176 -0.09890 -0.30944 0.34711 -0.03113 -0.37424 0.30100 -0.40835 0.13283 0.04533 -0.28246 0.16126 -0.32836 0.27513 0.34097 -0.40854 0.02210 -0.20886 0.27197 -0.09201 -0.28455 0.37602 0.19287 -0.14884 0.26791 0.13965 0.15077
-0.44128 -0.10334 0.36264 -0.34805 0.35852 0.11112 -0.17772 0.02334 -0.45531 -0.34461 -0.04741 -0.05662 0.02693 0.02908 -0.03091 0.04401 -0.22117 0.34705 -0.27334 -0.37584 0.29209 -0.25062 -0.03687 -0.14017 -0.13122 -0.21579 0.10992 -0.23312 0.01770 0.29503 -0.34223 -0.45256 -0.40158 -0.42031 -0.24908 0.29792 -0.20773 -0.09810 0.06756 0.35477
-0.06061 0.21833 -0.11339 -0.09575 0.04080 -0.00431 0.16089 0.35886 -0.12452 0.45135 -0.22254 -0.21917 0.21406 0.31276 0.01705 -0.19447 0.16450 -0.24072 -0.01156 -0.26337 -0.22377 0.11942 0.34644 -0.04985 -0.17470 -0.04949 -0.29518 -0.18809 0.02137 0.39975 -0.16275 -0.03717 -0.04274 -0.45665 0.46460 0.17425 -0.17408 0.25016 -0.27368 -0.11401
0.37568 -0.48352 -0.03797 -0.05127 -0.03747 -0.00221 -0.34409 0.38892 0.18588 -0.06822 -0.41257 0.19332 -0.15787 0.06926 -0.29922 0.18177 -0.33174 0.30474 -0.09702 -0.31952 0.35522 -0.02325 0.05265 0.09566 -0.03858 0.36768 -0.32343 0.22807 -0.06099 0.01875 -0.20491 0.15219 -0.21272 -0.18985 -0.34874 -0.00664 0.35146 -0.16524 0.07521 -0.10927
0.30967 0.17837 -0.10141 0.18588 -0.25348 0.07590 0.10084 0.19849 0.13998 -0.01229 -0.33081 0.13838 0.37729 0.15534 0.08477 0.12456 -0.07032 0.19159 0.19263 -0.15082 0.21403 -0.24221 0.42361 -0.02112 -0.12733 -0.18734 -0.34703 -0.01502 0.06869 0.02485 -0.32538 -0.37643 -0.11262 -0.08535 -0.17193 0.38002 0.26038 0.06096 -0.38083 0.13884
-0.07268 0.01240 -0.15771 -0.35402 0.19937 -0.14914 0.20507 0.20831 -0.08774 0.01483 0.18125 0.18867 -0.06609 -0.25501 -0.22820 -0.30172 0.02458 -0.00488 -0.17091 -0.12124 0.07999 -0.09958 -0.07960 -0.29868 0.03291 0.15320 -0.06042 0.19771 -0.04831 -0.05436 -0.06086 -0.14560 0.18606 0.37874 0.01518 0.30030 0.40405 0.29280 0.16484 0.07595
-0.02731 -0.32981 0.27600 0.19389 0.08659 -0.16034 0.18513 -0.38253 0.35336 -0.04591 -0.25536 -0.14950 -0.17247 -0.32307 -0.23322 0.20145 0.07458 0.09536 0.08228 -0.10460 -0.45187 0.32768 -0.38093 0.30020 0.22662 -0.10945 -0.17160 0.20158 0.31328 0.23093 -0.32690 0.30247 -0.32712 -0.20012 -0.17899 -0.01284 0.14850 0.22721 -0.40994 0.21817
-0.30379 -0.21560 -0.27720 -0.16162 -0.08558 -0.06921 -0.11277 0.14589 0.14288 -0.26648 -0.01884 0.23689 0.22420 0.08278 0.12498 -0.12531 0.07570 -0.03454 -0.29692 0.38058 -0.33893 0.29068 0.33664 0.04084 0.03094 -0.40105 0.31957 0.28200 0.08485 0.14969 0.25769 0.25717 0.23381 -0.39275 0.16433 -0.17032 -0.21706 -0.27759 -0.25485 0.07118
-0.12550 -0.17374 -0.16204 -0.15671 -0.27519 0.32505 0.08827 -0.09088 -0.27343 0.04653 0.37502 -0.09661 -0.04661 0.03640 -0.00430 -0.05775 0.02850 0.15151 -0.30175 0.28025 -0.27114 0.26591 0.03767 -0.00632 -0.26630 0.19849 0.04005 -0.30498 -0.32889 -0.06950 -0.14237 -0.05421 -0.02097 0.14237 0.05918 -0.14512 -0.31067 0.36900 0.28091 0.00327
0.20195 0.27977 -0.02074 0.10561 0.40347 0.22498 -0.21368 0.28949 0.14290 0.36639 0.17350 0.17775 0.04464 0.11922 0.19212 0.34874 0.21115 0.37797 -0.18463 0.12484 -0.02614 -0.25411 0.04133 0.40150 -0.37427 0.03950 -0.05772 -0.32296 -0.08773 -0.20218 -0.17813 -0.36495 -0.20353 0.24894 0.32772 -0.05201 -0.22553 -0.02229 -0.19849 -0.02942
-0.19421 -0.08552 -0.02120 -0.23968 -0.17030 0.41134 -0.11919 -0.02808 -0.00058 -0.13030 0.09965 -0.03086 0.43367 0.05178 -0.38179 0.41935 -0.14042 0.01701 0.08483 -0.14905 -0.25457 -0.11818 -0.16236 -0.34516 -0.30306 -0.24461 -0.15746 -0.25320 0.22652 0.01687 0.41784 -0.29463 0.33893 -0.03923 0.33158 0.22069 -0.21083 -0.10186 -0.16181 0.36646
0.33922 0.18542 -0.01095 -0.18626 0.02996 -0.06319 0.03339 0.25088 0.24665 0.01583 -0.01493 -0.20065 -0.34127 -0.42070 0.22800 0.14063 0.10042 -0.28219 0.17615 -0.02612 -0.06990 -0.08464 0.34376 -0.29324 0.05620 -0.06802 -0.07820 -0.22454 -0.08858 0.23291 0.32818 0.17337 0.23345 -0.45783 0.12131 -0.29073 0.20643 -0.33352 0.25511 0.34288
-0.08736 -0.42530 0.19231 -0.41681 0.19226 -0.41505 0.18799 -0.47882 -0.34002 0.32370 -0.43207 -0.22627 -0.24369 -0.00734 0.28771 -0.24631 0.00184 -0.29101 0.24893 -0.32800 -0.21724 0.00863 0.12350 -0.13816 -0.07194 -0.03232 -0.09237 -0.41303 -0.41220 0.26274 -0.20364 -0.05746 -0.43701 -0.33008 -0.17619 -0.29843 0.42167 0.22587 -0.29763 0.13270
0.03999 0.20665 -0.22514 -0.12093 0.32103 -0.16140 0.09146 -0.18598 0.14925 0.09778 0.25929 0.08384 0.14979 -0.32574 -0.10186 -0.18233 -0.27004 0.42535 -0.35054 -0.09099 0.27483 0.33194 -0.07372 0.04429 0.13088 0.14898 -0.16889 0.26057 -0.25017 0.26918 0.00753 -0.06036 -0.07039 0.09811 0.30826 0.36372 0.15828 -0.01219 0.03403 0.13423
-0.14517 -0.40682 -0.18860 0.48713 -0.29768 0.04552 -0.37181 0.35017 -0.03914 0.05283 -0.42127 -0.08741 0.42097 0.15849 -0.33606 -0.41764 -0.18422 0.30283 0.04390 0.09800 -0.25580 -0.46632 -0.17854 -0.03441 -0.40879 -0.39482 0.28492 -0.05885 0.34060 -0.29388 -0.30038 -0.44739 -0.08197 0.22479 -0.41933 0.25873 -0.08210 0.34712 0.22071 0.30707
-0.00254 -0.12424 -0.05223 0.07976 0.14979 -0.44503 0.14333 -0.03531 -0.42148 -0.18750 -0.02728 0.04343 -0.16862 0.02799 -0.37323 0.29872 0.15815 0.33218 -0.09715 0.12213 0.29228 -0.20017 -0.29227 -0.21461 -0.18567 0.36313 -0.32202 0.01119 -0.20494 0.08641 -0.12886 0.22495 0.46166 -0.02992 -0.20141 0.27287 0.18971 0.18457 0.38880 -0.38695
-0.10491 -0.01152 -0.24652 -0.39507 -0.33266 -0.23433 -0.01690 -0.31816 0.25512 0.48559 0.36222 0.15955 -0.17579 0.28240 0.09096 -0.09278 0.15341 0.25552 -0.16862 -0.34870 0.32457 -0.00858 0.24468 0.09638 0.39250 0.09358 -0.29720 -0.32347 0.20627 -0.10697 -0.23222 0.03777 0.07027 0.05481 -0.21292 -0.11632 -0.28362 -0.18879 0.30986 -0.17922
0.12791 -0.11887 -0.11495 0.10268 0.47538 -0.20288 0.30271 -0.06617 0.46737 0.45785 0.06287 0.28030 -0.34896 -0.03147 -0.19258 -0.06818 0.05216 -0.17620 0.07493 -0.29988 -0.05133 0.10367 0.08591 -0.20239 0.29293 -0.05159 0.23974 -0.35488 -0.25558 -0.19340 0.20047 -0.26119 0.13298 -0.28719 0.17656 -0.12543 0.11609 0.17905 0.23660 0.01717
0.24039 -0.32943 0.05515 -0.00242 0.14555 0.28436 0.37665 0.27425 0.28033 0.39083 -0.02810 -0.13122 -0.07411 -0.29239 -0.29745 -0.21636 0.32795 0.07934 0.18606 -0.20158 -0.15720 -0.05572 0.30835 0.01158 -0.42045 -0.39077 0.17003 0.39508 -0.17628 -0.08672 -0.32897 -0.22223 -0.39391 0.16063 0.15426 0.13772 0.03810 0.40124 0.03267 -0.14784
0.23841 -0.10031 0.30326 -0.08993 -0.05711 -0.27797 -0.18853 0.02125 -0.43310 0.21951 0.20425 -0.27274 -0.16791 -0.21386 0.37373 -0.35087 -0.08344 0.03166 0.35898 -0.23968 0.26173 0.26358 0.07756 0.18487 0.33480 0.19939 0.33133 -0.02838 0.13690 0.37969 0.37795 -0.11763 0.23149 -0.11570 -0.06970 -0.32904 -0.38006 0.12730 0.28521 -0.27443
-0.27262 0.20138 -0.26490 -0.23107 0.26600 -0.30238 -0.39660 -0.22117 -0.11709 -0.01288 -0.22889 0.44618 -0.01951 -0.16107 -0.17122 0.30712 0.23918 0.19349 -0.01956 0.15565 0.31958 0.35395 0.39594 0.08745 -0.32507 -0.33279 -0.05248 0.25113 0.23702 0.04358 0.30384 -0.01907 0.13245 0.22018 0.09715 -0.01525 0.25046 -0.16974 0.22755 0.16903
0.32099 0.04064 -0.32972 -0.33556 -0.17038 0.10897 0.17431 0.34536 -0.15356 0.38154 -0.13606 0.20428 0.01058 -0.04170 -0.11470 0.25123 -0.07829 -0.06435 0.20553 0.07969 -0.11853 0.33926 -0.26210 0.17840 -0.13709 0.44485 -0.03356 0.00183 0.33101 -0.08372 0.01430 0.25962 0.35043 -0.03293 0.18452 0.22868 0.23750 -0.27673 0.05455 0.24299
-0.34241 -0.40369 -0.18675 -0.17436 -0.13103 -0.30847 -0.13450 0.21747 0.06020 -0.16484 -0.37346 -0.11272 0.14041 0.29327 0.13783 0.27312 -0.36302 0.27849 -0.13575 -0.00441 0.31775 0.10158 -0.08446 0.15231 0.02789 -0.20587 0.15083 -0.39471 0.17624 -0.42257 0.24868 0.02586 0.11698 0.07688 -0.06813 -0.07306 0.17874 0.20700 0.39879 0.08861
0.10999 0.03098 0.22580 0.31052 -0.00088 0.31758 -0.00744 0.04893 0.00390 -0.21447 0.04842 -0.23041 -0.17698 0.25878 0.39073 -0.09459 -0.00510 -0.25675 0.55351 0.24576 -0.40127 -0.09992 0.18372 0.19941 -0.00319 0.15134 -0.16779 -0.15222 -0.23184 0.11110 -0.02206 -0.16527 -0.22600 0.11751 -0.13937 -0.18033 0.23826 -0.28672 0.01725 0.18017
-0.22581 -0.00951 0.08331 -0.04606 0.27553 -0.02840 -0.02899 0.37088 -0.00030 -0.13036 -0.33588 0.15202 0.27032 0.05704 -0.05258 0.34163 0.19702 -0.25704 0.32627 -0.20390 -0.03136 -0.36414 0.12921 -0.35422 0.25755 0.36922 0.08120 0.28894 0.29448 -0.15149 0.12464 0.20788 -0.49793 -0.17510 -0.01904 0.07618 0.15888 0.19218 -0.43656 0.15882
0.33964 -0.18325 0.05967 -0.22863 -0.25692 -0.37334 -0.16923 -0.11069 0.04827 0.01050 0.14178 -0.12222 -0.27407 0.22145 0.31502 -0.00031 0.15681 0.20643 -0.24556 -0.14744 -0.18786 -0.08193 0.09128 -0.13329 -0.08604 -0.37461 0.18260 0.13922 -0.02149 0.14105 -0.21414 0.09677 0.08503 -0.17231 -0.38408 -0.07363 -0.30671 0.22405 0.13791 -0.15598
-0.11580 -0.25421 -0.04643 0.10831 0.25861 -0.26286 -0.19153 0.03890 -0.23706 0.31719 -0.31074 0.12186 -0.26284 0.09910 0.10890 0.21527 -0.29237 0.19384 -0.24116 -0.14454 -0.16818 -0.04411 -0.28328 -0.06561 0.05863 0.14081 0.11776 0.29416 0.17946 0.28564 -0.18328 0.27626 0.08106 -0.06097 0.00347 -0.27008 -0.00634 -0.30481 -0.33803 -0.12648
-0.05972 0.07754 0.31182 -0.00954 -0.28658 0.11490 -0.26832 0.10162 -0.03309 -0.31012 -0.20940 -0.05680 0.05270 -0.21053 0.36896 0.07770 -0.05755 -0.11681 0.27348 -0.13235 0.08758 -0.04989 -0.22967 -0.01215 -0.13000 -0.32271 0.19842 0.24475 0.41120 0.23791 -0.17039 -0.04226 0.00775 -0.02097 -0.18470 -0.30108 -0.32854 -0.01031 -0.18380 -0.14145
-0.25164 0.26224 0.19105 0.21092 0.10478 -0.00080 -0.24503 0.33033 -0.16476 -0.18619 -0.17158 0.38486 0.25247 -0.15457 -0.29414 -0.09485 0.23391 0.00699 0.17464 -0.43575 0.08591 0.33169 0.24927 0.13325 0.20319 0.10335 -0.03701 0.28205 -0.28740 -0.04339 -0.32858 -0.28863 0.23547 -0.15806 -0.08591 -0.26611 -0.51793 0.07642 0.26695 0.19021
-0.18701 0.30264 0.38732 0.14421 -0.25048 -0.15255 0.08522 0.02142 -0.13606 0.18242 0.37824 0.26647 -0.25659 -0.05547 0.03209 -0.30783 0.13613 0.01628 0.08408 0.29363 -0.41192 -0.31819 0.02358 0.02173 0.20561 -0.14809 -0.24093 -0.04492 0.30063 0.34052 -0.26037 -0.18688 -0.08490 0.36274 -0.33829 -0.23029 -0.25193 0.10392 -0.17097 -0.14886
0.22881 0.01314 -0.27830 0.37055 0.00560 0.17947 0.14086 0.33630 0.18116 0.30792 -0.02538 0.03343 0.27148 0.37333 0.15583 0.25936 0.05048 -0.04620 0.10202 0.31194 -0.13708 0.11180 0.11285 0.11663 0.25734 0.10853 -0.26187 -0.24775 0.37520 -0.07506 0.27589 -0.34801 -0.32012 0.35533 -0.09886 -0.21789 0.39656 0.39736 0.33046 0.29077
-0.01203 -0.34397 -0.06863 -0.17659 -0.18854 0.18910 -0.06030 0.20573 0.26431 -0.10564 0.25637 -0.10864 0.21086 -0.01607 0.27350 -0.18426 0.30574 -0.22734 0.06317 0.00735 -0.07252 0.15895 -0.16776 -0.17181 -0.13143 0.03447 0.00684 -0.13125 -0.03264 -0.00796 0.10138 0.02408 -0.03473 0.01557 0.10484 0.22986 0.26900 -0.26410 -0.14216 -0.22676
0.14071 0.08350 -0.24840 -0.17853 -0.25693 -0.20611 -0.04665 0.15029 -0.11107 -0.21309 -0.00443 -0.11383 0.12715 0.09676 0.25956 0.03182 -0.14517 -0.30249 0.31846 -0.13383 -0.35187 0.02568 -0.23867 -0.18968 -0.10624 -0.16639 0.00052 -0.13600 0.08310 0.03708 -0.25218 -0.30707 0.20669 0.30941 0.08959 -0.27557 0.33059 -0.16265 0.37079 0.16848
-0.29985 0.11418 -0.29635 0.04624 0.10400 0.13135 -0.15181 0.17786 0.18767 -0.33425 -0.10421 -0.02585 -0.14252 0.40082 0.27925 0.19763 0.21479 0.18315 0.44206 0.22002 -0.30273 0.15177 -0.24485 0.24344 0.15248 -0.42675 0.07970 0.02798 -0.07809 0.15216 -0.34123 -0.32467 0.21844 -0.13810 0.01995 0.11380 -0.03821 -0.33997 -0.15564 0.31140
0.14695 0.16545 -0.34787 -0.18730 -0.20770 -0.27005 -0.31966 0.39042 0.25878 0.05267 0.00512 -0.17208 -0.19290 -0.20587 -0.10137 0.17452 0.16745 -0.42549 0.48294 -0.30563 -0.08965 0.02480 0.33357 -0.16811 0.28871 -0.22897 0.50424 -0.32437 0.29131 -0.41878 -0.12242 0.26486 -0.35305 -0.22236 0.10311 -0.37042 0.29378 0.30460 0.10445 0.02621
0.08566 -0.22468 0.10681 0.31904 -0.01942 -0.08288 0.26766 -0.43172 -0.09622 0.08626 0.09258 -0.25615 0.37609 -0.25041 0.26473 0.27672 -0.12795 -0.30182 -0.07807 0.34768 0.03152 -0.18605 -0.34059 -0.03631 -0.11907 0.32371 -0.22388 0.29809 -0.02914 -0.05800 0.35721 0.13387 0.15959 -0.25949 0.00847 -0.34646 0.39488 -0.44030 0.06030 0.02038
0.36902 0.06831 -0.18050 0.38025 -0.00095 -0.31174 0.22837 -0.37900 -0.23205 -0.39676 -0.19161 0.27549 -0.17992 0.20220 0.16193 -0.06295 0.17455 0.18517 0.12755 0.18621 0.35965 0.38439 0.16786 -0.20334 0.35997 0.01368 -0.28943 0.31748 -0.02865 0.26557 0.27149 -0.04050 -0.21224 0.09787 -0.35155 -0.09586 0.22369 -0.04493 -0.00535 0.30685
0.03762 0.34089 0.10595 -0.26578 -0.38499 0.00833 0.42726 -0.24703 -0.13380 -0.23391 0.33418 -0.40858 0.08617 0.26920 0.45004 0.32551 -0.19480 -0.45378 0.33866 -0.40472 0.12143 0.28217 -0.09820 0.31902 0.02167 -0.17939 -0.07953 0.10841 -0.42801 -0.26478 -0.34805 0.32352 -0.35098 0.28377 -0.37307 -0.24520 -0.06712 0.27026 -0.04157 -0.07238
-0.09331 -0.45282 -0.05199 0.16654 -0.34069 -0.13939 -0.17329 0.38570 -0.03501 -0.00131 0.07851 0.06075 0.21167 -0.15447 -0.24257 0.26365 0.42730 -0.12522 -0.05478 -0.16646 0.21364 0.46692 -0.01849 -0.12846 0.12098 0.38124 0.38849 -0.10583 -0.27036 0.33550 0.04733 0.27523 0.37550 0.27597 0.35918 0.28675 -0.34704 -0.18966 -0.10032 0.37699
-0.14508 -0.19677 0.24516 -0.07417 -0.08134 0.00352 -0.11914 0.14153 0.22767 0.33542 0.13390 -0.00660 0.28432 -0.17031 0.16014 0.09145 0.28561 -0.17047 -0.08510 0.10157 -0.18182 -0.21940 0.10325 0.19329 -0.19198 -0.12408 -0.28493 -0.42246 -0.12565 -0.16676 0.20134 0.08844 -0.18401 -0.15181 0.09531 0.38024 0.34328 -0.15444 0.01885 -0.11234
0.14795 0.11664 0.18126 -0.00952 0.02001 0.22330 -0.44781 -0.41840 -0.02149 0.38588 0.16361 -0.00549 0.22752 0.36396 0.02211 0.26838 -0.15459 0.15771 -0.24581 -0.17887 0.35659 0.24981 -0.03401 -0.22924 0.00874 -0.36821 0.18165 0.29829 -0.07255 -0.20158 0.02066 0.17524 0.25040 0.06542 0.31329 0.25641 -0.14972 0.32055 0.19214 0.40221
-0.17910 -0.06097 0.20844 0.06786 -0.25847 0.21844 -0.05226 0.03309 -0.33346 -0.27239 0.10372 0.30268 -0.30883 0.03388 -0.13452 0.06169 -0.05323 0.14144 -0.29929 0.18293 0.06499 -0.22572 0.16151 0.31572 -0.09818 0.24220 0.25026 0.31048 0.15377 -0.26177 -0.29303 -0.11576 -0.28699 -0.14075 0.03192 0.11090 0.19751 -0.05812 0.16737 0.29501
-0.28692 0.05853 -0.36745 -0.20780 0.12780 0.02216 0.21956 -0.14285 0.37855 -0.23026 0.11977 -0.18690 0.30304 -0.13968 -0.02278 0.08452 0.37315 0.27095 -0.28915 0.28080 -0.26847 -0.32775 0.49101 0.15929 -0.04202 0.19611 0.25299 -0.23962 0.12215 -0.14369 0.10564 -0.21164 0.43326 -0.23621 -0.10301 0.20310 0.00457 -0.17202 -0.12905 -0.31826
0.39105 -0.31851 0.00747 0.18210 0.26478 0.31141 0.03894 0.04160 -0.10298 -0.09644 -0.11881 0.15524 0.05297 -0.04986 -0.25485 -0.05187 -0.20736 0.16483 -0.01237 -0.02776 0.42082 -0.25508 0.26445 -0.26701 0.14570 -0.05593 -0.23878 -0.17491 -0.02180 0.11500 0.08153 -0.25567 -0.08587 0.08189 -0.13851 0.00079 -0.21770 -0.18915 0.03219 -0.00886
-0.25076 0.41200 -0.02187 0.14926 -0.07255 0.05973 -0.29205 0.00374 -0.04956 -0.36386 -0.04764 -0.07301 0.28866 -0.13789 0.34933 -0.40424 0.18884 0.27352 0.33635 -0.31932 -0.09421 -0.30132 0.12737 0.00473 -0.28714 0.36403 -0.17221 0.25802 0.28794 -0.17071 0.07521 -0.19979 0.32774 0.23066 -0.28274 0.04029 -0.08691 0.39629 0.05138 -0.09360
0.08737 -0.10169 0.20141 0.05155 -0.28210 -0.25734 -0.30875 -0.13200 0.41183 -0.24020 -0.05518 0.08377 -0.30531 -0.15411 0.37501 0.36360 0.45664 0.33301 0.37910 -0.40660 0.30985 -0.04792 0.00584 -0.23443 0.03615 -0.36472 0.16660 0.12746 0.05864 0.07186 0.45718 -0.06157 -0.37230 -0.08489 -0.20971 0.32176 0.30116 -0.23669 -0.28381 -0.02029
0.19180 0.29950 -0.12990 0.37288 -0.11440 0.12726 -0.06054 0.10139 0.13133 0.19885 -0.26683 -0.27080 -0.09828 -0.28177 0.01774 -0.29944 0.27307 -0.12770 0.05654 0.24792 -0.26653 -0.34314 -0.20908 0.04587 0.10767 -0.04036 0.19830 0.04276 0.21280 -0.32135 0.02015 -0.32382 -0.01499 -0.32157 -0.21268 0.21815 0.13021 0.17218 0.24063 -0.01959
-0.09740 -0.16572 -0.17436 -0.12311 -0.31568 -0.01721 0.08055 -0.10766 -0.19495 -0.00462 -0.33021 -0.11796 0.01973 -0.20194 0.21896 -0.21862 0.00650 0.01352 0.08633 0.27146 0.16126 -0.03257 0.12911 -0.24783 0.42849 -0.21757 0.18474 -0.11503 0.28815 0.04420 -0.24645 -0.30842 0.00518 -0.27718 0.12325 -0.19620 0.22787 -0.01723 0.00451 -0.02627
-0.21382 -0.26159 0.05954 -0.03249 0.18028 -0.20579 -0.17994 -0.26356 0.20219 0.20104 0.05593 -0.07800 0.22255 -0.19267 -0.11269 0.03408 0.08839 -0.38616 -0.18173 -0.00690 -0.22211 0.00918 0.23151 -0.21159 -0.27151 0.05219 -0.16283 -0.45982 -0.31303 -0.28023 -0.05462 0.11573 -0.10142 -0.20996 -0.11394 0.29174 0.48779 -0.13788 0.19282 -0.30121
0.04149 0.54826 0.13009 0.37175 0.14820 0.24349 -0.13676 -0.42229 0.09690 -0.35646 0.20957 -0.08185 -0.16809 -0.28064 0.19149 0.26616 0.13410 -0.38469 -0.31934 -0.39059 0.02178 -0.02819 -0.17282 -0.06159 -0.44763 -0.31620 0.41901 0.07388 -0.13953 0.00449 0.13306 0.09650 0.06956 -0.02136 0.14867 -0.00817 -0.30676 0.31380 0.45330 0.38708
0.16259 0.22271 0.09400 -0.36155 -0.13867 -0.09448 -0.02902 0.27538 0.14722 -0.03318 0.25341 -0.15729 0.08237 -0.22983 -0.01029 -0.12034 0.17357 0.43473 -0.23924 -0.34237 0.19118 0.33819 0.17968 -0.24076 -0.26118 -0.10570 -0.21697 -0.07113 -0.10123 -0.05225 0.14495 -0.34656 0.26990 0.40851 0.22728 0.15838 0.41403 0.28445 0.04941 0.27484
0.02474 -0.08940 -0.03639 0.29765 0.07992 0.06656 -0.44576 0.13474 -0.12769 -0.22126 -0.15039 0.33179 0.43407 -0.36377 -0.28467 0.15260 0.12399 0.45690 -0.38214 0.08849 -0.14120 -0.05829 -0.29089 -0.01337 -0.43232 0.28634 0.37908 -0.25015 0.36017 -0.08733 0.34429 -0.28680 -0.34802 -0.21060 0.35677 -0.15334 0.11871 -0.36103 -0.20484 0.02043
-0.00159 -0.32891 -0.02648 0.16590 0.42894 -0.07630 -0.13639 0.34587 0.30773 0.40595 0.24784 0.29614 -0.43299 0.38317 0.31181 0.05893 0.06863 -0.20334 0.46517 -0.33168 -0.43985 0.10481 0.04010 -0.12732 0.08118 -0.17317 -0.27014 0.40106 0.41608 0.06772 -0.24844 -0.26194 -0.06760 0.29375 -0.11122 -0.24192 -0.40614 -0.15378 -0.15718 -0.00542
0.05433 -0.28067 0.04298 -0.19627 -0.07411 0.16879 -0.43371 -0.40067 0.42161 0.11462 -0.27566 -0.10326 0.13750 -0.03353 -0.23322 0.17880 0.44468 0.35154 -0.26054 -0.25068 0.15265 -0.45480 -0.14379 0.44080 0.42221 -0.47911 0.03110 0.36287 0.13945 0.31368 -0.47185 0.03390 0.28652 0.11967 -0.42893 -0.07143 0.14051 -0.14026 -0.31200 -0.39263
0.28283 -0.06547 0.06893 -0.09732 -0.16248 -0.02288 0.02610 -0.15079 0.01638 0.04178 -0.07560 0.28191 0.17052 0.21766 0.33675 -0.17037 -0.33465 0.02356 -0.12160 0.32594 0.25058 -0.25424 0.19045 0.18852 -0.20012 0.30056 -0.11207 0.18410 -0.08478 0.21144 -0.31764 0.16215 0.25385 0.04324 -0.00226 -0.26999 0.03061 0.02682 0.09836 0.09259
0.22663 0.08931 -0.21076 0.43059 0.41135 -0.00830 0.17213 -0.40221 -0.41727 -0.16840 -0.31596 -0.33518 0.31625 -0.02274 -0.22312 0.27317 0.41589 -0.24327 0.13426 0.41369 -0.46446 0.15764 -0.27310 0.44350 -0.36119 0.08077 0.32760 -0.16003 0.26330 -0.38956 0.17287 -0.01837 0.18828 -0.43853 -0.34775 0.18355 0.12138 0.34211 0.09384 -0.25174
0.31799 -0.34224 0.02660 0.18682 0.16823 0.06786 -0.41566 0.18993 -0.15849 0.25393 -0.34517 0.36676 -0.27275 0.34134 0.07824 -0.09186 -0.28079 0.15502 -0.02931 -0.02010 0.43500 -0.35152 0.12690 0.23528 -0.03499 -0.11249 0.29473 -0.27456 -0.16397 -0.25126 -0.25183 0.10653 0.05108 0.06533 -0.08962 -0.00515 0.32165 -0.07695 0.19613 -0.30882
-0.12705 0.25658 0.21902 -0.30780 -0.07630 0.28544 0.40393 0.21846 -0.13687 -0.08709 0.38501 -0.21383 0.28392 0.17093 -0.39035 0.47550 -0.23704 0.09177 0.09107 -0.34707 -0.25380 0.22477 0.05862 -0.07614 -0.16783 0.14237 -0.05170 0.04216 0.18012 -0.30298 0.23778 0.18187 0.15500 0.28696 -0.38604 -0.17067 0.32620 -0.01652 -0.00987 -0.15849
-0.12689 -0.04348 -0.08719 0.02904 -0.16700 0.22791 0.30663 0.04818 -0.04790 0.10959 0.28622 -0.33336 -0.16735 -0.02389 -0.14055 -0.21057 -0.26554 0.11163 0.06204 -0.24739 0.26175 0.26016 0.02037 -0.25055 0.00532 0.28624 0.31801 0.07456 -0.30713 -0.35501 -0.30119 -0.04415 0.05283 0.13683 -0.13810 -0.18309 0.03119 -0.34148 0.04100 0.19072
-0.16161 0.26061 0.29464 -0.04594 0.46455 0.11371 -0.02923 -0.27799 -0.16223 0.12440 -0.25111 0.30124 0.19508 0.49427 0.07734 -0.29579 -0.37186 -0.03016 0.29016 0.37108 0.31913 -0.42515 -0.09935 0.41386 0.38274 0.23166 -0.45570 -0.21339 -0.42511 0.35760 0.33606 -0.25618 -0.43121 -0.14712 0.07243 0.12535 -0.24543 -0.37168 0.32939 -0.44477
0.29891 0.44396 0.32711 -0.38246 0.13304 -0.07219 -0.01782 0.41645 -0.29905 -0.04151 0.13298 0.14900 -0.15561 -0.08718 -0.19746 -0.08794 0.01180 0.11771 0.44431 -0.42680 -0.28521 0.36399 -0.44162 0.29384 0.48190 -0.05842 0.31738 0.36461 -0.30686 0.38201 0.14150 0.31745 -0.11640 0.26740 -0.34703 -0.40826 -0.29148 0.25147 0.27086 0.09363
0.15422 0.06241 -0.18542 0.34010 -0.34292 0.03936 0.44105 -0.23934 -0.27276 0.00904 -0.04823 -0.17978 -0.02399 0.31261 0.01311 -0.00262 -0.13685 0.23830 -0.07377 0.27813 0.00258 0.35033 0.15916 0.36622 0.29673 0.05093 0.02193 0.22411 -0.24308 0.35888 -0.17723 -0.38183 0.02268 0.34865 -0.00387 0.10232 0.42476 0.32991 -0.30731 0.20585
0.10147 -0.04974 0.30790 0.05206 -0.32694 0.23986 -0.01648 0.12520 -0.06053 -0.23470 0.30006 -0.00635 -0.17325 0.07470 0.03546 0.29857 0.16046 -0.28097 -0.06599 0.30276 -0.11619 0.34996 -0.36644 0.15313 0.26736 -0.11133 0.47038 0.04820 -0.39648 0.01939 0.13753 -0.28172 0.11905 -0.21490 -0.28248 -0.24135 -0.47700 0.02697 0.16348 -0.07514
0.38836 0.35547 -0.08403 0.35780 0.10604 0.32703 0.18300 -0.13591 -0.42911 0.11152 -0.44813 0.23402 -0.20132 0.21794 0.22491 -0.18951 0.05060 -0.30053 -0.25170 -0.25577 0.22987 -0.19509 0.00614 -0.09430 0.05382 -0.39953 -0.14195 -0.02428 0.31541 0.03239 0.17959 0.15869 -0.30284 -0.22689 -0.06134 0.13739 0.34216 0.32901 0.32543 0.02330
-0.35579 0.07240 0.13576 -0.31401 -0.27161 -0.26811 -0.39029 -0.02529 -0.24804 0.35945 -0.29347 -0.29369 -0.11490 -0.21117 -0.23087 -0.18563 -0.02340 -0.37912 0.03991 -0.36317 0.00310 -0.05263 -0.01017 -0.23923 -0.16220 0.16779 0.14674 -0.02536 0.25792 0.18357 -0.30569 0.22721 -0.37770 -0.22816 -0.02666 0.19308 -0.12360 -0.21895 -0.07393 -0.25321
-0.13074 -0.08303 0.23091 0.00508 -0.34845 0.00609 0.03903 0.33952 -0.31161 0.33997 0.09646 -0.12096 -0.20324 -0.01314 -0.46017 -0.00614 0.08249 -0.19317 -0.06834 0.23110 -0.06829 0.13645 -0.42414 -0.07941 -0.02123 0.20173 -0.01860 0.21267 0.17303 -0.15566 0.07163 -0.02205 0.33944 -0.15247 -0.11733 -0.01218 0.31421 0.44879 0.00440 -0.12827
0.16788 0.27517 -0.17801 0.34960 0.35480 -0.17158 -0.05282 0.24821 -0.02094 0.13216 -0.00332 0.30085 0.09155 0.21419 0.17459 -0.07395 -0.10844 0.42748 0.05940 0.28549 0.02043 0.30699 0.22839 -0.04207 -0.26393 0.34983 0.36715 0.43605 0.25082 -0.02649 0.08633 -0.18652 0.02446 0.15726 -0.31818 0.05696 -0.00063 -0.29956 -0.02744 -0.39135
0.04851 0.38698 -0.40420 0.04532 -0.14309 -0.15350 0.06395 -0.21630 0.23358 0.23460 0.33773 0.41845 0.01318 0.09711 0.01868 -0.12472 0.32750 0.33168 0.29061 -0.32097 -0.24509 0.29812 -0.02875 0.16083 -0.36920 0.28459 0.10970 -0.36192 -0.18619 -0.01520 0.13682 -0.05626 -0.17226 -0.18178 0.28964 0.00282 0.27115 0.00668 0.29652 0.38609
0.17139 0.19811 0.01434 -0.22454 -0.13856 0.23918 -0.36005 -0.15420 -0.34519 0.13745 0.00655 -0.28078 -0.22295 0.27462 -0.28676 -0.34883 -0.26056 0.22194 -0.23709 0.37468 0.30163 0.22017 -0.40078 0.11345 -0.21268 0.00054 0.31587 0.33014 0.02309 -0.11286 0.00445 0.03105 0.10307 0.12753 -0.04250 -0.23069 0.35589 0.13031 0.03753 0.13537
-0.36212 0.21405 -0.01505 0.31416 0.38474 -0.37563 0.31563 0.13764 -0.43442 0.01524 -0.35441 -0.04024 0.17397 -0.36633 0.05902 -0.26338 0.05408 -0.37072 0.22236 -0.28394 -0.43256 0.12696 -0.44656 -0.31368 -0.39157 0.14672 -0.07367 0.34865 -0.02031 -0.21291 0.06151 0.00342 -0.36225 -0.27275 -0.22477 0.13629 0.33601 0.37498 -0.19222 0.26287
0.06693 -0.41373 -0.40657 0.11503 0.26333 0.08921 0.21972 0.11476 0.29789 0.50598 0.39094 -0.16949 -0.23105 0.16897 0.25255 0.24526 0.08196 0.20542 0.15930 0.27083 -0.14033 -0.15531 -0.17669 -0.06469 0.17164 0.28230 0.04804 -0.01527 0.15811 0.29227 -0.10219 0.09481 -0.08219 0.01655 -0.07787 -0.08347 -0.22996 0.31830 0.16499 -0.11063
0.07346 -0.24847 0.17900 0.36200 -0.06499 0.29236 0.25029 0.17492 -0.13281 0.31897 -0.15999 0.19624 0.01358 0.05508 -0.10356 0.01053 0.29174 0.12390 -0.37012 -0.29274 0.29366 -0.19022 0.08066 0.01372 -0.32001 -0.37857 0.08116 0.35033 -0.35331 -0.27238 -0.02547 -0.18973 -0.25601 -0.13950 -0.02988 -0.00051 -0.20593 -0.40614 -0.01517 0.20526
0.22445 0.29133 -0.06102 0.25214 0.42517 -0.02519 -0.10238 -0.20140 -0.20590 -0.19154 0.12251 -0.13320 -0.12848 0.07271 0.11046 0.31313 0.09297 -0.17309 0.27286 0.01699 -0.32646 -0.02578 -0.04627 0.13917 0.15943 -0.27536 -0.35956 -0.22112 0.11828 -0.08484 0.34190 -0.07927 -0.22528 -0.47116 0.35012 0.24388 -0.14986 0.14632 -0.30188 -0.09309
0.24736 0.41364 -0.13040 -0.36409 0.22931 0.14839 0.21368 0.04215 -0.06185 -0.24082 -0.12040 0.07734 0.15959 0.14282 -0.19568 0.31679 -0.37415 -0.19586 -0.31042 0.35006 0.29106 -0.12599 0.35994 -0.05443 -0.15251 0.11992 -0.25584 0.28691 0.34522 -0.11274 0.43157 0.17174 -0.23580 0.06956 -0.02990 -0.10468 0.30433 0.11429 0.23054 0.24396
0.15537 -0.33714 -0.16987 0.03460 -0.36193 -0.19174 0.22764 -0.28306 -0.15821 -0.30351 0.10449 0.07681 0.32324 0.41115 0.17208 -0.14278 0.22959 -0.18801 -0.34927 -0.11303 0.12359 0.03019 -0.17606 -0.34201 -0.16921 0.24805 0.04552 0.02674 -0.19926 0.16822 -0.25559 -0.16001 -0.06041 0.00076 -0.21242 -0.28721 -0.19507 -0.29062 0.02616 0.20467
-0.03576 -0.29309 -0.15053 -0.16140 0.00577 0.09528 0.15084 -0.25634 0.24123 0.06808 0.22177 0.01064 0.18443 0.04882 0.44182 0.19323 0.45165 -0.09499 -0.09513 -0.18504 -0.18803 0.28241 -0.05746 -0.15378 0.27014 0.25949 0.16799 -0.19261 -0.28807 0.00347 -0.02438 -0.14683 -0.28335 0.39763 0.32031 0.24355 -0.05082 -0.08540 -0.17432 -0.03937
0.21804 0.19458 0.12340 0.27958 0.14708 -0.22722 0.43093 0.02372 0.03394 0.36434 0.31373 0.15121 -0.06680 0.14603 0.09126 0.14402 -0.31449 -0.18631 -0.09516 -0.29547 -0.04208 -0.08555 0.23749 0.20250 0.40824 -0.29138 0.08510 -0.12956 0.09269 -0.05366 -0.28082 -0.09905 0.20856 -0.30771 0.01786 -0.09446 -0.29179 -0.16734 -0.14569 -0.06675
0.04362 -0.12604 0.15003 0.25466 -0.39969 -0.05448 -0.15302 0.17515 0.05955 0.32446 0.03372 -0.10514 0.01780 0.00081 0.07966 -0.00629 -0.39223 -0.09380 0.31151 -0.19748 -0.04806 -0.26473 0.06648 -0.20310 -0.12877 -0.07667 0.04751 -0.28890 0.10735 0.20368 -0.43490 0.25885 -0.18443 -0.17504 0.35347 -0.10907 -0.26310 -0.17359 -0.03266 -0.08030
-0.40980 0.13380 -0.30526 -0.29447 -0.04975 0.11090 -0.33324 -0.25998 -0.33171 0.00401 -0.10088 -0.00314 -0.28792 -0.43238 0.05302 -0.44540 0.19994 0.16762 -0.06753 0.18281 0.14636 0.18391 -0.00049 0.30143 -0.40440 -0.17259 -0.30243 -0.43437 0.15378 0.36749 0.22134 -0.31195 0.15030 -0.26931 -0.37939 0.15832 -0.05869 0.03217 -0.10203 0.28779
-0.34956 0.05774 -0.21704 0.17591 -0.05800 -0.25983 0.28642 0.36298 0.01522 0.01037 0.24940 -0.21498 0.33208 0.23425 0.22855 0.26811 0.37634 0.07211 -0.12766 -0.22710 0.29368 0.34420 0.02059 0.34632 0.38087 0.12030 -0.42139 -0.03555 -0.29013 -0.14334 -0.25673 -0.39487 0.20103 -0.07948 -0.44099 0.17949 0.13686 -0.00223 0.13453 0.07111
-0.27558 -0.29996 0.13307 -0.04827 -0.07058 -0.21832 -0.06410 -0.08614 0.07167 -0.00582 -0.16698 0.04161 -0.13407 0.18193 -0.26182 -0.10070 0.06122 -0.35191 -0.17064 -0.33566 -0.18843 -0.22082 0.04998 -0.04881 0.36088 0.27917 -0.29197 0.15008 0.14079 -0.05263 0.20574 -0.26266 -0.07949 -0.13995 0.18269 -0.06017 -0.32717 -0.43445 -0.11720 -0.22284
0.19654 0.40584 0.02242 -0.37383 0.38578 -0.24371 0.02259 0.09986 0.21747 0.17932 -0.35615 -0.08623 0.23974 -0.09731 -0.42329 0.02658 -0.09707 0.21754 -0.18346 -0.32704 0.27589 0.12883 -0.13928 -0.07813 -0.12980 0.17339 0.07489 -0.07723 -0.18085 -0.21786 0.23480 0.17430 -0.34254 -0.04729 0.14294 -0.02609 0.17091 -0.16933 0.19403 -0.18040
-0.01284 0.05434 -0.13361 -0.26111 -0.30668 0.11223 -0.22803 0.37709 0.35085 -0.20677 -0.20566 0.23825 -0.26769 0.28651 -0.14198 0.02590 -0.18517 -0.40716 -0.11028 0.02607 -0.31235 0.12777 -0.39923 0.27057 -0.27488 -0.13606 -0.27946 -0.19345 0.11921 -0.21625 0.32806 0.24880 0.00054 0.44680 0.32580 -0.23474 0.06397 0.09203 -0.15919 0.00331
-0.19873 -0.11645 0.41584 0.12996 0.13810 -0.28533 -0.06997 -0.11777 -0.22278 -0.16297 0.28783 0.22641 0.23925 0.42397 -0.12371 -0.28447 0.16555 -0.32037 -0.01840 -0.24317 -0.16903 -0.15312 -0.15529 0.23775 0.24838 0.06551 -0.02761 -0.01370 0.00104 -0.06107 -0.01495 -0.03115 -0.26990 0.15173 -0.24394 -0.12980 0.00099 -0.38344 0.09791 -0.22378
0.12101 0.34754 0.11419 -0.06099 -0.02406 -0.24840 0.14241 0.28766 -0.32972 -0.09016 -0.08367 0.09057 -0.13167 -0.22849 0.00944 -0.19952 0.33803 -0.13583 -0.17525 -0.29870 -0.27087 -0.02830 -0.16620 -0.34115 0.32442 0.11737 0.37833 -0.28405 -0.07644 0.01932 0.24192 0.00222 0.16210 -0.29779 0.28264 -0.10092 -0.05035 0.00353 -0.29941 0.28696
0.17034 -0.36205 -0.47348 0.09436 0.38337 0.07648 -0.06425 0.13230 0.29066 0.39147 0.31363 0.26892 -0.02319 0.19694 -0.17037 0.08866 -0.04019 -0.16097 -0.09309 -0.33422 -0.19529 0.02823 -0.08064 -0.01571 -0.00326 -0.36309 0.33159 0.28416 0.09614 -0.15201 0.08569 -0.23560 -0.06079 -0.15051 0.09212 -0.16849 0.25759 0.07033 0.35548 0.26545
0.31580 -0.41920 0.17946 -0.18861 -0.01560 -0.29622 0.48909 0.07619 0.31931 0.01136 -0.25849 -0.17536 0.13999 -0.14446 0.26553 0.15892 -0.00584 0.30692 0.13489 -0.19720 0.06701 0.01776 0.15770 0.26956 -0.29071 0.11938 -0.19999 -0.29600 0.01985 -0.37229 0.33480 0.17483 -0.12535 0.07698 0.10473 0.22381 0.15454 -0.00411 -0.11561 -0.19785
0.20373 -0.03253 -0.07717 -0.21029 0.00058 -0.22976 -0.23704 -0.20154 -0.13350 -0.21411 0.23722 0.01205 0.24332 -0.23148 0.02439 0.35742 -0.11946 -0.32323 -0.26301 -0.03238 0.35932 0.12041 0.02175 -0.23945 0.09272 0.42285 0.31574 -0.11196 -0.10775 -0.11028 0.15948 0.31409 -0.07648 0.14998 0.21570 0.27059 0.17334 -0.18698 -0.12793 0.24448
0.33566 0.07281 -0.25749 -0.05340 -0.16051 -0.26211 0.23032 -0.12709 0.31273 0.09615 0.27559 -0.15498 -0.30855 0.23894 -0.36636 -0.17712 -0.04022 -0.24176 -0.28801 -0.15011 0.03361 -0.26416 0.30333 0.16619 0.22994 -0.27777 0.21371 -0.14309 -0.07631 0.05117 0.00819 -0.17127 0.11636 0.26587 -0.26453 -0.19085 0.17206 -0.00768 -0.22251 -0.18020
-0.12699 -0.26764 0.04006 -0.18437 0.26972 0.10081 -0.36340 0.28390 -0.40497 0.09492 0.32629 0.00023 0.23162 0.39975 0.12546 0.25697 0.05626 0.09090 0.36518 0.14753 -0.32778 0.13826 -0.00886 0.20341 0.28118 0.19267 -0.14780 0.15453 -0.27407 0.31103 0.40226 -0.22026 -0.33405 -0.42585 0.11396 -0.08791 0.17279 -0.01113 -0.25050 0.00815
0.17069 -0.24184 -0.16403 0.21167 -0.01331 -0.21865 -0.01248 -0.10634 -0.18553 -0.07502 -0.02026 -0.00413 -0.11115 -0.10702 0.18447 0.11308 0.14598 -0.31153 -0.15367 -0.14109 0.08246 -0.18034 -0.24143 0.16539 -0.18091 -0.15460 -0.27103 -0.01863 0.24111 -0.06910 0.08976 -0.00333 -0.29571 0.40302 0.26017 -0.42811 0.18502 0.05861 -0.14747 0.08758
0.35312 -0.27073 -0.02137 -0.05050 -0.33856 0.35433 0.06847 -0.24711 0.27375 0.20673 -0.35214 -0.24177 0.06028 -0.27470 -0.21997 0.32471 -0.39399 0.07924 0.19125 0.13646 0.17449 -0.07162 -0.45562 0.43930 0.22750 0.28965 -0.21574 0.08882 0.25336 -0.24182 -0.04961 0.44229 0.17224 -0.10969 0.37671 -0.16088 0.10624 0.35588 0.27874 -0.39647
-0.26816 -0.20909 -0.20031 -0.32089 -0.17657 -0.32442 -0.26037 -0.44997 0.17763 -0.16669 -0.12690 -0.01454 -0.21047 -0.03670 0.29367 -0.35483 -0.29288 0.19176 0.27238 -0.29772 0.00350 -0.14955 -0.17957 0.42396 -0.17493 0.24742 0.06878 -0.24969 0.25284 -0.09841 0.15357 -0.26531 -0.44568 -0.03339 0.47250 -0.39716 -0.06149 -0.23071 0.17802 -0.14339
-0.34796 -0.20464 -0.21121 0.02025 -0.00559 0.24289 -0.14649 -0.21493 0.32536 -0.14868 -0.17402 0.22539 -0.11168 0.01505 0.23646 0.12458 -0.07119 0.29450 0.20760 0.13396 0.10398 -0.37288 0.00564 -0.21668 -0.05732 0.02319 0.31979 -0.18223 0.16030 -0.02045 0.25116 -0.03411 -0.05520 0.34337 0.04049 -0.32449 0.13922 0.10712 0.11200 -0.07167
-0.12196 0.22646 -0.18346 0.31536 -0.25896 0.10302 0.01548 0.44308 -0.12358 -0.37039 0.00993 -0.21835 -0.19982 -0.19690 -0.37626 -0.30788 0.13582 -0.10528 0.02926 0.11797 0.25354 -0.20343 0.08144 -0.22026 -0.04052 0.00839 -0.10567 0.30215 0.01883 0.05572 -0.33061 0.04760 -0.46740 0.11055 -0.14474 0.14422 0.00834 0.25770 0.32433 0.05616
0.45577 -0.09149 0.15905 -0.15950 0.32203 0.13476 0.09010 -0.29903 0.28332 0.07558 -0.12945 -0.24939 0.04510 0.34475 -0.01344 -0.14730 0.25007 -0.30580 0.40361 -0.30930 0.23697 -0.17524 -0.28660 0.09220 0.33955 0.03556 -0.09675 0.31505 0.03434 -0.09412 -0.31046 0.03561 -0.21703 -0.18044 -0.21077 -0.28332 -0.44202 0.18692 -0.17528 0.30136
0.23072 0.35332 0.34815 0.29527 -0.23150 -0.04342 -0.12668 -0.37085 0.33616 0.28629 -0.35492 -0.19742 0.34667 0.12106 -0.15269 0.18099 -0.04109 0.30805 0.02266 -0.23242 -0.18340 0.33127 0.22510 0.00716 -0.06451 0.05986 -0.07723 -0.05307 -0.06801 -0.17831 0.27074 -0.09690 0.27644 0.33956 0.03409 0.30114 -0.25873 0.30704 -0.32692 0.07082
-0.02933 0.23767 -0.35436 -0.09874 0.30312 -0.18727 -0.39130 0.39924 0.17634 0.00423 -0.10785 -0.39756 -0.32420 -0.34435 -0.35171 0.39947 -0.02729 0.32330 0.17988 -0.07072 0.06655 -0.18086 0.33630 -0.31644 0.06907 -0.41616 -0.27139 -0.12084 0.08483 0.04719 0.09582 0.09553 0.04758 -0.11368 0.25250 0.37368 -0.41500 0.40627 0.13318 0.32991
-0.12942 -0.08456 -0.17357 0.17510 0.12685 -0.16882 -0.11622 0.29224 0.08149 -0.01421 0.27233 -0.10247 0.10584 -0.08072 -0.01857 -0.31075 0.02515 -0.05220 -0.06634 0.11038 0.09999 0.04115 0.28554 -0.03465 0.11413 0.24968 0.06699 -0.01145 -0.25779 0.37811 -0.19454 0.04656 -0.21670 0.10350 -0.08115 0.27003 0.26254 0.08041 0.40092 0.14708
0.09117 0.13750 -0.39478 0.26896 -0.26399 0.12398 -0.37948 -0.16965 0.25191 0.14923 -0.02951 0.24154 0.39715 0.21672 -0.20633 0.11849 -0.05910 0.12211 0.21995 0.33840 0.02338 0.33479 -0.28684 0.03939 0.00653 -0.04166 -0.00772 -0.13809 -0.06227 0.22593 -0.16757 0.31027 0.11456 -0.13800 -0.20480 -0.27273 0.33656 -0.25956 0.19179 -0.13425
0.10441 0.26481 0.21810 0.22473 -0.11857 -0.04764 -0.29603 0.05620 0.18241 0.25620 -0.35173 0.25407 -0.03486 -0.31631 0.05348 -0.08262 -0.35036 -0.39298 -0.18924 0.24833 -0.24445 -0.26319 -0.27630 -0.06422 0.19223 -0.30453 0.10212 0.06456 0.27279 -0.04603 -0.11696 -0.08635 -0.02610 0.44494 0.15551 0.14509 0.13739 -0.32885 0.04486 -0.21149
0.07275 -0.36664 0.14421 0.01716 -0.10016 0.23174 0.30066 0.22355 -0.12060 0.03274 -0.40590 -0.27047 -0.00616 0.32317 -0.01273 0.15157 -0.36805 -0.24691 0.40987 -0.04696 -0.36080 -0.32734 0.04709 -0.15206 0.26827 -0.09207 -0.12753 0.15184 0.09438 -0.32621 -0.02282 0.12231 0.32164 -0.20956 -0.20340 0.37347 -0.25691 -0.13476 0.14328 -0.38527
-0.15302 -0.05627 -0.37674 0.30044 0.07117 0.29346 -0.00758 0.10706 -0.01289 0.37690 0.07120 -0.19618 -0.39352 -0.43466 -0.14470 0.31173 -0.23761 -0.01583 0.00914 0.02375 0.22583 0.15393 -0.25268 0.10674 0.00139 0.41694 0.30010 0.16128 -0.04153 0.14712 0.05053 0.15018 -0.06106 -0.21231 -0.34293 -0.06583 -0.01682 0.40775 -0.41654 0.16287
0.15803 -0.23586 -0.18207 0.07747 -0.14969 -0.07810 -0.31841 -0.17220 -0.04135 -0.21128 -0.12718 -0.11833 0.04654 -0.43140 -0.11568 0.11234 -0.12579 0.24027 0.08319 -0.25802 0.19200 0.17360 -0.03838 -0.27061 0.14075 -0.13511 0.05520 0.19201 0.00907 0.26401 0.15158 -0.18164 0.28286 -0.18725 -0.02527 -0.00426 -0.31401 -0.03588 -0.03958 0.14026
-0.34682 0.15080 -0.17609 0.25944 -0.26865 -0.24779 0.01958 -0.34546 0.18969 0.22902 0.17604 0.08349 0.39373 0.24808 0.06514 -0.22572 -0.15929 -0.35391 0.08905 0.05453 0.06792 -0.43453 0.43236 0.35059 -0.22334 -0.21257 -0.45353 -0.11176 -0.27242 0.28753 -0.24180 0.12675 0.05732 -0.12225 -0.22147 -0.27922 0.12603 0.01451 -0.09507 0.28360
-0.08508 -0.41387 0.44771 -0.21990 0.33297 -0.10441 -0.38705 0.11597 -0.20696 -0.05469 0.21132 -0.08243 -0.15996 -0.19091 -0.36038 0.27355 0.37256 0.22780 -0.02382 -0.04840 -0.22538 0.08572 -0.09079 -0.19875 0.26740 -0.06036 -0.37591 0.18236 0.09494 -0.12230 0.14952 0.38074 0.08196 -0.02465 0.25240 -0.07562 -0.05934 0.29804 0.12026 -0.06610
0.12013 0.15366 -0.08001 0.45605 0.45614 -0.29604 -0.21579 -0.08400 0.32211 0.03860 0.04274 0.27099 -0.00580 0.24970 -0.19641 -0.09510 0.31884 0.11778 0.37478 -0.06651 -0.33633 0.30658 -0.34420 -0.19104 0.05848 0.33277 0.25484 -0.08730 0.24306 -0.02346 0.23583 0.39405 0.47864 0.31678 0.17615 0.38592 0.26526 0.38217 -0.08898 0.18094
-0.29746 -0.12752 0.01715 -0.20158 0.40375 -0.05558 -0.40456 -0.40593 -0.14660 -0.05837 0.38510 -0.16194 -0.33408 0.16120 0.47939 0.07809 -0.11784 -0.18078 0.24449 -0.12799 0.30452 -0.08468 -0.44971 0.07503 0.14774 0.13800 0.28244 -0.29132 0.29106 -0.08566 0.12895 -0.32971 -0.17439 -0.16416 -0.09762 0.30094 -0.37626 -0.03152 0.15320 0.22018
0.21704 -0.11625 0.03146 0.08041 -0.06883 -0.25440 -0.32268 -0.06970 -0.23671 0.24865 -0.00868 -0.24051 -0.01533 -0.17240 -0.31668 -0.13485 0.18341 0.18593 0.28087 -0.05581 0.19525 0.14724 -0.24305 0.17403 0.05894 -0.24540 0.16689 -0.18401 -0.03660 0.04732 0.00044 -0.20847 0.16202 0.11337 0.09365 -0.21559 0.08410 -0.03810 0.36488 0.06387
-0.08200 -0.13077 -0.15057 -0.17506 0.31365 -0.13253 -0.20178 0.26448 0.24276 -0.27057 -0.19168 -0.29532 0.15603 0.18691 -0.04902 0.38384 -0.22137 -0.47010 -0.08208 -0.26217 0.22936 0.39336 -0.16490 -0.44565 -0.31279 0.24847 0.27018 0.27462 0.26754 0.28656 -0.19169 0.41309 0.27389 0.31977 0.15212 -0.00974 -0.04445 -0.28096 -0.18974 0.26991
-0.34264 0.32016 -0.36342 -0.26246 0.14428 0.16965 0.28819 -0.00223 0.17983 0.07307 -0.39047 0.42552 -0.05841 -0.21008 0.37492 -0.08429 0.39835 0.26866 -0.37539 -0.28989 -0.30738 0.24737 -0.06371 -0.03895 0.27029 0.17950 -0.31077 0.35330 -0.11769 0.27552 -0.00568 0.28254 0.06241 -0.08470 -0.08354 -0.11530 -0.03813 -0.23609 -0.33276 -0.32766
-0.18936 0.18167 -0.01210 -0.27408 0.09140 -0.03997 0.13579 0.38521 0.19097 -0.20031 -0.27242 -0.12672 -0.16191 -0.17953 -0.36729 0.09230 0.24473 -0.05281 0.21625 -0.06817 -0.13173 0.25717 0.27904 -0.09896 0.13602 -0.15473 -0.25502 0.36867 0.07031 0.12328 -0.20254 0.34814 -0.10582 0.14590 -0.23207 -0.16304 -0.33775 -0.09789 0.25662 0.12252
-0.39867 0.13078 0.41432 -0.01750 -0.17544 -0.09216 0.31660 0.05763 0.33097 -0.17102 0.14210 -0.13293 -0.28631 -0.03709 -0.05306 -0.32324 0.35760 0.25535 -0.22319 -0.08888 0.15058 0.22365 -0.28675 -0.26060 0.19946 -0.00533 0.07829 0.27433 -0.14024 0.33138 0.01011 0.21889 0.13404 -0.06260 -0.38028 -0.04792 -0.30109 -0.21080 0.36923 0.37049
-0.15069 0.01348 -0.21689 -0.42838 0.43080 -0.18338 0.42251 -0.37564 0.18485 -0.39947 0.36800 -0.15210 0.14526 0.28692 -0.07767 0.30089 -0.33082 0.07109 0.03233 -0.35565 0.31810 -0.13018 0.08751 -0.07909 -0.02219 -0.33242 0.15275 0.11321 -0.04500 -0.08577 -0.10389 0.09905 -0.33146 0.22625 -0.02778 -0.13348 -0.12498 0.36888 0.32134 -0.40698
0.35432 0.28857 0.38544 -0.15408 -0.20618 0.09793 -0.32554 0.13079 -0.23680 0.13845 -0.04679 -0.39697 0.37335 0.12561 0.38563 -0.22065 -0.08057 0.20239 -0.32782 0.09827 0.06896 0.25627 -0.17254 0.27504 -0.18537 -0.22971 -0.28787 -0.21104 -0.12655 -0.06066 0.10417 0.08348 -0.09102 0.25862 -0.31858 0.11945 0.11343 -0.14517 0.05841 -0.33914
-0.12905 -0.38758 -0.08484 -0.26370 0.04398 -0.04814 0.05642 -0.33729 0.16435 -0.07363 0.15123 0.25544 -0.20445 -0.21490 -0.10367 0.09257 0.00692 -0.20690 -0.06456 -0.24698 -0.10655 -0.12818 -0.01339 0.10370 -0.36910 -0.11052 -0.18042 -0.14290 0.15630 -0.10563 0.07595 -0.08876 -0.33498 0.27145 0.29265 -0.37829 -0.00949 -0.00068 0.08512 0.01552
-0.30619 0.06732 -0.17982 -0.33364 -0.29692 0.06902 -0.22115 0.06696 -0.21959 -0.03512 -0.06953 0.07144 -0.32228 0.19214 -0.20667 -0.21112 -0.25684 -0.17690 -0.14449 -0.09857 0.08908 -0.25701 -0.20553 0.05582 -0.11178 -0.20195 -0.16606 -0.12847 0.19841 -0.33046 0.38197 -0.31405 -0.07859 0.01396 0.18250 0.11097 -0.08617 0.13573 -0.22063 0.17680
0.42894 -0.07073 0.02894 -0.24086 0.10657 0.31132 -0.35216 0.26551 0.24497 -0.21531 -0.19046 -0.07054 0.07583 0.05866 0.13554 0.07020 -0.20874 0.06944 -0.35962 0.18663 0.03870 0.32294 -0.25198 0.06965 0.16857 -0.14016 -0.27617 0.08938 0.21553 0.16635 0.22218 -0.21024 0.01196 -0.03805 -0.46460 0.33066 0.32559 -0.02452 0.12039 -0.07523
-0.29815 -0.14742 0.29880 0.23026 -0.00628 0.11898 0.12052 0.34603 0.08687 -0.26499 0.25881 -0.15318 -0.07317 0.08140 0.13617 0.30529 0.08854 -0.19683 -0.06097 0.00463 -0.08178 -0.20363 -0.35149 0.31585 0.08405 0.44945 0.03517 0.39348 -0.01185 0.19323 0.28335 0.12763 -0.26098 0.06898 0.06661 0.29464 0.22009 0.32867 0.09110 0.07332
0.10107 0.00525 -0.29187 0.14402 -0.19790 0.25709 -0.03839 -0.05674 -0.11888 -0.31367 -0.14340 0.06827 0.16366 0.13965 0.35832 0.01472 0.31772 0.31004 -0.25460 -0.22678 0.20102 0.19914 0.15158 -0.29103 0.05107 0.22406 -0.32555 -0.00713 0.15566 -0.16510 0.18187 0.00069 0.32862 0.27107 -0.14319 -0.19947 -0.11805 -0.19497 -0.02689 -0.10574
-0.35983 -0.31780 0.28780 -0.23328 0.41352 -0.22518 0.15200 0.00969 0.01343 -0.28038 0.05582 0.14263 0.02525 0.00775 0.29491 -0.44076 -0.16191 -0.20823 -0.21595 0.17047 -0.05451 0.02805 -0.37444 -0.15324 -0.18431 -0.28013 0.21843 -0.12303 0.11519 -0.29257 -0.29939 0.14824 -0.43449 -0.24155 -0.11371 -0.04412 -0.12386 -0.09936 -0.34771 0.26722
0.14563 0.35725 0.32829 0.18449 0.40015 -0.32756 -0.00691 -0.42038 -0.06541 -0.32057 -0.13918 0.29655 -0.34545 -0.19781 0.23604 -0.29485 0.30494 0.06187 0.22386 0.09346 0.22169 0.07643 0.50481 -0.02855 0.03892 -0.24638 0.49468 0.07355 -0.10740 0.03662 0.21159 0.35654 -0.02291 -0.37094 0.13913 0.35182 -0.37043 0.21568 0.19017 0.00788
0.22162 -0.19072 -0.05054 -0.09096 0.15838 0.05585 0.31073 0.19037 0.19004 -0.24820 0.11244 -0.14966 -0.26483 -0.28068 0.23420 0.24422 -0.26004 -0.38571 -0.28016 0.15645 0.03819 -0.34649 -0.47438 0.12339 0.14687 0.08285 0.12316 0.02861 0.35281 0.08562 -0.18161 0.17243 0.33076 0.25536 -0.07297 -0.29169 -0.35420 0.11574 0.01091 -0.34530
