-0.15006 -0.17174 -0.08495 -0.07457 -0.19299 0.00877 0.03616 -0.05677 -0.01684 -0.08586 -0.12506 0.33614 -0.13566 0.39369 0.14660 0.07069 0.15214 -0.35932 -0.11209 0.02956 0.08490 0.09720 0.17750 0.00355 -0.06503 0.06012 -0.13197 -0.01200 0.07883 0.08885 -0.04765 -0.06905 -0.26726 0.08875 0.06516 0.07492 0.01031 0.19529 -0.27197 0.03799
-0.32419 -0.16842 -0.01503 -0.06594 -0.21702 0.11806 -0.17031 -0.15756 -0.26689 -0.19498 0.00294 0.00907 0.21913 -0.03568 -0.17840 -0.12587 0.03947 -0.19017 -0.08914 0.24722 0.06033 -0.03432 0.03741 -0.08585 0.00164 0.01303 -0.11634 -0.19953 -0.09390 0.16296 0.01696 0.02400 -0.01482 0.25427 -0.01273 -0.00042 -0.15658 0.01701 -0.17811 -0.06233
-0.13276 -0.14198 -0.07215 -0.17254 -0.11451 0.04442 -0.13528 -0.11679 -0.03367 -0.19311 -0.24234 0.40866 -0.03991 0.28729 -0.01284 0.09426 0.04970 -0.21796 -0.00170 0.10574 0.04786 -0.01550 0.04519 0.04885 -0.03627 0.02775 -0.09245 0.12446 0.01039 0.15157 0.02690 -0.04161 -0.30640 0.08739 -0.00485 -0.01004 -0.02419 0.01987 -0.51094 -0.04734
-0.13325 0.01482 0.17160 -0.12482 0.15700 -0.05437 -0.16995 -0.27315 -0.01752 -0.24456 0.00526 0.17362 0.21077 0.11149 -0.07002 -0.09585 0.01518 -0.12601 -0.35940 0.23598 0.24352 0.12747 0.13784 0.01516 0.09976 -0.11702 0.06425 -0.04995 0.17354 0.17153 0.07384 0.05307 -0.05328 0.01676 -0.21968 0.04422 -0.00739 -0.16108 -0.33542 0.21204
0.08655 -0.11063 -0.02168 -0.15842 0.02323 -0.19150 -0.11590 0.17992 -0.17429 -0.14822 0.37316 -0.06315 -0.12348 0.15598 -0.14807 -0.07023 -0.03852 -0.08061 -0.10486 0.18972 -0.30556 -0.04825 -0.07164 0.16540 0.16427 -0.12073 0.18146 -0.02257 0.17522 -0.07630 0.06111 0.09974 0.18329 -0.08414 0.14983 0.16934 0.10377 -0.03649 -0.23084 0.16330
0.09301 0.27281 0.15050 0.04557 -0.28248 0.17648 -0.15077 0.08919 -0.20575 -0.30991 -0.15105 -0.00820 -0.01210 0.06867 -0.05741 -0.13584 0.10304 0.07072 -0.28775 0.22488 -0.08211 -0.17858 -0.19597 -0.03144 0.21062 -0.08978 -0.12324 -0.21081 -0.07960 0.16102 -0.17177 -0.03914 0.08348 0.09730 -0.00664 0.06267 0.01435 0.07721 0.04222 -0.00104
-0.27382 -0.21479 0.02707 -0.10973 -0.14835 0.12299 -0.21648 -0.16537 -0.23152 -0.24565 -0.05425 -0.03621 0.26756 -0.08022 -0.29967 -0.19297 0.09553 -0.12621 -0.09983 0.22589 0.08598 -0.12062 -0.05768 -0.17717 0.02774 0.07042 -0.15197 -0.15163 0.02080 0.08885 -0.12947 -0.00452 -0.02517 0.22413 0.03814 -0.13936 -0.14760 0.03307 -0.11061 -0.13463
0.01871 0.08615 0.15680 -0.07549 0.12620 -0.14416 -0.06604 -0.30382 -0.03676 -0.19086 0.16946 0.08237 0.17788 0.02324 -0.06341 0.06214 -0.03866 -0.03356 -0.37118 0.21706 0.19900 0.09782 0.15995 0.04893 0.08220 -0.10844 0.07636 -0.02557 0.13139 0.14413 0.09564 0.10684 -0.04527 0.01728 -0.18332 0.01610 -0.02239 -0.07765 -0.26795 0.24681
-0.16901 -0.11838 0.00321 -0.05031 0.04466 -0.10486 -0.12371 -0.04546 -0.01484 0.23483 -0.02479 0.09498 0.21235 -0.07605 0.03490 -0.09600 0.14504 0.12310 -0.08685 0.17485 0.01176 -0.01877 0.19010 -0.01183 0.07448 -0.07866 -0.06625 0.06790 0.11160 -0.09697 0.05497 0.11485 -0.15188 0.23999 -0.00243 0.01244 -0.09292 -0.15781 -0.38263 -0.02954
0.02329 0.09609 -0.04616 0.07345 0.09565 -0.04516 0.02142 0.07177 -0.06500 0.08591 0.05021 -0.16276 -0.13080 -0.17258 0.20205 -0.06047 -0.27582 0.03512 -0.03553 -0.25361 0.09221 -0.15009 -0.08946 0.12802 -0.13037 -0.03912 -0.10276 0.07362 -0.00123 -0.25990 0.05663 -0.08557 0.09260 -0.22468 0.07859 0.15066 -0.14058 0.05773 0.31427 -0.05924
0.00580 0.06759 -0.09711 0.00180 0.10612 -0.03238 0.05301 0.03597 -0.13679 0.05585 0.08319 -0.14429 -0.05332 -0.12967 0.06113 0.08279 -0.15940 0.23134 0.00248 -0.19088 0.06127 -0.12782 -0.26733 0.05911 -0.11943 0.02568 -0.02223 -0.10397 -0.17660 -0.02144 -0.09974 -0.09417 0.11433 -0.04125 0.11208 0.00952 -0.11741 0.21208 0.36272 -0.19416
0.08451 0.20436 -0.08690 0.02646 0.18222 0.11884 -0.15739 0.10013 0.09921 0.16329 0.12588 -0.14917 0.09688 0.00263 0.01712 0.06073 -0.00364 0.03290 0.03083 -0.02570 -0.06758 -0.05550 0.13248 0.13692 -0.06031 0.17203 -0.02039 0.16903 -0.00069 -0.26776 0.09636 0.05404 -0.09240 -0.15334 -0.09485 -0.26849 0.19676 0.00511 0.10841 -0.06263
0.02048 -0.01187 -0.27110 -0.11135 -0.14760 0.01664 0.14399 0.08334 -0.03632 0.15736 -0.03339 0.17117 -0.17634 0.04732 -0.02658 0.12784 0.13529 0.00523 0.14495 0.03527 -0.05005 -0.03550 0.09748 -0.23489 0.24144 -0.05491 -0.11121 0.01605 -0.18163 0.14154 0.02982 0.05034 0.05715 0.15001 -0.25775 -0.38701 0.22365 0.04785 0.14571 0.14090
0.02018 0.07501 -0.14445 0.10927 0.04508 -0.09834 0.29885 -0.03888 0.12335 0.05787 -0.07762 -0.32798 -0.13836 -0.19051 0.19207 0.03757 -0.11088 0.14927 0.01642 -0.28040 -0.01411 -0.10091 -0.09578 0.13882 -0.20538 0.02405 0.03405 -0.01505 -0.15997 -0.15002 -0.08304 -0.03759 0.14388 -0.06341 0.13690 -0.01626 -0.12775 -0.00377 0.29975 -0.08289
0.16397 0.18909 -0.20210 0.13488 0.06166 0.01847 0.13286 0.15574 -0.00233 0.14382 0.25039 0.14175 -0.04529 0.03405 0.06770 0.10931 0.13248 -0.11504 0.22268 -0.08408 -0.20992 -0.03480 0.01832 0.07592 0.03345 0.00008 -0.12340 -0.15766 -0.02329 0.17054 0.19658 -0.21597 0.01502 -0.18767 -0.05580 -0.10835 0.02519 -0.08298 0.06126 -0.02471
0.15681 -0.05414 -0.09062 0.27550 -0.07393 -0.06046 0.25790 -0.06154 0.14604 0.07205 -0.08237 -0.24275 -0.02980 -0.17681 0.18609 0.09938 -0.15381 0.16518 0.01168 -0.36201 -0.00961 -0.19185 -0.15084 0.09869 -0.16734 0.07369 -0.08393 -0.02411 -0.04544 -0.22758 0.14931 -0.08471 0.03587 -0.20468 0.10712 0.00666 -0.03146 0.00921 0.38226 -0.15905
-0.32730 -0.20269 -0.00023 -0.14110 -0.21686 0.14272 -0.11877 -0.17279 -0.23761 -0.24000 0.09424 -0.14497 0.29746 -0.12916 -0.18304 -0.19192 0.10631 -0.14034 -0.04279 0.21935 0.05234 -0.07682 -0.01672 -0.15768 0.00989 0.07376 -0.07856 -0.16812 -0.08758 0.12212 -0.03718 -0.02849 0.04551 0.30269 0.05715 -0.09637 -0.06978 0.01854 -0.01066 -0.18204
0.04357 0.13827 -0.06200 0.10048 0.05598 -0.01308 0.12131 0.11448 0.02813 0.14983 0.04690 -0.11261 -0.22419 -0.06100 0.11954 -0.01277 -0.22950 0.02270 0.12942 -0.19415 -0.05228 -0.12600 -0.14385 -0.10564 -0.03442 0.07313 -0.04962 -0.13836 -0.06228 -0.07127 0.05735 -0.06453 0.18557 -0.26350 0.00417 -0.05491 0.04164 0.04969 0.30256 -0.09388
-0.07437 0.08916 0.04062 0.21940 -0.02093 -0.16187 0.23782 -0.00407 0.06495 0.14836 -0.02269 -0.21115 -0.18140 -0.10175 0.11238 0.01821 -0.08588 -0.01169 0.08611 -0.20852 0.02064 0.04061 -0.06388 -0.13510 -0.27718 0.03065 0.07259 -0.05131 -0.03674 -0.19604 0.02351 0.00203 0.02423 -0.25002 -0.00850 0.06217 0.08954 -0.07161 0.21874 -0.17678
0.07190 0.14197 -0.03756 0.25046 0.03954 -0.01435 0.19097 0.02029 0.00862 0.18186 0.06984 -0.15310 -0.14253 -0.14224 0.09517 0.09380 -0.10952 0.14562 0.05723 -0.22736 0.05172 -0.04532 -0.12921 -0.14955 -0.15724 0.02853 -0.00762 0.02434 -0.00287 -0.20136 0.01423 -0.02944 0.15924 -0.10489 0.04790 -0.09514 -0.04242 -0.07216 0.24958 -0.11748
-0.04095 0.05455 -0.04781 0.14268 0.04772 -0.08025 0.02837 -0.16050 -0.01623 0.22979 -0.04652 -0.28022 0.09068 -0.08969 0.19355 -0.05396 -0.13102 0.10667 -0.20069 -0.01074 -0.02629 0.01292 -0.18509 -0.02552 -0.18777 -0.01552 -0.03024 0.17142 -0.03322 -0.25339 -0.13777 0.01083 0.07969 -0.16735 0.04528 0.20325 -0.02248 0.06286 0.27018 -0.10527
0.03117 -0.01730 -0.00825 0.19811 0.04680 -0.18262 0.09913 -0.02379 0.01188 0.23791 0.12504 -0.30030 -0.07249 -0.06282 -0.05126 -0.02708 -0.15694 0.11176 0.09862 -0.17469 -0.10181 -0.11832 -0.12598 -0.08098 -0.28650 -0.07203 0.05292 -0.02419 -0.04484 -0.17847 -0.09750 -0.04037 0.07284 -0.17695 -0.00728 0.05477 -0.00872 0.17930 0.18044 -0.19709
0.08094 0.04181 -0.01758 0.23598 -0.05381 -0.10311 0.15682 0.03507 0.14215 0.21910 -0.04713 -0.24148 0.00953 -0.20646 0.08456 0.05834 -0.18924 0.14030 0.09420 -0.26629 0.02220 -0.14287 -0.18570 0.00257 -0.21813 0.03598 -0.04775 0.08999 -0.10079 -0.24659 -0.02347 0.05156 0.13457 -0.11780 0.12917 0.08844 -0.00317 0.15802 0.29812 -0.04145
-0.08968 0.13507 -0.17097 -0.05806 0.19844 -0.20431 0.10706 0.18939 0.14816 0.23876 0.13918 -0.25755 -0.05262 -0.10794 0.12183 0.08440 0.16516 0.19683 0.08819 -0.01240 -0.08443 0.17584 0.07499 -0.08719 -0.04005 0.13290 0.12468 0.07704 -0.00758 0.06167 0.06727 -0.11823 0.19806 0.04538 -0.07085 -0.13454 0.02653 0.18538 0.22946 -0.00184
0.17845 -0.08404 -0.07903 -0.12210 0.00435 -0.19486 -0.16090 0.09829 -0.15495 -0.16494 0.29772 -0.01294 -0.14464 0.14048 -0.12738 -0.11663 -0.00879 -0.10826 -0.12276 0.16624 -0.23681 -0.04307 -0.14633 0.19428 0.08636 -0.15629 0.15847 -0.00845 0.22618 -0.10123 0.11577 0.14643 0.10712 -0.03358 0.07686 0.18730 0.00963 -0.03362 -0.24198 0.18672
0.10533 -0.08211 -0.18693 -0.16121 -0.17822 0.07092 0.25526 0.11476 0.05941 0.19240 -0.09344 0.17325 -0.11734 0.09242 0.04949 0.05195 0.07179 0.03083 0.21816 -0.04281 0.05643 -0.08403 0.15701 -0.10575 0.12246 -0.18156 -0.07520 0.01569 -0.18465 0.14228 -0.06779 0.05353 -0.09063 0.24398 -0.18202 -0.34671 0.12478 0.04469 0.11984 0.07038
-0.06792 0.34279 -0.02297 0.04067 0.05169 -0.06644 -0.12173 -0.06469 0.00992 -0.03475 0.07878 0.10040 -0.28054 0.08579 0.09931 -0.14077 -0.03679 0.04335 0.06203 0.14885 0.10210 0.05523 0.01478 0.07528 0.01973 -0.29844 -0.13343 0.07013 -0.11240 0.20877 0.19956 -0.16824 0.12021 0.04752 -0.08317 -0.00845 -0.12777 -0.11540 0.02877 -0.12211
0.12448 -0.01901 -0.23436 -0.06518 -0.20027 0.03197 0.24954 0.17250 0.07897 0.12523 -0.00543 0.09803 -0.18168 0.08654 0.09838 0.01624 0.05069 0.08301 0.24034 -0.06124 0.04156 0.01182 0.03972 -0.15358 0.24097 -0.05836 -0.03463 0.10662 -0.19604 0.11634 0.01475 -0.03796 -0.02157 0.17948 -0.20298 -0.30627 0.21486 0.10603 0.15592 0.06212
-0.00697 -0.13094 0.50281 -0.16135 0.02327 -0.02742 -0.20823 0.16925 0.01274 -0.36873 0.00905 -0.16429 0.17722 0.24216 0.08875 0.16219 0.04338 -0.01031 -0.12402 0.16685 -0.18472 0.09410 -0.17286 0.02887 -0.06731 -0.00992 0.03482 -0.16320 0.05628 0.06759 -0.09470 0.00168 0.13310 0.16223 0.11129 0.02161 -0.09806 -0.10132 -0.35458 0.19464
-0.13830 -0.14917 -0.03315 -0.12570 -0.14278 0.00257 -0.26625 -0.08028 0.17290 0.08885 -0.22266 0.05690 0.01532 0.23638 0.15771 -0.15099 -0.09589 0.13840 0.04476 0.03526 0.25051 0.01225 0.06080 -0.08991 -0.16905 0.03442 -0.07692 -0.12625 -0.06420 0.15522 0.15105 -0.00245 -0.23372 0.06284 0.22310 0.18986 -0.18006 -0.04310 -0.33164 0.21036
-0.25399 -0.19282 -0.04416 -0.05122 -0.07723 -0.05187 0.02347 -0.03987 -0.01049 -0.04569 -0.20218 0.37490 -0.07151 0.29740 0.10964 0.02285 0.05391 -0.26425 -0.07920 0.06444 0.06663 0.06252 -0.04094 0.02743 0.01920 0.01873 -0.12870 0.10693 0.06704 0.18009 0.01696 -0.04629 -0.22450 0.13135 -0.10653 0.06510 0.01272 -0.06841 -0.46572 -0.05629
-0.00673 0.02932 -0.15033 0.30051 0.05851 0.09601 0.08141 -0.05648 -0.14256 0.24703 -0.00354 -0.18535 -0.11386 -0.09476 0.09301 0.09786 -0.04196 0.14863 0.08762 -0.19587 0.00429 -0.17883 -0.10846 0.02027 -0.08519 0.03897 0.10237 -0.05722 0.11142 -0.23954 0.10903 0.07921 0.16999 -0.24787 0.02287 -0.05733 0.10841 0.20355 0.28818 -0.12047
0.13469 -0.01786 -0.24900 -0.14117 -0.10776 0.06962 0.20256 0.16096 0.10742 0.14278 -0.03673 0.11313 -0.22011 0.06431 0.03672 0.13549 0.11858 0.15060 0.21304 0.05379 -0.09283 -0.04719 0.16377 -0.25204 0.22236 -0.09537 -0.03882 0.17036 -0.21538 0.08251 0.10865 0.02218 0.02475 0.19713 -0.27190 -0.38554 0.17033 0.05819 0.10640 0.18678
0.04663 -0.18452 0.01841 0.24394 0.29335 -0.11385 0.07593 -0.15174 0.25976 0.10347 -0.06857 -0.08150 -0.00476 0.20926 -0.05609 -0.01189 -0.09910 0.13254 0.22135 -0.16393 -0.06660 -0.09609 -0.12110 0.14622 -0.16101 -0.01457 0.14745 -0.06608 0.18370 0.00186 0.14890 -0.17460 -0.04172 -0.22681 -0.08127 -0.19337 0.18513 0.14256 -0.12019 -0.16651
-0.06059 0.16075 -0.08419 0.00359 0.16753 -0.18668 0.06211 0.13231 0.13016 0.18636 0.01864 -0.09024 -0.17639 -0.06124 0.01050 -0.00523 -0.01317 0.17963 0.16093 -0.20629 -0.00627 0.09795 -0.11162 -0.08296 -0.20791 0.02790 0.14693 0.01646 -0.09060 -0.27562 0.06279 0.05559 0.21909 0.00854 -0.06462 0.01717 -0.13615 0.03841 0.23851 -0.21489
0.05950 0.06073 -0.00419 0.27785 0.14944 -0.10412 0.21916 0.01603 0.15892 0.24140 0.11909 -0.27255 -0.23977 -0.19570 0.10084 0.04765 -0.22966 0.03577 0.12467 -0.27530 -0.11978 -0.17108 -0.04223 -0.15468 -0.20106 0.01832 -0.01936 0.00686 -0.18124 -0.05334 -0.00757 -0.04489 0.20219 -0.20936 0.10494 -0.08228 -0.01754 0.17124 0.30712 -0.09234
-0.01990 0.20680 0.00664 0.13684 0.19549 -0.01775 -0.03530 -0.21938 -0.06720 -0.10180 -0.08127 0.05541 0.22803 -0.00282 -0.00197 0.07553 -0.28405 0.21071 -0.15562 0.21874 0.16062 -0.02102 0.09083 0.16871 0.19246 -0.28316 0.19253 -0.07129 0.10217 0.22352 0.03303 0.01381 0.15791 -0.02291 0.19133 -0.18851 -0.08799 -0.12925 -0.46783 0.12816
-0.03605 -0.16495 0.39549 -0.17618 0.04137 -0.02775 -0.24169 0.08206 -0.06157 -0.31101 0.03118 -0.14384 0.20431 0.23183 0.06754 0.15819 0.02903 -0.05163 -0.08570 0.28894 -0.11713 0.02456 -0.15385 0.01954 0.01179 0.02192 0.03125 -0.15192 0.05125 0.04502 -0.05123 0.02293 0.05324 0.22948 0.08783 0.09808 -0.03247 -0.11852 -0.34260 0.14953
0.17606 0.04976 -0.12409 0.28912 0.11280 -0.04756 0.29466 -0.07554 0.06948 0.10054 0.01694 -0.24815 0.01389 -0.25283 0.25476 -0.03050 -0.07385 0.04068 0.09875 -0.30654 0.12514 0.00966 -0.25575 -0.00003 -0.25394 0.08617 0.13821 -0.13068 0.07435 -0.30696 -0.06317 -0.02418 0.15091 -0.15008 0.06946 0.02697 -0.04850 -0.21643 0.19069 -0.05316
-0.19394 -0.09170 0.16879 0.10728 -0.01906 0.07203 -0.11582 -0.19092 -0.06984 -0.15777 0.00061 0.02760 -0.07849 0.10572 -0.05133 0.09448 -0.07165 -0.16577 -0.15037 0.19654 -0.17620 -0.09891 0.17303 -0.01295 -0.12655 -0.13106 0.02213 -0.14658 0.18860 0.27678 -0.00966 0.15806 -0.02096 -0.06695 0.02467 0.04496 -0.07368 -0.06076 -0.07256 0.09627
