-0.15741 -0.12891 0.03510 -0.06661 -0.07482 -0.00026 -0.23108 -0.06089 -0.40775 0.19401 -0.25541 -0.02312 -0.27157 0.02632 -0.07211 -0.03815 -0.11382 0.00626 0.18232 -0.02724 0.39831 0.03535 0.20289 -0.07124 -0.08497 0.41552 -0.03124 -0.29182 -0.03346 0.07373 0.07690 0.12560 0.17959 0.05753 0.13311 -0.14105 0.29874 0.11458 0.08622 0.08734
0.23352 0.08461 0.10218 0.01872 0.15849 0.10462 0.18946 0.06589 0.01865 -0.26783 0.29088 0.08833 0.06627 -0.17949 0.14613 -0.13029 0.23379 0.17074 -0.16055 -0.10806 -0.02878 0.12647 0.06964 0.10356 -0.06023 0.05141 0.21340 -0.05915 -0.15445 0.05181 0.12419 0.33984 -0.01961 0.06750 0.26588 -0.14631 0.18606 0.00301 -0.06682 0.06213
0.08859 0.10922 0.22677 0.07031 -0.05846 0.04859 0.18394 0.07794 -0.20796 0.05575 -0.09961 0.10465 0.17368 0.16214 0.08006 -0.18279 0.16709 -0.14989 0.04144 0.00479 0.08676 -0.20296 -0.08298 0.14988 0.12481 0.12056 0.03770 0.03083 -0.00198 0.34631 -0.10309 0.11318 0.03118 -0.19263 -0.18701 -0.29880 -0.27953 -0.00615 0.15220 -0.05442
-0.02386 0.24329 0.08144 -0.00376 -0.15701 0.12782 0.09082 -0.04165 -0.01744 0.02664 -0.10558 0.18388 0.07547 0.05737 -0.15295 0.10121 0.31505 -0.09492 -0.19120 0.32380 -0.14722 -0.27574 0.16971 0.31944 0.15186 -0.08656 -0.03699 0.14169 -0.00923 -0.02670 0.03580 0.00281 0.20120 -0.17338 -0.03536 0.25811 0.07746 -0.04343 -0.00857 -0.24654
0.00342 -0.05739 -0.08940 0.00482 -0.14133 -0.03318 -0.09900 -0.00640 0.00941 -0.18282 0.18994 0.19396 0.28488 -0.11992 0.27992 -0.08515 0.07675 0.09652 -0.24771 -0.09119 -0.04551 -0.12467 -0.26140 -0.05611 -0.05647 -0.34231 -0.05629 -0.01861 -0.14702 0.30795 -0.16551 0.25268 -0.12800 0.15866 0.14105 0.10763 -0.24000 -0.10906 0.03090 -0.05154
-0.02606 -0.05758 -0.03002 -0.12298 -0.04969 0.13783 -0.01284 -0.09085 -0.08372 -0.18528 0.14234 0.24857 0.25802 -0.15222 0.32730 -0.26750 -0.11018 0.02583 -0.24953 -0.14296 0.00438 -0.15100 -0.01993 -0.01934 -0.12362 -0.15984 -0.05509 -0.16516 -0.14806 0.30454 -0.06302 0.33977 -0.07403 0.03032 0.18811 0.22534 -0.03492 -0.02423 0.13407 -0.07760
-0.09221 -0.14774 -0.09009 -0.04756 -0.12254 0.05603 -0.07410 -0.00404 -0.03636 -0.21485 0.16895 0.21301 0.32807 -0.17261 0.33007 -0.20406 -0.02957 0.05399 -0.24746 -0.12598 0.01920 -0.16691 -0.15832 -0.07364 -0.08705 -0.29565 0.02685 -0.03319 -0.13214 0.15864 -0.07471 0.32852 -0.04970 0.04157 0.14470 0.20100 -0.06761 -0.07841 0.06224 -0.02754
-0.04149 0.06061 0.19241 0.18128 0.15454 -0.00733 0.02176 -0.15090 0.02126 -0.24970 0.07025 -0.19222 -0.04885 -0.00725 -0.12825 -0.14956 -0.10731 -0.20176 0.00193 -0.29007 -0.10178 -0.00868 -0.13933 0.00941 0.21192 -0.06158 -0.05443 -0.24096 0.13742 0.26118 0.09099 -0.18878 -0.04858 0.12228 0.07150 -0.09571 -0.12100 -0.15174 0.05455 -0.09926
0.32396 0.00116 -0.08190 -0.13779 -0.16313 -0.19229 -0.02645 -0.28411 -0.00404 0.05123 0.02496 -0.11255 -0.15969 -0.21846 0.01675 0.09438 0.17898 0.15363 0.10498 0.00587 -0.12622 -0.15644 -0.17260 -0.20696 0.23719 -0.09715 0.01884 -0.00390 -0.16965 -0.38289 -0.02709 -0.37475 -0.04553 0.10443 0.04395 -0.08977 -0.09539 -0.07406 -0.06290 0.08398
0.17840 0.19067 0.13982 -0.33391 0.13133 0.14857 0.15041 -0.21588 0.08069 0.12856 -0.03009 -0.00919 0.23618 0.21370 -0.00553 -0.15800 -0.14426 0.09676 0.17454 0.08430 0.07846 -0.08684 0.25410 -0.17674 -0.11352 0.08536 -0.04199 -0.10693 0.06554 0.17231 0.20570 -0.13131 -0.08199 0.03837 -0.01370 -0.17619 -0.18395 0.09169 0.14770 -0.32855
0.08009 0.09797 -0.14955 0.12602 0.00692 -0.07463 -0.08401 -0.16948 0.18130 0.08488 -0.17078 -0.08105 -0.28787 -0.03879 0.34114 -0.12855 0.18127 0.04061 0.02202 -0.12196 -0.18887 -0.00341 -0.05609 0.09960 0.01053 0.01275 0.09170 -0.23582 0.16574 0.05216 0.11634 0.00567 -0.00298 -0.03919 -0.04072 0.15991 -0.23222 0.04036 -0.03048 -0.19919
-0.09761 0.24661 0.12035 0.07764 -0.04451 0.16633 -0.07633 -0.18520 -0.02081 -0.00120 -0.18329 0.21723 0.08503 0.02791 -0.09874 -0.03672 0.17743 -0.02367 -0.29052 0.34370 -0.25642 -0.30674 0.09819 0.19967 0.11593 -0.09617 -0.11152 0.11002 0.08857 0.05340 0.00664 -0.08117 0.23081 -0.16360 -0.12375 0.26679 0.04911 -0.06393 0.06088 -0.22682
-0.22485 0.08825 0.17668 -0.25846 0.03990 0.15749 -0.00995 0.09075 0.14892 -0.00948 0.19736 -0.04818 0.12523 0.27987 0.17969 -0.10982 0.19827 0.07699 -0.23539 0.29775 0.07606 -0.01068 0.18337 -0.02319 0.24384 -0.05001 -0.03016 0.30344 0.13457 0.32850 -0.11217 -0.14644 -0.18813 0.11734 -0.27301 0.05473 -0.25239 0.21808 0.00383 0.18729
0.36244 0.06196 -0.07095 0.24879 -0.17074 -0.08544 0.10755 0.31849 0.04566 0.03656 0.05126 0.08012 -0.24181 -0.28787 0.02159 -0.14436 0.15792 -0.36040 0.26686 -0.11621 0.00630 0.17910 -0.29482 -0.02928 0.40588 -0.02267 0.09518 0.12675 0.12549 -0.19340 -0.01711 0.01789 -0.14582 -0.26417 0.14417 -0.34631 -0.01809 -0.20164 -0.23612 -0.13329
-0.12994 -0.21145 0.17361 0.15008 0.15133 -0.24366 0.00322 0.07075 0.11234 -0.07815 0.02633 0.11664 -0.18359 0.12395 0.03765 0.11042 0.15125 -0.04954 -0.07868 0.06119 0.02745 -0.05007 -0.21495 -0.09483 -0.24326 -0.08362 0.05861 0.06553 0.38638 -0.05226 0.02067 0.21359 0.01511 0.16848 -0.04358 -0.05095 -0.20089 0.24221 -0.22509 -0.11729
-0.02876 -0.30532 -0.23678 0.23124 0.11321 0.03665 0.34004 -0.05138 0.11435 0.01473 -0.20272 -0.27050 0.11689 -0.06856 -0.07606 -0.13522 -0.23501 -0.02284 -0.00748 -0.18187 -0.04039 -0.21004 0.25088 -0.03099 -0.04546 0.04171 0.07958 -0.07566 0.34097 0.06719 -0.26608 -0.04307 -0.08930 0.06394 -0.22634 0.03291 -0.31089 0.03386 -0.16606 -0.09439
-0.19766 -0.23451 -0.04688 0.06195 -0.04817 0.21604 -0.02619 0.10506 -0.03205 0.15276 0.02592 -0.13587 0.04670 0.32418 0.19145 -0.07572 -0.17412 -0.14802 0.18108 0.16214 -0.13459 0.01498 0.15892 0.06301 -0.25197 -0.06314 0.22541 -0.21722 0.15021 -0.23414 0.26570 -0.22696 0.01162 0.10298 -0.13716 0.06327 0.12649 -0.05639 -0.04390 -0.05458
-0.13141 0.10479 -0.17751 -0.14464 0.23561 -0.10041 0.03886 0.01944 0.02726 -0.05582 0.22867 0.18828 -0.11167 0.34090 0.03892 -0.14649 -0.08945 -0.02365 -0.14615 -0.01352 -0.06713 0.25032 0.21151 0.13876 0.12883 0.10698 -0.06580 0.10070 -0.27041 0.13221 -0.32362 -0.25475 0.28649 -0.01748 0.10356 0.03610 0.10069 -0.03194 0.17708 0.13244
-0.07195 -0.19175 0.11770 0.09499 -0.02210 -0.20665 -0.00914 0.12266 -0.00033 -0.08987 0.14090 0.16894 -0.11944 0.32451 0.14609 0.23818 0.14011 -0.12686 -0.05357 0.10598 -0.04641 -0.00898 -0.14011 -0.15219 -0.15312 -0.09704 -0.01850 0.11743 0.41451 -0.11539 0.03102 0.21258 -0.04802 0.13514 -0.06322 0.06143 -0.20616 0.18861 -0.22604 -0.16972
-0.36008 -0.21409 0.05157 0.25066 0.31343 0.12255 0.25772 -0.18723 0.18241 -0.19515 -0.37451 0.33411 -0.05759 -0.01513 0.27236 -0.02259 0.26462 -0.16088 0.23990 0.30008 -0.07373 0.16986 -0.05079 0.26543 -0.12831 -0.17382 0.27476 0.19904 -0.25305 -0.08393 -0.02947 -0.03359 -0.12386 -0.40958 0.00066 0.09374 0.19430 0.00251 0.02939 0.13954
-0.22635 0.22441 -0.09069 0.22807 -0.20825 0.03993 -0.19721 -0.23311 0.00724 -0.25440 -0.05975 0.20638 -0.03884 -0.10189 -0.04296 -0.08418 -0.03142 -0.17069 -0.01013 0.16507 -0.06389 -0.15084 -0.05283 0.12870 -0.22915 -0.00319 0.21352 0.12165 0.21754 -0.14319 -0.19332 0.27602 -0.18230 0.17559 -0.28084 -0.06754 0.26147 -0.09163 0.08994 -0.13464
-0.22367 -0.08678 -0.00781 -0.09122 -0.04587 0.01434 -0.22853 -0.02726 -0.40783 0.17573 -0.21954 -0.02118 -0.29579 0.04447 -0.07485 -0.04940 -0.11101 -0.06883 0.14137 0.02234 0.39823 0.10712 0.20905 -0.10133 -0.07081 0.35164 -0.11945 -0.18537 -0.05157 0.11126 0.13312 0.04426 0.14744 0.10190 0.07523 -0.13905 0.24489 0.09562 0.16378 0.11008
0.14172 0.25796 -0.09492 0.39415 0.21619 0.26177 -0.16255 0.05224 -0.20063 0.15149 -0.31162 0.06491 -0.08552 -0.31640 -0.35957 0.17826 -0.11984 -0.00418 0.38600 -0.01099 0.04575 0.00282 -0.15709 -0.11898 -0.12351 0.11449 0.18668 -0.24283 -0.23832 0.20245 -0.06649 -0.01514 0.05798 -0.00439 0.11265 0.03233 0.05364 0.25007 -0.23471 -0.04552
0.23270 -0.08187 -0.07106 0.12829 -0.03734 0.25678 0.05209 0.18386 0.14718 -0.16413 0.05027 -0.20565 -0.03927 -0.00372 -0.28298 -0.22870 0.00665 0.18542 -0.15980 -0.12280 0.17500 0.14554 0.01392 0.07145 -0.16351 0.27929 -0.07340 0.12611 0.16804 -0.02692 0.03050 0.18284 0.01600 0.19438 -0.20052 0.18869 0.07722 -0.04894 0.02198 -0.04160
0.01156 -0.21822 0.16495 -0.19366 0.09351 -0.05786 -0.18310 -0.00143 0.01861 -0.15656 -0.14258 0.11958 0.05129 0.16197 0.13764 -0.21053 -0.05852 -0.18464 0.16640 0.06687 -0.00874 0.07013 -0.03542 0.13347 0.16698 -0.00316 -0.10639 -0.03694 0.13903 0.21916 -0.00695 0.32743 0.01743 -0.21737 0.26807 -0.10665 0.06552 0.03388 0.25741 0.13704
-0.33558 -0.12436 0.03402 0.14798 0.11362 -0.06447 -0.05138 -0.01580 0.07626 0.15852 0.07599 0.22282 -0.00163 0.35322 0.18763 0.18492 0.21176 0.19987 -0.07515 0.10181 -0.02198 -0.21300 0.13755 -0.11582 0.08662 0.12115 -0.09761 0.07890 -0.10038 -0.20045 -0.34371 -0.26851 -0.27777 0.21067 0.27503 0.15809 0.03795 -0.23265 -0.27581 -0.01745
0.09112 0.04171 0.02743 0.12830 0.15282 -0.07357 -0.22589 -0.00115 0.17090 0.10690 0.05617 -0.07840 -0.18955 0.16306 -0.20353 -0.15709 0.21683 -0.02494 -0.10451 0.15514 0.04938 0.13095 0.00709 -0.06724 0.08528 -0.06678 0.12549 0.22170 0.03447 -0.00528 -0.18857 -0.12561 0.16066 0.27778 0.16881 0.12146 -0.10709 -0.14288 0.11493 0.02830
-0.23786 0.00295 0.02512 0.20977 0.16530 0.35428 -0.20442 0.13762 0.04530 0.03090 0.04055 -0.19531 0.27874 -0.23315 -0.09608 -0.23392 -0.12440 -0.06490 0.03442 0.04488 -0.00769 -0.13214 -0.14209 -0.16983 -0.11983 -0.00130 -0.02670 0.01269 -0.01536 0.21433 0.10364 0.19541 0.24884 0.06761 0.11042 0.17584 0.10944 0.23223 -0.23020 -0.08711
-0.02708 0.21552 0.10710 0.14285 0.03840 0.14211 -0.01534 -0.19962 -0.11592 -0.01602 -0.14403 0.16354 0.02515 0.02610 -0.13580 -0.13243 0.28168 -0.00781 -0.31493 0.33344 -0.20536 -0.35021 0.11760 0.26587 -0.01142 -0.16940 -0.05506 0.09169 0.09671 0.09611 -0.05976 -0.04036 0.21004 -0.16138 -0.13015 0.28882 -0.03263 0.02021 0.06809 -0.18930
0.05077 0.06668 0.19015 0.08256 0.01768 0.10449 0.19026 0.08599 -0.27338 -0.02296 -0.09193 0.02146 0.17668 0.10094 0.03261 -0.15529 0.10823 -0.11937 0.03372 -0.07941 0.09817 -0.17948 -0.06486 0.25115 0.13087 0.16683 0.03222 -0.03615 0.04625 0.32794 -0.13003 0.01569 0.03059 -0.20543 -0.23586 -0.28428 -0.23860 0.01751 0.09265 -0.03791
0.27288 0.08595 -0.04086 -0.24569 -0.21142 -0.11800 -0.06234 -0.13983 -0.06149 0.14111 0.11538 -0.05101 -0.16927 -0.20665 0.03766 0.05511 0.07691 0.22705 0.14692 0.03217 -0.11312 -0.17392 -0.11900 -0.20488 0.17613 0.03227 0.01786 -0.01954 -0.16862 -0.31042 0.00219 -0.33310 0.14422 0.00285 -0.04030 -0.01672 0.06771 0.09506 -0.05772 0.07720
0.00323 -0.15710 0.10405 -0.20870 0.06082 -0.02815 -0.14216 -0.02480 0.11584 -0.16609 -0.22899 0.17485 0.06791 0.15222 0.16060 -0.19006 0.01282 -0.20149 0.10323 0.16586 -0.07649 0.06843 -0.02224 0.12109 0.14562 -0.00320 -0.09801 -0.04959 0.13082 0.17760 0.05011 0.33658 0.02579 -0.23477 0.29990 -0.04009 0.00791 -0.01635 0.25662 0.03265
0.34690 0.06382 -0.16099 -0.15378 -0.20296 -0.26052 -0.02730 -0.22562 -0.08471 0.03291 0.03730 -0.04916 -0.10754 -0.34706 0.02389 0.02851 0.23856 0.25455 0.21543 -0.16271 -0.12750 -0.06590 -0.20442 -0.32461 0.18118 0.14370 0.10772 0.09761 -0.29173 -0.38425 -0.02481 -0.36155 -0.04220 -0.01057 0.00734 -0.03381 -0.08080 0.08552 0.00736 0.20156
-0.18165 -0.12050 0.15095 -0.18870 -0.24514 -0.08170 0.22577 0.00054 -0.04836 -0.02873 0.30335 -0.05125 -0.01467 0.22357 -0.02452 0.17467 -0.12502 0.04063 -0.09049 -0.32204 -0.17178 0.08437 -0.13621 0.20310 0.10541 0.24441 -0.06294 0.03089 0.02592 -0.23735 0.26194 -0.05302 0.04325 0.20838 0.01541 0.28755 0.34287 0.04751 -0.14983 -0.16324
-0.07640 -0.03722 -0.01252 -0.02193 -0.09476 0.05133 -0.07400 -0.10273 -0.10698 -0.16499 0.10057 0.17022 0.23854 -0.12567 0.27587 -0.20225 -0.09199 0.07188 -0.22378 -0.09066 0.04470 -0.13615 -0.18924 -0.10832 -0.05814 -0.35430 0.07839 -0.01976 -0.17027 0.19050 -0.13499 0.17667 -0.15962 -0.02342 0.13550 0.24649 -0.13113 -0.05530 0.00173 0.06093
0.35066 0.04049 -0.10837 -0.23124 -0.17814 -0.12712 -0.01127 -0.18874 0.01008 0.03709 0.14595 -0.12296 -0.07973 -0.22686 -0.01091 -0.00079 0.11260 0.18136 0.10027 -0.00603 -0.12841 -0.13663 -0.20273 -0.21468 0.21728 -0.06075 0.00116 -0.02050 -0.05514 -0.34184 -0.09127 -0.33227 0.08256 0.09477 0.02820 -0.08157 -0.08287 0.00114 -0.02482 0.13617
0.23193 -0.15416 0.20188 -0.16340 0.15654 0.27561 0.13693 0.03720 0.29705 0.22206 -0.09134 0.10989 -0.30905 0.11166 -0.17541 -0.33002 0.04055 0.17161 -0.29814 0.15735 -0.32314 0.01019 0.03041 -0.33351 0.04424 -0.09778 0.33012 0.08433 0.16008 0.25910 0.06440 0.23404 -0.22822 0.00194 0.22200 0.13155 -0.10300 0.11146 0.00353 -0.16068
-0.09236 -0.06827 -0.13063 0.21370 -0.23603 -0.18892 -0.04446 -0.28755 0.26663 0.25111 -0.04829 -0.11102 -0.27836 -0.05400 -0.07511 0.19125 -0.19383 -0.06498 -0.06238 -0.09539 -0.16464 -0.17044 0.13884 0.17769 -0.10987 -0.11577 -0.05636 0.10711 -0.21539 0.13676 0.11080 -0.18958 -0.20663 0.14291 -0.04138 0.04463 -0.10738 0.02661 -0.13208 0.02190
-0.06530 0.05090 -0.02611 -0.07443 -0.11795 0.03261 0.06216 0.03910 -0.04436 -0.04763 0.07908 0.12094 0.20776 -0.11540 0.13871 -0.11976 -0.09481 -0.06235 -0.07049 -0.17673 0.01825 -0.21347 -0.16861 -0.00818 0.03203 -0.21381 0.02296 -0.04218 -0.10109 0.26073 -0.07516 0.10888 -0.11773 0.11535 0.16828 0.09996 -0.12632 -0.04803 0.05606 -0.09770
-0.14139 -0.15836 0.23576 0.16925 0.13461 -0.27926 -0.00831 0.12517 0.08895 -0.06198 -0.00203 0.15001 -0.16597 0.30125 0.10030 0.14301 0.08866 -0.06394 -0.03941 0.05962 0.05611 -0.00128 -0.13685 -0.11172 -0.21332 -0.00624 0.00047 0.08785 0.39231 -0.14090 -0.07307 0.11868 0.04551 0.20166 -0.05133 0.06301 -0.20934 0.20180 -0.24788 -0.11564
-0.06059 -0.08847 -0.06843 0.21934 -0.06180 -0.04867 0.04597 -0.07129 -0.10831 0.00858 0.10196 -0.06415 0.15837 0.21161 0.17334 0.06168 -0.28411 -0.27473 -0.14391 -0.05614 -0.01629 0.03396 0.08570 -0.26897 0.02357 0.37771 0.19279 0.23932 0.19864 -0.11371 0.01179 -0.13424 0.02066 -0.08709 -0.05977 0.01320 0.08169 0.11138 0.03387 -0.14132
-0.08687 -0.07252 0.05962 0.25987 0.14957 -0.21338 0.11569 -0.06843 0.09890 0.01187 0.25274 -0.27806 -0.07263 0.03885 -0.20735 0.26058 0.01514 0.02930 -0.23251 -0.15608 -0.28885 -0.11020 0.18439 0.12015 -0.00685 -0.18092 -0.21755 -0.25495 0.00310 0.19165 0.03167 -0.07502 -0.22419 -0.28018 -0.08661 0.26287 0.26091 0.07409 0.08406 -0.22196
0.00004 -0.25476 -0.18042 0.16672 0.17378 0.03711 0.31785 -0.02971 0.02856 -0.00064 -0.16605 -0.19013 0.05079 -0.05582 -0.01832 -0.13600 -0.23157 -0.04935 -0.02324 -0.21415 -0.04345 -0.19271 0.25089 -0.03565 -0.04671 0.08555 0.09574 -0.14694 0.25010 0.08319 -0.18934 -0.04671 -0.03337 0.01836 -0.16546 -0.00982 -0.23339 0.01093 -0.17892 -0.12144
0.03354 -0.02212 -0.10404 0.18841 -0.13740 -0.05153 0.10220 0.01304 -0.09508 0.08764 0.20606 -0.18841 0.09163 0.15691 0.05540 0.09610 0.01002 -0.14088 0.05342 -0.03831 0.20234 0.04106 -0.06516 -0.04317 0.09993 0.06498 0.21676 0.05400 0.20336 0.06224 0.02662 -0.07852 -0.12855 0.10636 -0.18594 -0.03744 0.02885 0.08110 -0.06356 -0.09591
-0.04283 0.16155 0.07161 0.05580 0.06564 0.13508 -0.22463 -0.16708 0.08552 0.15235 -0.07520 0.22614 -0.09698 0.12018 0.14616 0.16535 -0.26437 0.08660 -0.27080 0.03409 0.20502 0.18853 0.01030 -0.02353 0.02549 -0.20646 0.24907 0.00172 0.20175 -0.08578 -0.21802 -0.05811 -0.06562 0.08827 0.05592 0.11634 -0.15693 -0.15978 0.06766 0.13917
0.13819 0.15245 -0.15702 0.22375 0.00577 0.03269 0.18144 -0.25105 -0.04931 -0.03014 0.07095 0.16591 0.05956 -0.03499 -0.14781 -0.08666 0.10983 0.18884 -0.15310 -0.05031 0.20804 0.18118 -0.14966 -0.03771 -0.09256 0.02836 -0.06019 0.07376 0.15612 0.16932 -0.16775 -0.11465 -0.20692 -0.01203 0.05715 0.31882 -0.08499 -0.07471 0.09112 0.04356
