-0.27014 -0.16966 0.01474 -0.23735 0.21739 0.01175 0.24162 0.09467 -0.18662 0.27291 0.21012 0.33634 0.16189 -0.02906 0.17997 0.07034 -0.11624 0.25339 0.07680 -0.01172 0.09161 0.07403 -0.05301 -0.02904 -0.37211 0.05095 0.01595 -0.21982 -0.10673 -0.21740 0.17465 0.20448 -0.08954 0.19866 -0.26317 0.10753 0.34204 -0.30533 -0.03525 -0.08262
0.17553 0.06621 -0.06402 0.28666 -0.21069 -0.04811 -0.26448 0.14128 -0.27043 0.18434 0.24565 -0.00148 -0.04147 0.20406 0.10940 0.01618 -0.25346 0.30207 0.06116 0.26094 -0.04249 0.25702 -0.01983 0.10971 -0.09114 0.21829 0.01413 -0.11081 0.15601 -0.00105 0.10755 0.04607 0.05893 -0.09042 0.18752 -0.27015 -0.23199 0.20855 0.02580 0.04586
0.00177 -0.28760 -0.11924 0.27156 0.15678 0.04811 0.21956 0.21165 0.06834 -0.18065 -0.11015 0.08183 -0.15569 0.23001 -0.12985 -0.11582 0.19294 -0.09325 0.36477 0.10203 0.03798 -0.26186 -0.24497 0.05893 0.24575 0.34634 -0.04842 -0.09827 0.07931 -0.20983 0.24052 0.05893 -0.29319 0.12529 -0.08514 0.23752 0.09255 0.27634 0.18061 -0.12495
-0.07003 0.20008 0.08018 0.21892 -0.05606 -0.21735 0.09559 0.07522 -0.04011 -0.18802 0.10783 0.07149 -0.12494 -0.06458 -0.23717 -0.07105 0.03263 -0.04890 0.17334 -0.02680 0.01780 0.04335 -0.00938 0.14765 -0.01117 0.17644 -0.15181 -0.30033 0.15278 -0.16696 -0.09755 0.03352 -0.07065 0.03615 -0.32239 -0.16043 -0.22428 0.32932 -0.31272 -0.29990
0.17576 -0.19705 0.05125 0.03279 -0.08410 0.29586 0.34907 0.15170 0.14901 -0.24301 -0.21166 -0.12678 0.15473 0.17410 -0.20534 -0.09798 -0.16954 -0.09871 -0.00539 0.11951 0.03863 0.02578 -0.10945 0.06530 0.04765 0.08296 0.00594 -0.06550 0.18142 0.16736 -0.02473 -0.00856 0.02642 -0.40401 0.22808 0.08733 -0.17349 -0.28824 -0.02530 -0.19965
0.21228 -0.21195 0.06742 0.00949 -0.10494 0.34184 0.43905 0.18575 0.15501 -0.22440 -0.26050 -0.15208 0.17935 0.18607 -0.20159 -0.12991 -0.13822 -0.12109 0.01845 0.13505 0.06148 0.02327 -0.12451 0.06221 0.08040 0.13094 -0.01231 -0.07130 0.22722 0.15273 -0.01766 0.03424 0.04646 -0.39385 0.20308 0.07328 -0.17222 -0.32410 -0.07784 -0.28739
-0.31626 -0.13399 0.13985 -0.17496 0.36337 0.31689 0.29794 -0.13420 0.29614 -0.29855 0.12081 0.07572 0.17524 0.29071 -0.07706 0.04597 -0.23798 0.04195 0.11275 -0.32023 0.00156 0.26416 -0.09750 0.01444 0.08786 -0.18660 0.14339 -0.26827 0.27103 -0.03667 -0.14485 -0.29170 0.24400 0.20664 0.19048 -0.06174 -0.16608 -0.09977 0.12861 -0.00249
-0.00568 0.13568 0.10548 0.11579 0.01625 -0.16149 0.04058 0.12498 0.20181 0.00224 -0.15051 -0.30870 -0.18897 -0.01476 -0.02326 -0.03193 -0.12326 -0.22102 -0.28116 0.11878 0.12393 0.13641 0.16839 -0.01986 0.12112 0.22329 0.06311 -0.03843 -0.00339 0.04096 0.07484 -0.01953 -0.38623 0.23028 -0.07619 -0.08721 -0.24954 0.10214 -0.01879 0.02303
-0.17060 -0.25060 -0.03796 -0.08311 -0.01881 0.12300 0.32193 -0.15215 0.26870 0.16709 0.37339 -0.01837 -0.06061 -0.10316 -0.26497 0.13647 -0.08446 -0.07973 -0.10523 -0.14996 0.04788 0.02850 0.24097 0.28319 0.28367 -0.03257 -0.26320 -0.27835 0.23866 -0.42081 -0.32843 0.06851 0.04100 -0.23754 0.21000 -0.12683 -0.07834 -0.36209 0.35247 0.20417
0.08434 -0.19327 0.07194 -0.13856 0.13687 0.08205 0.23758 -0.08211 -0.00273 0.22757 0.01268 0.08461 0.27844 0.10014 0.10536 0.15374 -0.11085 0.14764 -0.10427 -0.10821 0.11841 -0.15250 -0.01909 0.06510 0.01956 0.29184 -0.05268 -0.11975 0.27179 0.09992 0.13205 0.03940 0.04342 0.11623 0.02917 -0.11887 0.25849 -0.03063 -0.11373 -0.23984
-0.04289 0.02899 -0.10589 -0.03493 0.19664 -0.19814 0.28028 0.29520 -0.18690 0.17537 0.35812 0.07183 -0.00813 0.09598 -0.25882 0.23863 -0.07392 -0.24262 0.09003 -0.22238 0.13207 0.15964 0.10370 -0.32912 -0.21112 0.09905 0.11263 -0.31044 -0.07217 -0.06412 0.25288 -0.30832 -0.08741 -0.12216 0.16016 -0.06595 0.27176 0.07381 -0.29535 0.14805
0.19358 -0.13600 -0.16193 0.16843 0.10228 0.04313 -0.07313 0.21765 -0.27070 0.17174 -0.18526 0.35101 -0.19863 -0.09993 -0.05979 0.09956 0.09986 0.16577 0.27441 -0.10642 -0.04215 0.11715 0.05284 -0.37300 -0.14366 0.22913 -0.13005 -0.28722 0.12187 -0.17639 0.01152 -0.03163 -0.21461 -0.01834 0.08693 -0.02089 0.21962 -0.31220 -0.17533 0.17494
-0.21674 -0.20034 -0.24577 -0.25436 -0.29623 -0.05468 -0.01600 0.15311 0.08020 0.26338 0.06642 -0.08105 -0.04981 -0.25686 -0.25517 -0.13391 -0.12783 -0.21861 0.04552 0.15810 0.35361 -0.30421 0.24569 0.09298 0.08254 -0.12289 0.02223 -0.25079 0.07087 -0.00830 0.06962 0.22483 0.07297 -0.00966 -0.03565 0.02350 0.17914 0.03580 -0.15868 -0.33910
0.23257 -0.03033 -0.24676 0.06486 -0.16709 -0.10039 0.11158 0.01790 -0.24590 0.02193 -0.19779 -0.23196 0.04850 0.32054 -0.25746 -0.15502 -0.23843 -0.10678 0.18565 0.12248 0.31571 -0.20546 -0.08802 -0.15596 -0.23780 -0.25338 -0.18788 0.05555 0.15476 0.20081 0.12895 0.07028 -0.19600 0.11700 0.05453 -0.13493 -0.21131 -0.07181 0.18196 -0.10825
0.29804 -0.14752 0.05286 -0.03553 -0.32524 -0.06066 0.30459 0.15107 0.24866 -0.02246 -0.25910 -0.13387 -0.12831 0.16348 -0.02277 -0.02181 -0.12141 -0.10693 0.22015 -0.01977 -0.24747 0.33944 0.11921 0.33307 -0.03710 -0.00791 0.05864 0.21686 0.10443 -0.04644 0.40213 0.06669 -0.10445 0.29067 -0.13445 0.10843 0.35581 -0.13644 -0.33145 -0.12167
-0.04971 -0.17033 -0.10645 -0.02187 0.10105 0.11750 -0.29890 -0.22921 -0.08082 -0.06112 0.17892 -0.27287 -0.01331 0.00266 0.07226 -0.15638 0.19369 0.02226 0.00782 0.00732 0.29950 0.21611 0.07925 -0.03768 0.01415 0.13718 -0.17059 -0.13125 -0.01976 0.11295 0.20925 -0.10561 -0.15056 -0.16776 -0.16572 0.14543 -0.14900 0.04459 -0.01739 -0.16866
0.21755 0.25710 -0.00617 -0.30606 0.17999 -0.35586 0.20109 0.16781 0.22402 0.08042 0.08019 -0.10088 -0.24828 -0.30203 0.11413 -0.14110 -0.07649 -0.08868 -0.25340 -0.19946 -0.14750 -0.30706 -0.14906 0.29859 0.00986 -0.02474 -0.24781 0.06682 -0.08820 -0.03962 -0.15388 0.01237 -0.22614 -0.22873 -0.17433 -0.15338 -0.26708 -0.01201 0.13985 -0.00668
0.03476 -0.11796 0.23727 -0.09380 -0.07694 -0.13658 -0.35355 -0.16906 0.03664 -0.05638 -0.11576 -0.18005 0.01816 0.00191 0.06885 0.12939 0.05497 0.05523 0.05393 0.16699 -0.33103 0.25956 0.08692 -0.36176 -0.05224 -0.26715 0.18304 0.15429 0.07163 -0.01312 0.06492 0.03438 0.35336 0.24628 0.24702 0.20676 0.22836 -0.01593 0.32823 0.13305
0.00742 -0.06080 0.13480 -0.24737 0.29480 0.12811 0.21868 0.01328 -0.00818 0.03554 0.08228 0.08618 0.15648 -0.07312 -0.12005 -0.20566 0.23369 -0.10719 0.09811 0.18473 0.08469 -0.22890 0.22557 0.15349 0.09300 -0.05146 -0.04681 -0.20663 0.01206 0.18840 0.07026 0.13746 -0.21856 0.07358 -0.12888 -0.04677 0.04612 -0.13623 -0.26941 -0.02887
0.30557 -0.01507 -0.19242 -0.08148 0.10715 0.31523 0.29005 0.06642 0.04912 0.11728 0.20889 -0.18151 -0.03735 -0.00106 -0.10099 0.01243 -0.17520 -0.12703 -0.15500 -0.04646 0.12035 -0.27581 0.20662 0.07448 -0.18998 0.32908 -0.09170 -0.24711 0.06272 0.28928 -0.17212 0.09020 -0.32451 -0.01581 0.23851 0.02594 0.04093 -0.28022 -0.18043 -0.18448
-0.11884 -0.03618 -0.37614 0.31003 -0.13190 0.23868 -0.14000 -0.02893 0.20071 0.06261 0.04274 0.10298 -0.16962 -0.05029 0.26125 -0.14553 0.26142 -0.12357 0.04623 -0.17003 0.05028 -0.10340 -0.02093 -0.02875 0.19643 0.19976 0.00408 0.00778 -0.04135 0.06143 -0.18518 -0.19310 -0.17075 0.19446 0.10646 -0.08248 0.09313 0.04154 0.03920 -0.28483
0.14521 -0.02067 -0.13433 -0.04397 0.02093 0.18927 0.20398 -0.25448 0.11832 0.16082 0.04853 0.26396 -0.19045 0.20613 0.23555 0.06635 -0.24032 0.27514 -0.08957 0.18911 0.31088 -0.06553 -0.02230 0.06758 -0.08332 -0.13408 0.10975 0.08991 -0.11690 0.16202 -0.04024 -0.07376 0.04752 0.13351 0.01065 -0.03096 -0.02854 -0.02361 -0.06447 -0.24282
-0.04733 -0.07432 0.09511 -0.26973 0.01944 -0.03920 0.13529 -0.03840 0.05754 0.33147 0.04359 -0.24167 0.20000 0.23047 -0.02645 0.01446 0.08290 0.12237 0.03757 -0.09637 0.15594 -0.18578 0.03277 0.07294 0.01877 0.09427 -0.06093 0.09189 0.20132 -0.22429 0.09579 -0.10313 0.04681 0.07510 -0.00643 0.08118 -0.04136 -0.04043 0.12251 0.19285
0.07633 0.09654 -0.20063 -0.11185 0.24538 -0.08566 -0.08013 -0.06044 0.15553 0.11590 -0.11765 0.04567 -0.13076 0.24965 0.07864 -0.15660 0.12629 -0.16017 0.10234 -0.02094 0.22273 -0.09640 0.19352 -0.14024 -0.07221 0.09331 -0.18914 -0.00852 0.18738 -0.01439 -0.00371 -0.19048 -0.09186 -0.09399 -0.10592 0.19781 -0.17077 0.17663 0.11315 -0.21210
0.06167 0.14432 0.09269 -0.15028 -0.06998 0.16108 0.17538 0.27646 0.06111 0.29828 0.13568 -0.14754 0.23730 -0.05761 -0.00811 0.00487 0.09941 -0.20272 0.05561 0.08339 0.05151 -0.06070 0.01899 0.15676 0.10207 0.20919 0.13562 0.11622 -0.08812 0.11517 0.15305 -0.09100 -0.20534 0.06706 -0.28903 -0.26508 -0.10943 -0.08003 -0.05986 -0.02764
-0.23211 0.20883 0.18365 0.18960 -0.10507 0.22960 -0.13973 -0.15424 -0.04452 0.06394 -0.18905 -0.10115 -0.09894 -0.10430 0.21873 0.12400 0.01653 -0.13379 -0.33006 -0.03718 0.09239 0.22476 0.08002 0.13767 0.29421 -0.06509 -0.17438 0.27483 -0.06486 -0.08934 -0.24946 -0.22575 0.30076 -0.00068 -0.05061 0.18154 -0.03563 0.08547 0.11630 0.43178
-0.04171 0.22502 0.08577 0.20850 -0.03025 0.09888 0.12392 0.01728 -0.20102 -0.15257 0.14104 0.40205 0.05965 0.22066 0.27457 0.06878 0.01324 0.11674 0.10879 0.15404 0.21172 0.34214 -0.14834 -0.10813 0.27540 0.14263 0.11509 0.09722 0.08815 0.00212 -0.08063 -0.06069 -0.18898 -0.04314 -0.06581 0.11695 0.22119 0.21367 -0.18542 -0.29766
0.04028 -0.07044 -0.10814 -0.10047 0.01203 0.04844 0.12959 -0.08682 0.14140 -0.14660 -0.02171 0.04220 0.02504 0.23481 -0.08563 -0.08857 -0.05807 0.16324 -0.10828 0.16634 0.17826 -0.12759 0.26168 0.34221 0.09241 0.20355 -0.02237 -0.12095 0.27892 -0.08265 -0.13181 0.01724 0.09345 0.02636 0.12407 -0.02695 -0.08384 0.19403 0.05460 -0.02409
0.12177 -0.19771 0.05941 0.10894 -0.10475 0.19138 0.17041 -0.13575 -0.13946 0.03034 0.08090 -0.26408 -0.02587 -0.13517 0.08712 -0.11987 0.05251 0.17352 0.17474 0.19387 0.25904 -0.21876 0.18440 -0.02265 -0.02426 0.08786 -0.14383 0.10573 0.17940 0.14386 0.05517 -0.12470 0.04247 0.13762 -0.00898 -0.09633 0.12037 0.07299 -0.14271 -0.13395
0.01283 -0.19337 0.04030 -0.11315 0.13383 -0.01661 -0.20715 0.03087 0.22007 0.26616 0.25670 -0.11732 -0.06224 0.04566 -0.16408 -0.27262 -0.03836 -0.16007 0.10949 0.31303 -0.00947 -0.25549 -0.13220 0.34473 0.13817 -0.19469 0.19875 0.24281 0.28713 0.20512 -0.03320 -0.16767 0.16487 -0.01728 0.16645 0.09989 0.13668 0.13802 0.12175 0.00459
-0.16500 0.10246 0.16306 0.13656 -0.04752 0.25569 -0.06709 -0.08522 -0.00049 0.09370 -0.17527 -0.07415 -0.07015 -0.06466 0.20633 0.08099 0.03829 -0.08888 -0.27938 -0.02392 0.11691 0.15762 0.08923 0.19362 0.27573 -0.05507 -0.17182 0.22258 -0.01307 -0.09578 -0.25048 -0.21151 0.26163 -0.01730 -0.03667 0.18107 -0.05536 0.01739 0.12334 0.32865
-0.26540 -0.20442 0.15814 0.18942 -0.17290 -0.07758 0.08606 0.04842 -0.09255 0.11599 0.05919 0.03231 -0.14022 0.18949 0.03127 -0.09883 -0.19707 0.11397 0.37366 -0.28859 -0.08173 -0.01553 -0.09073 -0.16138 0.11094 0.14282 -0.02874 0.16368 -0.04057 0.20649 -0.20306 -0.06769 -0.09758 0.15660 -0.10081 -0.21461 -0.06988 -0.24639 0.15507 0.24740
-0.08562 0.08163 0.18981 0.03481 -0.23487 -0.03648 -0.18001 -0.07037 -0.16173 -0.35383 -0.37915 -0.07188 0.14960 -0.33816 -0.09662 0.07448 0.00367 -0.07897 0.24908 -0.26162 -0.10687 0.14569 -0.03728 -0.19341 0.30859 0.29707 0.06050 0.24368 0.00012 -0.30305 0.35310 -0.03009 0.14663 -0.09312 -0.35876 -0.18982 -0.14699 -0.23106 -0.12162 -0.36220
0.09338 0.06346 0.07709 0.13457 0.07769 -0.05389 0.37543 -0.14245 0.15202 0.05816 0.07943 0.13785 -0.05387 0.20711 -0.09229 -0.25016 0.27182 -0.12045 -0.10857 0.00333 0.18860 -0.11793 -0.34121 0.03698 -0.09522 -0.18511 -0.10588 0.07649 0.27643 0.01005 -0.10042 0.11449 -0.13971 -0.02057 -0.06371 0.31630 -0.22293 -0.10236 -0.05027 -0.08315
0.18645 0.22061 0.01278 -0.27448 0.13257 -0.31325 0.21618 0.09986 0.18581 0.04404 0.04982 -0.09876 -0.19899 -0.23328 0.03967 -0.14027 -0.03427 -0.07935 -0.20562 -0.17151 -0.09056 -0.32701 -0.08732 0.28317 0.03569 -0.03610 -0.20335 0.06146 -0.04174 -0.05755 -0.10993 0.05148 -0.16950 -0.20094 -0.12025 -0.15338 -0.23137 0.02500 0.06055 0.03892
-0.07732 0.33417 -0.11246 0.30894 0.00351 -0.15268 -0.21215 0.15265 -0.11880 0.00061 0.39465 0.33993 0.16631 -0.02944 -0.06678 0.18934 0.12122 0.17816 -0.27067 0.24684 0.27796 0.31406 0.18077 0.06994 -0.26507 0.30311 0.04998 0.18976 -0.33926 0.35412 -0.18159 0.13201 0.07571 -0.19830 -0.30658 -0.12258 0.26338 0.07088 -0.12082 0.08293
-0.22229 -0.07003 -0.20024 -0.15373 -0.25126 0.22536 -0.22655 -0.24196 -0.13931 0.14764 0.01822 0.13538 -0.06362 -0.06186 -0.07992 -0.06926 0.23539 0.34851 -0.07390 -0.26628 -0.08448 0.11571 -0.17435 0.10912 -0.07129 0.25171 0.12163 -0.30709 0.19798 0.13289 0.03143 -0.27521 -0.35038 -0.21883 -0.25454 0.08753 -0.18262 0.04799 -0.08326 0.13102
-0.09398 -0.14187 -0.01412 0.00782 0.07879 0.14630 0.07087 0.13537 -0.15330 0.18500 0.23039 -0.25514 0.00104 -0.08940 0.06539 -0.03977 0.13429 -0.11168 0.17291 -0.24976 0.08480 -0.11573 0.07469 -0.06488 -0.19453 0.27837 0.01289 -0.16853 -0.06157 0.23468 0.23479 0.23143 -0.05010 0.30202 0.08530 0.01361 0.15332 -0.17129 -0.12338 -0.05846
-0.00563 -0.00475 -0.23969 -0.18474 0.28340 0.10406 0.28689 0.03012 -0.12209 0.12057 -0.02376 -0.06124 0.00015 0.25730 -0.04739 0.08479 -0.09971 0.06658 0.11263 -0.10252 0.12987 -0.06672 0.19800 -0.00565 -0.19034 0.01210 0.12826 -0.13625 0.18625 0.18905 -0.03138 0.01505 -0.19879 0.03408 0.07597 0.00447 0.16423 -0.14367 -0.13932 -0.13629
0.02210 -0.02055 0.17828 -0.10249 -0.11128 -0.11314 -0.35943 -0.09403 0.01343 -0.02566 -0.10927 -0.11950 0.02606 -0.00228 0.03706 0.11822 0.03316 0.04396 0.06658 0.12426 -0.31565 0.18480 0.09304 -0.31435 -0.08955 -0.25512 0.18427 0.15748 0.06706 0.01354 0.00782 0.04014 0.32406 0.21457 0.19746 0.16904 0.22135 0.01671 0.31990 0.11421
-0.17066 -0.11434 -0.05075 -0.06377 0.20240 0.34435 -0.04902 0.16201 0.22326 -0.05615 0.28814 -0.18720 -0.28539 0.25459 0.25474 0.31317 0.01971 -0.15304 0.32385 -0.11924 -0.07687 -0.26289 0.30285 -0.19131 0.02760 -0.15514 -0.05022 0.22493 -0.25405 -0.30105 -0.30189 0.11642 -0.06028 -0.07076 -0.11349 -0.32272 0.14105 0.14951 0.27479 -0.12929
0.14983 0.20567 -0.16848 -0.07530 -0.09560 -0.08254 0.04199 -0.02949 -0.22312 0.06938 0.06731 0.00367 0.02155 -0.25591 -0.06080 -0.13679 0.02746 -0.08761 -0.12249 0.07281 -0.02497 -0.16813 0.09561 -0.15557 0.05976 -0.03499 0.01042 -0.24191 0.08928 -0.02257 0.29061 0.50644 0.07614 -0.26172 -0.10455 -0.23910 0.02587 -0.32264 -0.03400 -0.11592
0.16270 0.30464 -0.06699 0.05678 0.16050 0.25904 -0.39417 -0.15922 -0.20739 -0.03922 -0.23792 -0.06083 0.15293 -0.15300 0.11048 0.17310 0.23699 -0.25352 0.28315 0.04616 0.13878 0.09890 0.30925 0.28489 -0.26982 0.23490 0.00590 0.21694 0.12759 -0.16614 0.33638 -0.13549 -0.15080 0.03674 0.24508 -0.39092 -0.10070 -0.05748 0.11481 0.12323
0.35855 -0.11545 -0.23485 0.36559 0.11793 -0.18639 -0.02775 -0.14073 -0.10958 -0.16292 -0.21006 -0.05944 0.36480 -0.19150 0.24313 -0.08016 -0.17022 -0.15937 -0.15087 -0.05105 -0.19332 0.21851 -0.02466 -0.23342 -0.05854 0.13486 -0.11389 -0.06835 -0.10614 0.32258 -0.21006 -0.15131 0.27014 0.11364 0.10698 0.12143 -0.16600 -0.08347 -0.26657 -0.17946
0.01965 -0.07480 -0.00680 -0.19656 0.05674 -0.51280 -0.11416 0.18066 -0.08258 -0.19916 0.04324 -0.02545 -0.05106 -0.14909 0.05885 0.05199 0.07308 0.03801 -0.04640 0.12693 0.24080 0.12029 0.05538 -0.08154 -0.09117 -0.28117 0.15025 -0.03294 -0.12688 -0.06069 0.02506 0.03690 -0.27215 -0.11275 0.08986 -0.08444 -0.01241 -0.18340 0.02336 -0.10285
0.29389 -0.30336 -0.08097 0.12937 0.19728 -0.21097 0.29284 0.13191 0.19748 0.11795 0.23599 -0.15120 -0.26278 0.16601 -0.06683 0.06817 0.17049 -0.21034 0.05456 -0.02583 0.00404 -0.26229 0.20102 0.17057 0.15587 0.05703 0.09596 -0.27510 0.00446 -0.15863 -0.03840 0.09117 -0.29897 0.13578 0.14354 0.05727 0.18643 -0.11604 -0.03982 -0.15246
-0.09404 0.03292 0.07831 -0.26411 0.04726 -0.13192 0.22715 -0.04297 -0.03809 -0.04494 0.01787 0.27652 0.02152 -0.03737 0.17168 -0.11163 -0.05607 0.17590 0.13391 0.15173 0.16495 0.00558 0.14581 0.02385 0.15426 0.27411 0.10525 0.07495 0.06139 -0.02553 0.21570 0.29937 0.08841 0.21581 0.03581 -0.06409 0.06806 -0.02077 -0.40182 0.07138
